/*--------------------------------*- C++ -*----------------------------------*\
| =========                 |                                                 |
| \\      /  F ield         | OpenFOAM: The Open Source CFD Toolbox           |
|  \\    /   O peration     | Version:  2406                                  |
|   \\  /    A nd           | Website:  www.openfoam.com                      |
|    \\/     M anipulation  |                                                 |
\*---------------------------------------------------------------------------*/
FoamFile
{
    version     2.0;
    format      ascii;
    arch        "LSB;label=32;scalar=64";
    note        "nPoints:5202  nCells:2500  nFaces:10100  nInternalFaces:4900";
    class       labelList;
    location    "constant/polyMesh";
    object      neighbour;
}
// * * * * * * * * * * * * * * * * * * * * * * * * * * * * * * * * * * * * * //


4900
(
1
8
2
9
3
10
4
11
5
12
6
13
7
14
15
400
9
16
10
17
11
18
12
19
13
20
14
21
15
22
23
442
17
24
18
25
19
26
20
27
21
28
22
29
23
30
31
484
25
32
26
33
27
34
28
35
29
36
30
37
31
38
39
526
33
40
34
41
35
42
36
43
37
44
38
45
39
46
47
568
41
48
42
49
43
50
44
51
45
52
46
53
47
54
55
610
49
56
50
57
51
58
52
59
53
60
54
61
55
62
63
652
57
64
58
65
59
66
60
67
61
68
62
69
63
70
71
694
65
72
66
73
67
74
68
75
69
76
70
77
71
78
79
736
73
80
74
81
75
82
76
83
77
84
78
85
79
86
87
778
81
88
82
89
83
90
84
91
85
92
86
93
87
94
95
820
89
96
90
97
91
98
92
99
93
100
94
101
95
102
103
862
97
104
98
105
99
106
100
107
101
108
102
109
103
110
111
904
105
112
106
113
107
114
108
115
109
116
110
117
111
118
119
946
113
120
114
121
115
122
116
123
117
124
118
125
119
126
127
988
121
128
122
129
123
130
124
131
125
132
126
133
127
134
135
1030
129
136
130
137
131
138
132
139
133
140
134
141
135
142
143
1072
137
144
138
145
139
146
140
147
141
148
142
149
143
150
151
1114
145
152
146
153
147
154
148
155
149
156
150
157
151
158
159
1156
153
160
154
161
155
162
156
163
157
164
158
165
159
166
167
1198
161
168
162
169
163
170
164
171
165
172
166
173
167
174
175
1240
169
176
170
177
171
178
172
179
173
180
174
181
175
182
183
1282
177
184
178
185
179
186
180
187
181
188
182
189
183
190
191
1324
185
192
186
193
187
194
188
195
189
196
190
197
191
198
199
1366
193
200
194
201
195
202
196
203
197
204
198
205
199
206
207
1408
201
208
202
209
203
210
204
211
205
212
206
213
207
214
215
1450
209
216
210
217
211
218
212
219
213
220
214
221
215
222
223
1492
217
224
218
225
219
226
220
227
221
228
222
229
223
230
231
1534
225
232
226
233
227
234
228
235
229
236
230
237
231
238
239
1576
233
240
234
241
235
242
236
243
237
244
238
245
239
246
247
1618
241
248
242
249
243
250
244
251
245
252
246
253
247
254
255
1660
249
256
250
257
251
258
252
259
253
260
254
261
255
262
263
1702
257
264
258
265
259
266
260
267
261
268
262
269
263
270
271
1744
265
272
266
273
267
274
268
275
269
276
270
277
271
278
279
1786
273
280
274
281
275
282
276
283
277
284
278
285
279
286
287
1828
281
288
282
289
283
290
284
291
285
292
286
293
287
294
295
1870
289
296
290
297
291
298
292
299
293
300
294
301
295
302
303
1912
297
304
298
305
299
306
300
307
301
308
302
309
303
310
311
1954
305
312
306
313
307
314
308
315
309
316
310
317
311
318
319
1996
313
320
314
321
315
322
316
323
317
324
318
325
319
326
327
2038
321
328
322
329
323
330
324
331
325
332
326
333
327
334
335
2080
329
336
330
337
331
338
332
339
333
340
334
341
335
342
343
2122
337
344
338
345
339
346
340
347
341
348
342
349
343
350
351
2164
345
352
346
353
347
354
348
355
349
356
350
357
351
358
359
2206
353
360
354
361
355
362
356
363
357
364
358
365
359
366
367
2248
361
368
362
369
363
370
364
371
365
372
366
373
367
374
375
2290
369
376
370
377
371
378
372
379
373
380
374
381
375
382
383
2332
377
384
378
385
379
386
380
387
381
388
382
389
383
390
391
2374
385
392
386
393
387
394
388
395
389
396
390
397
391
398
399
2416
393
394
395
396
397
398
399
2458
401
442
402
443
403
444
404
445
405
446
406
447
407
448
408
449
409
450
410
451
411
452
412
453
413
454
414
455
415
456
416
457
417
458
418
459
419
460
420
461
421
462
422
463
423
464
424
465
425
466
426
467
427
468
428
469
429
470
430
471
431
472
432
473
433
474
434
475
435
476
436
477
437
478
438
479
439
480
440
481
441
482
483
443
484
444
485
445
486
446
487
447
488
448
489
449
490
450
491
451
492
452
493
453
494
454
495
455
496
456
497
457
498
458
499
459
500
460
501
461
502
462
503
463
504
464
505
465
506
466
507
467
508
468
509
469
510
470
511
471
512
472
513
473
514
474
515
475
516
476
517
477
518
478
519
479
520
480
521
481
522
482
523
483
524
525
485
526
486
527
487
528
488
529
489
530
490
531
491
532
492
533
493
534
494
535
495
536
496
537
497
538
498
539
499
540
500
541
501
542
502
543
503
544
504
545
505
546
506
547
507
548
508
549
509
550
510
551
511
552
512
553
513
554
514
555
515
556
516
557
517
558
518
559
519
560
520
561
521
562
522
563
523
564
524
565
525
566
567
527
568
528
569
529
570
530
571
531
572
532
573
533
574
534
575
535
576
536
577
537
578
538
579
539
580
540
581
541
582
542
583
543
584
544
585
545
586
546
587
547
588
548
589
549
590
550
591
551
592
552
593
553
594
554
595
555
596
556
597
557
598
558
599
559
600
560
601
561
602
562
603
563
604
564
605
565
606
566
607
567
608
609
569
610
570
611
571
612
572
613
573
614
574
615
575
616
576
617
577
618
578
619
579
620
580
621
581
622
582
623
583
624
584
625
585
626
586
627
587
628
588
629
589
630
590
631
591
632
592
633
593
634
594
635
595
636
596
637
597
638
598
639
599
640
600
641
601
642
602
643
603
644
604
645
605
646
606
647
607
648
608
649
609
650
651
611
652
612
653
613
654
614
655
615
656
616
657
617
658
618
659
619
660
620
661
621
662
622
663
623
664
624
665
625
666
626
667
627
668
628
669
629
670
630
671
631
672
632
673
633
674
634
675
635
676
636
677
637
678
638
679
639
680
640
681
641
682
642
683
643
684
644
685
645
686
646
687
647
688
648
689
649
690
650
691
651
692
693
653
694
654
695
655
696
656
697
657
698
658
699
659
700
660
701
661
702
662
703
663
704
664
705
665
706
666
707
667
708
668
709
669
710
670
711
671
712
672
713
673
714
674
715
675
716
676
717
677
718
678
719
679
720
680
721
681
722
682
723
683
724
684
725
685
726
686
727
687
728
688
729
689
730
690
731
691
732
692
733
693
734
735
695
736
696
737
697
738
698
739
699
740
700
741
701
742
702
743
703
744
704
745
705
746
706
747
707
748
708
749
709
750
710
751
711
752
712
753
713
754
714
755
715
756
716
757
717
758
718
759
719
760
720
761
721
762
722
763
723
764
724
765
725
766
726
767
727
768
728
769
729
770
730
771
731
772
732
773
733
774
734
775
735
776
777
737
778
738
779
739
780
740
781
741
782
742
783
743
784
744
785
745
786
746
787
747
788
748
789
749
790
750
791
751
792
752
793
753
794
754
795
755
796
756
797
757
798
758
799
759
800
760
801
761
802
762
803
763
804
764
805
765
806
766
807
767
808
768
809
769
810
770
811
771
812
772
813
773
814
774
815
775
816
776
817
777
818
819
779
820
780
821
781
822
782
823
783
824
784
825
785
826
786
827
787
828
788
829
789
830
790
831
791
832
792
833
793
834
794
835
795
836
796
837
797
838
798
839
799
840
800
841
801
842
802
843
803
844
804
845
805
846
806
847
807
848
808
849
809
850
810
851
811
852
812
853
813
854
814
855
815
856
816
857
817
858
818
859
819
860
861
821
862
822
863
823
864
824
865
825
866
826
867
827
868
828
869
829
870
830
871
831
872
832
873
833
874
834
875
835
876
836
877
837
878
838
879
839
880
840
881
841
882
842
883
843
884
844
885
845
886
846
887
847
888
848
889
849
890
850
891
851
892
852
893
853
894
854
895
855
896
856
897
857
898
858
899
859
900
860
901
861
902
903
863
904
864
905
865
906
866
907
867
908
868
909
869
910
870
911
871
912
872
913
873
914
874
915
875
916
876
917
877
918
878
919
879
920
880
921
881
922
882
923
883
924
884
925
885
926
886
927
887
928
888
929
889
930
890
931
891
932
892
933
893
934
894
935
895
936
896
937
897
938
898
939
899
940
900
941
901
942
902
943
903
944
945
905
946
906
947
907
948
908
949
909
950
910
951
911
952
912
953
913
954
914
955
915
956
916
957
917
958
918
959
919
960
920
961
921
962
922
963
923
964
924
965
925
966
926
967
927
968
928
969
929
970
930
971
931
972
932
973
933
974
934
975
935
976
936
977
937
978
938
979
939
980
940
981
941
982
942
983
943
984
944
985
945
986
987
947
988
948
989
949
990
950
991
951
992
952
993
953
994
954
995
955
996
956
997
957
998
958
999
959
1000
960
1001
961
1002
962
1003
963
1004
964
1005
965
1006
966
1007
967
1008
968
1009
969
1010
970
1011
971
1012
972
1013
973
1014
974
1015
975
1016
976
1017
977
1018
978
1019
979
1020
980
1021
981
1022
982
1023
983
1024
984
1025
985
1026
986
1027
987
1028
1029
989
1030
990
1031
991
1032
992
1033
993
1034
994
1035
995
1036
996
1037
997
1038
998
1039
999
1040
1000
1041
1001
1042
1002
1043
1003
1044
1004
1045
1005
1046
1006
1047
1007
1048
1008
1049
1009
1050
1010
1051
1011
1052
1012
1053
1013
1054
1014
1055
1015
1056
1016
1057
1017
1058
1018
1059
1019
1060
1020
1061
1021
1062
1022
1063
1023
1064
1024
1065
1025
1066
1026
1067
1027
1068
1028
1069
1029
1070
1071
1031
1072
1032
1073
1033
1074
1034
1075
1035
1076
1036
1077
1037
1078
1038
1079
1039
1080
1040
1081
1041
1082
1042
1083
1043
1084
1044
1085
1045
1086
1046
1087
1047
1088
1048
1089
1049
1090
1050
1091
1051
1092
1052
1093
1053
1094
1054
1095
1055
1096
1056
1097
1057
1098
1058
1099
1059
1100
1060
1101
1061
1102
1062
1103
1063
1104
1064
1105
1065
1106
1066
1107
1067
1108
1068
1109
1069
1110
1070
1111
1071
1112
1113
1073
1114
1074
1115
1075
1116
1076
1117
1077
1118
1078
1119
1079
1120
1080
1121
1081
1122
1082
1123
1083
1124
1084
1125
1085
1126
1086
1127
1087
1128
1088
1129
1089
1130
1090
1131
1091
1132
1092
1133
1093
1134
1094
1135
1095
1136
1096
1137
1097
1138
1098
1139
1099
1140
1100
1141
1101
1142
1102
1143
1103
1144
1104
1145
1105
1146
1106
1147
1107
1148
1108
1149
1109
1150
1110
1151
1111
1152
1112
1153
1113
1154
1155
1115
1156
1116
1157
1117
1158
1118
1159
1119
1160
1120
1161
1121
1162
1122
1163
1123
1164
1124
1165
1125
1166
1126
1167
1127
1168
1128
1169
1129
1170
1130
1171
1131
1172
1132
1173
1133
1174
1134
1175
1135
1176
1136
1177
1137
1178
1138
1179
1139
1180
1140
1181
1141
1182
1142
1183
1143
1184
1144
1185
1145
1186
1146
1187
1147
1188
1148
1189
1149
1190
1150
1191
1151
1192
1152
1193
1153
1194
1154
1195
1155
1196
1197
1157
1198
1158
1199
1159
1200
1160
1201
1161
1202
1162
1203
1163
1204
1164
1205
1165
1206
1166
1207
1167
1208
1168
1209
1169
1210
1170
1211
1171
1212
1172
1213
1173
1214
1174
1215
1175
1216
1176
1217
1177
1218
1178
1219
1179
1220
1180
1221
1181
1222
1182
1223
1183
1224
1184
1225
1185
1226
1186
1227
1187
1228
1188
1229
1189
1230
1190
1231
1191
1232
1192
1233
1193
1234
1194
1235
1195
1236
1196
1237
1197
1238
1239
1199
1240
1200
1241
1201
1242
1202
1243
1203
1244
1204
1245
1205
1246
1206
1247
1207
1248
1208
1249
1209
1250
1210
1251
1211
1252
1212
1253
1213
1254
1214
1255
1215
1256
1216
1257
1217
1258
1218
1259
1219
1260
1220
1261
1221
1262
1222
1263
1223
1264
1224
1265
1225
1266
1226
1267
1227
1268
1228
1269
1229
1270
1230
1271
1231
1272
1232
1273
1233
1274
1234
1275
1235
1276
1236
1277
1237
1278
1238
1279
1239
1280
1281
1241
1282
1242
1283
1243
1284
1244
1285
1245
1286
1246
1287
1247
1288
1248
1289
1249
1290
1250
1291
1251
1292
1252
1293
1253
1294
1254
1295
1255
1296
1256
1297
1257
1298
1258
1299
1259
1300
1260
1301
1261
1302
1262
1303
1263
1304
1264
1305
1265
1306
1266
1307
1267
1308
1268
1309
1269
1310
1270
1311
1271
1312
1272
1313
1273
1314
1274
1315
1275
1316
1276
1317
1277
1318
1278
1319
1279
1320
1280
1321
1281
1322
1323
1283
1324
1284
1325
1285
1326
1286
1327
1287
1328
1288
1329
1289
1330
1290
1331
1291
1332
1292
1333
1293
1334
1294
1335
1295
1336
1296
1337
1297
1338
1298
1339
1299
1340
1300
1341
1301
1342
1302
1343
1303
1344
1304
1345
1305
1346
1306
1347
1307
1348
1308
1349
1309
1350
1310
1351
1311
1352
1312
1353
1313
1354
1314
1355
1315
1356
1316
1357
1317
1358
1318
1359
1319
1360
1320
1361
1321
1362
1322
1363
1323
1364
1365
1325
1366
1326
1367
1327
1368
1328
1369
1329
1370
1330
1371
1331
1372
1332
1373
1333
1374
1334
1375
1335
1376
1336
1377
1337
1378
1338
1379
1339
1380
1340
1381
1341
1382
1342
1383
1343
1384
1344
1385
1345
1386
1346
1387
1347
1388
1348
1389
1349
1390
1350
1391
1351
1392
1352
1393
1353
1394
1354
1395
1355
1396
1356
1397
1357
1398
1358
1399
1359
1400
1360
1401
1361
1402
1362
1403
1363
1404
1364
1405
1365
1406
1407
1367
1408
1368
1409
1369
1410
1370
1411
1371
1412
1372
1413
1373
1414
1374
1415
1375
1416
1376
1417
1377
1418
1378
1419
1379
1420
1380
1421
1381
1422
1382
1423
1383
1424
1384
1425
1385
1426
1386
1427
1387
1428
1388
1429
1389
1430
1390
1431
1391
1432
1392
1433
1393
1434
1394
1435
1395
1436
1396
1437
1397
1438
1398
1439
1399
1440
1400
1441
1401
1442
1402
1443
1403
1444
1404
1445
1405
1446
1406
1447
1407
1448
1449
1409
1450
1410
1451
1411
1452
1412
1453
1413
1454
1414
1455
1415
1456
1416
1457
1417
1458
1418
1459
1419
1460
1420
1461
1421
1462
1422
1463
1423
1464
1424
1465
1425
1466
1426
1467
1427
1468
1428
1469
1429
1470
1430
1471
1431
1472
1432
1473
1433
1474
1434
1475
1435
1476
1436
1477
1437
1478
1438
1479
1439
1480
1440
1481
1441
1482
1442
1483
1443
1484
1444
1485
1445
1486
1446
1487
1447
1488
1448
1489
1449
1490
1491
1451
1492
1452
1493
1453
1494
1454
1495
1455
1496
1456
1497
1457
1498
1458
1499
1459
1500
1460
1501
1461
1502
1462
1503
1463
1504
1464
1505
1465
1506
1466
1507
1467
1508
1468
1509
1469
1510
1470
1511
1471
1512
1472
1513
1473
1514
1474
1515
1475
1516
1476
1517
1477
1518
1478
1519
1479
1520
1480
1521
1481
1522
1482
1523
1483
1524
1484
1525
1485
1526
1486
1527
1487
1528
1488
1529
1489
1530
1490
1531
1491
1532
1533
1493
1534
1494
1535
1495
1536
1496
1537
1497
1538
1498
1539
1499
1540
1500
1541
1501
1542
1502
1543
1503
1544
1504
1545
1505
1546
1506
1547
1507
1548
1508
1549
1509
1550
1510
1551
1511
1552
1512
1553
1513
1554
1514
1555
1515
1556
1516
1557
1517
1558
1518
1559
1519
1560
1520
1561
1521
1562
1522
1563
1523
1564
1524
1565
1525
1566
1526
1567
1527
1568
1528
1569
1529
1570
1530
1571
1531
1572
1532
1573
1533
1574
1575
1535
1576
1536
1577
1537
1578
1538
1579
1539
1580
1540
1581
1541
1582
1542
1583
1543
1584
1544
1585
1545
1586
1546
1587
1547
1588
1548
1589
1549
1590
1550
1591
1551
1592
1552
1593
1553
1594
1554
1595
1555
1596
1556
1597
1557
1598
1558
1599
1559
1600
1560
1601
1561
1602
1562
1603
1563
1604
1564
1605
1565
1606
1566
1607
1567
1608
1568
1609
1569
1610
1570
1611
1571
1612
1572
1613
1573
1614
1574
1615
1575
1616
1617
1577
1618
1578
1619
1579
1620
1580
1621
1581
1622
1582
1623
1583
1624
1584
1625
1585
1626
1586
1627
1587
1628
1588
1629
1589
1630
1590
1631
1591
1632
1592
1633
1593
1634
1594
1635
1595
1636
1596
1637
1597
1638
1598
1639
1599
1640
1600
1641
1601
1642
1602
1643
1603
1644
1604
1645
1605
1646
1606
1647
1607
1648
1608
1649
1609
1650
1610
1651
1611
1652
1612
1653
1613
1654
1614
1655
1615
1656
1616
1657
1617
1658
1659
1619
1660
1620
1661
1621
1662
1622
1663
1623
1664
1624
1665
1625
1666
1626
1667
1627
1668
1628
1669
1629
1670
1630
1671
1631
1672
1632
1673
1633
1674
1634
1675
1635
1676
1636
1677
1637
1678
1638
1679
1639
1680
1640
1681
1641
1682
1642
1683
1643
1684
1644
1685
1645
1686
1646
1687
1647
1688
1648
1689
1649
1690
1650
1691
1651
1692
1652
1693
1653
1694
1654
1695
1655
1696
1656
1697
1657
1698
1658
1699
1659
1700
1701
1661
1702
1662
1703
1663
1704
1664
1705
1665
1706
1666
1707
1667
1708
1668
1709
1669
1710
1670
1711
1671
1712
1672
1713
1673
1714
1674
1715
1675
1716
1676
1717
1677
1718
1678
1719
1679
1720
1680
1721
1681
1722
1682
1723
1683
1724
1684
1725
1685
1726
1686
1727
1687
1728
1688
1729
1689
1730
1690
1731
1691
1732
1692
1733
1693
1734
1694
1735
1695
1736
1696
1737
1697
1738
1698
1739
1699
1740
1700
1741
1701
1742
1743
1703
1744
1704
1745
1705
1746
1706
1747
1707
1748
1708
1749
1709
1750
1710
1751
1711
1752
1712
1753
1713
1754
1714
1755
1715
1756
1716
1757
1717
1758
1718
1759
1719
1760
1720
1761
1721
1762
1722
1763
1723
1764
1724
1765
1725
1766
1726
1767
1727
1768
1728
1769
1729
1770
1730
1771
1731
1772
1732
1773
1733
1774
1734
1775
1735
1776
1736
1777
1737
1778
1738
1779
1739
1780
1740
1781
1741
1782
1742
1783
1743
1784
1785
1745
1786
1746
1787
1747
1788
1748
1789
1749
1790
1750
1791
1751
1792
1752
1793
1753
1794
1754
1795
1755
1796
1756
1797
1757
1798
1758
1799
1759
1800
1760
1801
1761
1802
1762
1803
1763
1804
1764
1805
1765
1806
1766
1807
1767
1808
1768
1809
1769
1810
1770
1811
1771
1812
1772
1813
1773
1814
1774
1815
1775
1816
1776
1817
1777
1818
1778
1819
1779
1820
1780
1821
1781
1822
1782
1823
1783
1824
1784
1825
1785
1826
1827
1787
1828
1788
1829
1789
1830
1790
1831
1791
1832
1792
1833
1793
1834
1794
1835
1795
1836
1796
1837
1797
1838
1798
1839
1799
1840
1800
1841
1801
1842
1802
1843
1803
1844
1804
1845
1805
1846
1806
1847
1807
1848
1808
1849
1809
1850
1810
1851
1811
1852
1812
1853
1813
1854
1814
1855
1815
1856
1816
1857
1817
1858
1818
1859
1819
1860
1820
1861
1821
1862
1822
1863
1823
1864
1824
1865
1825
1866
1826
1867
1827
1868
1869
1829
1870
1830
1871
1831
1872
1832
1873
1833
1874
1834
1875
1835
1876
1836
1877
1837
1878
1838
1879
1839
1880
1840
1881
1841
1882
1842
1883
1843
1884
1844
1885
1845
1886
1846
1887
1847
1888
1848
1889
1849
1890
1850
1891
1851
1892
1852
1893
1853
1894
1854
1895
1855
1896
1856
1897
1857
1898
1858
1899
1859
1900
1860
1901
1861
1902
1862
1903
1863
1904
1864
1905
1865
1906
1866
1907
1867
1908
1868
1909
1869
1910
1911
1871
1912
1872
1913
1873
1914
1874
1915
1875
1916
1876
1917
1877
1918
1878
1919
1879
1920
1880
1921
1881
1922
1882
1923
1883
1924
1884
1925
1885
1926
1886
1927
1887
1928
1888
1929
1889
1930
1890
1931
1891
1932
1892
1933
1893
1934
1894
1935
1895
1936
1896
1937
1897
1938
1898
1939
1899
1940
1900
1941
1901
1942
1902
1943
1903
1944
1904
1945
1905
1946
1906
1947
1907
1948
1908
1949
1909
1950
1910
1951
1911
1952
1953
1913
1954
1914
1955
1915
1956
1916
1957
1917
1958
1918
1959
1919
1960
1920
1961
1921
1962
1922
1963
1923
1964
1924
1965
1925
1966
1926
1967
1927
1968
1928
1969
1929
1970
1930
1971
1931
1972
1932
1973
1933
1974
1934
1975
1935
1976
1936
1977
1937
1978
1938
1979
1939
1980
1940
1981
1941
1982
1942
1983
1943
1984
1944
1985
1945
1986
1946
1987
1947
1988
1948
1989
1949
1990
1950
1991
1951
1992
1952
1993
1953
1994
1995
1955
1996
1956
1997
1957
1998
1958
1999
1959
2000
1960
2001
1961
2002
1962
2003
1963
2004
1964
2005
1965
2006
1966
2007
1967
2008
1968
2009
1969
2010
1970
2011
1971
2012
1972
2013
1973
2014
1974
2015
1975
2016
1976
2017
1977
2018
1978
2019
1979
2020
1980
2021
1981
2022
1982
2023
1983
2024
1984
2025
1985
2026
1986
2027
1987
2028
1988
2029
1989
2030
1990
2031
1991
2032
1992
2033
1993
2034
1994
2035
1995
2036
2037
1997
2038
1998
2039
1999
2040
2000
2041
2001
2042
2002
2043
2003
2044
2004
2045
2005
2046
2006
2047
2007
2048
2008
2049
2009
2050
2010
2051
2011
2052
2012
2053
2013
2054
2014
2055
2015
2056
2016
2057
2017
2058
2018
2059
2019
2060
2020
2061
2021
2062
2022
2063
2023
2064
2024
2065
2025
2066
2026
2067
2027
2068
2028
2069
2029
2070
2030
2071
2031
2072
2032
2073
2033
2074
2034
2075
2035
2076
2036
2077
2037
2078
2079
2039
2080
2040
2081
2041
2082
2042
2083
2043
2084
2044
2085
2045
2086
2046
2087
2047
2088
2048
2089
2049
2090
2050
2091
2051
2092
2052
2093
2053
2094
2054
2095
2055
2096
2056
2097
2057
2098
2058
2099
2059
2100
2060
2101
2061
2102
2062
2103
2063
2104
2064
2105
2065
2106
2066
2107
2067
2108
2068
2109
2069
2110
2070
2111
2071
2112
2072
2113
2073
2114
2074
2115
2075
2116
2076
2117
2077
2118
2078
2119
2079
2120
2121
2081
2122
2082
2123
2083
2124
2084
2125
2085
2126
2086
2127
2087
2128
2088
2129
2089
2130
2090
2131
2091
2132
2092
2133
2093
2134
2094
2135
2095
2136
2096
2137
2097
2138
2098
2139
2099
2140
2100
2141
2101
2142
2102
2143
2103
2144
2104
2145
2105
2146
2106
2147
2107
2148
2108
2149
2109
2150
2110
2151
2111
2152
2112
2153
2113
2154
2114
2155
2115
2156
2116
2157
2117
2158
2118
2159
2119
2160
2120
2161
2121
2162
2163
2123
2164
2124
2165
2125
2166
2126
2167
2127
2168
2128
2169
2129
2170
2130
2171
2131
2172
2132
2173
2133
2174
2134
2175
2135
2176
2136
2177
2137
2178
2138
2179
2139
2180
2140
2181
2141
2182
2142
2183
2143
2184
2144
2185
2145
2186
2146
2187
2147
2188
2148
2189
2149
2190
2150
2191
2151
2192
2152
2193
2153
2194
2154
2195
2155
2196
2156
2197
2157
2198
2158
2199
2159
2200
2160
2201
2161
2202
2162
2203
2163
2204
2205
2165
2206
2166
2207
2167
2208
2168
2209
2169
2210
2170
2211
2171
2212
2172
2213
2173
2214
2174
2215
2175
2216
2176
2217
2177
2218
2178
2219
2179
2220
2180
2221
2181
2222
2182
2223
2183
2224
2184
2225
2185
2226
2186
2227
2187
2228
2188
2229
2189
2230
2190
2231
2191
2232
2192
2233
2193
2234
2194
2235
2195
2236
2196
2237
2197
2238
2198
2239
2199
2240
2200
2241
2201
2242
2202
2243
2203
2244
2204
2245
2205
2246
2247
2207
2248
2208
2249
2209
2250
2210
2251
2211
2252
2212
2253
2213
2254
2214
2255
2215
2256
2216
2257
2217
2258
2218
2259
2219
2260
2220
2261
2221
2262
2222
2263
2223
2264
2224
2265
2225
2266
2226
2267
2227
2268
2228
2269
2229
2270
2230
2271
2231
2272
2232
2273
2233
2274
2234
2275
2235
2276
2236
2277
2237
2278
2238
2279
2239
2280
2240
2281
2241
2282
2242
2283
2243
2284
2244
2285
2245
2286
2246
2287
2247
2288
2289
2249
2290
2250
2291
2251
2292
2252
2293
2253
2294
2254
2295
2255
2296
2256
2297
2257
2298
2258
2299
2259
2300
2260
2301
2261
2302
2262
2303
2263
2304
2264
2305
2265
2306
2266
2307
2267
2308
2268
2309
2269
2310
2270
2311
2271
2312
2272
2313
2273
2314
2274
2315
2275
2316
2276
2317
2277
2318
2278
2319
2279
2320
2280
2321
2281
2322
2282
2323
2283
2324
2284
2325
2285
2326
2286
2327
2287
2328
2288
2329
2289
2330
2331
2291
2332
2292
2333
2293
2334
2294
2335
2295
2336
2296
2337
2297
2338
2298
2339
2299
2340
2300
2341
2301
2342
2302
2343
2303
2344
2304
2345
2305
2346
2306
2347
2307
2348
2308
2349
2309
2350
2310
2351
2311
2352
2312
2353
2313
2354
2314
2355
2315
2356
2316
2357
2317
2358
2318
2359
2319
2360
2320
2361
2321
2362
2322
2363
2323
2364
2324
2365
2325
2366
2326
2367
2327
2368
2328
2369
2329
2370
2330
2371
2331
2372
2373
2333
2374
2334
2375
2335
2376
2336
2377
2337
2378
2338
2379
2339
2380
2340
2381
2341
2382
2342
2383
2343
2384
2344
2385
2345
2386
2346
2387
2347
2388
2348
2389
2349
2390
2350
2391
2351
2392
2352
2393
2353
2394
2354
2395
2355
2396
2356
2397
2357
2398
2358
2399
2359
2400
2360
2401
2361
2402
2362
2403
2363
2404
2364
2405
2365
2406
2366
2407
2367
2408
2368
2409
2369
2410
2370
2411
2371
2412
2372
2413
2373
2414
2415
2375
2416
2376
2417
2377
2418
2378
2419
2379
2420
2380
2421
2381
2422
2382
2423
2383
2424
2384
2425
2385
2426
2386
2427
2387
2428
2388
2429
2389
2430
2390
2431
2391
2432
2392
2433
2393
2434
2394
2435
2395
2436
2396
2437
2397
2438
2398
2439
2399
2440
2400
2441
2401
2442
2402
2443
2403
2444
2404
2445
2405
2446
2406
2447
2407
2448
2408
2449
2409
2450
2410
2451
2411
2452
2412
2453
2413
2454
2414
2455
2415
2456
2457
2417
2458
2418
2459
2419
2460
2420
2461
2421
2462
2422
2463
2423
2464
2424
2465
2425
2466
2426
2467
2427
2468
2428
2469
2429
2470
2430
2471
2431
2472
2432
2473
2433
2474
2434
2475
2435
2476
2436
2477
2437
2478
2438
2479
2439
2480
2440
2481
2441
2482
2442
2483
2443
2484
2444
2485
2445
2486
2446
2487
2447
2488
2448
2489
2449
2490
2450
2491
2451
2492
2452
2493
2453
2494
2454
2495
2455
2496
2456
2497
2457
2498
2499
2459
2460
2461
2462
2463
2464
2465
2466
2467
2468
2469
2470
2471
2472
2473
2474
2475
2476
2477
2478
2479
2480
2481
2482
2483
2484
2485
2486
2487
2488
2489
2490
2491
2492
2493
2494
2495
2496
2497
2498
2499
)


// ************************************************************************* //
