/*--------------------------------*- C++ -*----------------------------------*\
| =========                 |                                                 |
| \\      /  F ield         | OpenFOAM: The Open Source CFD Toolbox           |
|  \\    /   O peration     | Version:  2406                                  |
|   \\  /    A nd           | Website:  www.openfoam.com                      |
|    \\/     M anipulation  |                                                 |
\*---------------------------------------------------------------------------*/
FoamFile
{
    version     2.0;
    format      ascii;
    arch        "LSB;label=32;scalar=64";
    note        "nPoints:5202  nCells:2500  nFaces:10100  nInternalFaces:4900";
    class       labelList;
    location    "constant/polyMesh";
    object      owner;
}
// * * * * * * * * * * * * * * * * * * * * * * * * * * * * * * * * * * * * * //


10100
(
0
0
1
1
2
2
3
3
4
4
5
5
6
6
7
7
8
8
9
9
10
10
11
11
12
12
13
13
14
14
15
15
16
16
17
17
18
18
19
19
20
20
21
21
22
22
23
23
24
24
25
25
26
26
27
27
28
28
29
29
30
30
31
31
32
32
33
33
34
34
35
35
36
36
37
37
38
38
39
39
40
40
41
41
42
42
43
43
44
44
45
45
46
46
47
47
48
48
49
49
50
50
51
51
52
52
53
53
54
54
55
55
56
56
57
57
58
58
59
59
60
60
61
61
62
62
63
63
64
64
65
65
66
66
67
67
68
68
69
69
70
70
71
71
72
72
73
73
74
74
75
75
76
76
77
77
78
78
79
79
80
80
81
81
82
82
83
83
84
84
85
85
86
86
87
87
88
88
89
89
90
90
91
91
92
92
93
93
94
94
95
95
96
96
97
97
98
98
99
99
100
100
101
101
102
102
103
103
104
104
105
105
106
106
107
107
108
108
109
109
110
110
111
111
112
112
113
113
114
114
115
115
116
116
117
117
118
118
119
119
120
120
121
121
122
122
123
123
124
124
125
125
126
126
127
127
128
128
129
129
130
130
131
131
132
132
133
133
134
134
135
135
136
136
137
137
138
138
139
139
140
140
141
141
142
142
143
143
144
144
145
145
146
146
147
147
148
148
149
149
150
150
151
151
152
152
153
153
154
154
155
155
156
156
157
157
158
158
159
159
160
160
161
161
162
162
163
163
164
164
165
165
166
166
167
167
168
168
169
169
170
170
171
171
172
172
173
173
174
174
175
175
176
176
177
177
178
178
179
179
180
180
181
181
182
182
183
183
184
184
185
185
186
186
187
187
188
188
189
189
190
190
191
191
192
192
193
193
194
194
195
195
196
196
197
197
198
198
199
199
200
200
201
201
202
202
203
203
204
204
205
205
206
206
207
207
208
208
209
209
210
210
211
211
212
212
213
213
214
214
215
215
216
216
217
217
218
218
219
219
220
220
221
221
222
222
223
223
224
224
225
225
226
226
227
227
228
228
229
229
230
230
231
231
232
232
233
233
234
234
235
235
236
236
237
237
238
238
239
239
240
240
241
241
242
242
243
243
244
244
245
245
246
246
247
247
248
248
249
249
250
250
251
251
252
252
253
253
254
254
255
255
256
256
257
257
258
258
259
259
260
260
261
261
262
262
263
263
264
264
265
265
266
266
267
267
268
268
269
269
270
270
271
271
272
272
273
273
274
274
275
275
276
276
277
277
278
278
279
279
280
280
281
281
282
282
283
283
284
284
285
285
286
286
287
287
288
288
289
289
290
290
291
291
292
292
293
293
294
294
295
295
296
296
297
297
298
298
299
299
300
300
301
301
302
302
303
303
304
304
305
305
306
306
307
307
308
308
309
309
310
310
311
311
312
312
313
313
314
314
315
315
316
316
317
317
318
318
319
319
320
320
321
321
322
322
323
323
324
324
325
325
326
326
327
327
328
328
329
329
330
330
331
331
332
332
333
333
334
334
335
335
336
336
337
337
338
338
339
339
340
340
341
341
342
342
343
343
344
344
345
345
346
346
347
347
348
348
349
349
350
350
351
351
352
352
353
353
354
354
355
355
356
356
357
357
358
358
359
359
360
360
361
361
362
362
363
363
364
364
365
365
366
366
367
367
368
368
369
369
370
370
371
371
372
372
373
373
374
374
375
375
376
376
377
377
378
378
379
379
380
380
381
381
382
382
383
383
384
384
385
385
386
386
387
387
388
388
389
389
390
390
391
391
392
393
394
395
396
397
398
399
400
400
401
401
402
402
403
403
404
404
405
405
406
406
407
407
408
408
409
409
410
410
411
411
412
412
413
413
414
414
415
415
416
416
417
417
418
418
419
419
420
420
421
421
422
422
423
423
424
424
425
425
426
426
427
427
428
428
429
429
430
430
431
431
432
432
433
433
434
434
435
435
436
436
437
437
438
438
439
439
440
440
441
442
442
443
443
444
444
445
445
446
446
447
447
448
448
449
449
450
450
451
451
452
452
453
453
454
454
455
455
456
456
457
457
458
458
459
459
460
460
461
461
462
462
463
463
464
464
465
465
466
466
467
467
468
468
469
469
470
470
471
471
472
472
473
473
474
474
475
475
476
476
477
477
478
478
479
479
480
480
481
481
482
482
483
484
484
485
485
486
486
487
487
488
488
489
489
490
490
491
491
492
492
493
493
494
494
495
495
496
496
497
497
498
498
499
499
500
500
501
501
502
502
503
503
504
504
505
505
506
506
507
507
508
508
509
509
510
510
511
511
512
512
513
513
514
514
515
515
516
516
517
517
518
518
519
519
520
520
521
521
522
522
523
523
524
524
525
526
526
527
527
528
528
529
529
530
530
531
531
532
532
533
533
534
534
535
535
536
536
537
537
538
538
539
539
540
540
541
541
542
542
543
543
544
544
545
545
546
546
547
547
548
548
549
549
550
550
551
551
552
552
553
553
554
554
555
555
556
556
557
557
558
558
559
559
560
560
561
561
562
562
563
563
564
564
565
565
566
566
567
568
568
569
569
570
570
571
571
572
572
573
573
574
574
575
575
576
576
577
577
578
578
579
579
580
580
581
581
582
582
583
583
584
584
585
585
586
586
587
587
588
588
589
589
590
590
591
591
592
592
593
593
594
594
595
595
596
596
597
597
598
598
599
599
600
600
601
601
602
602
603
603
604
604
605
605
606
606
607
607
608
608
609
610
610
611
611
612
612
613
613
614
614
615
615
616
616
617
617
618
618
619
619
620
620
621
621
622
622
623
623
624
624
625
625
626
626
627
627
628
628
629
629
630
630
631
631
632
632
633
633
634
634
635
635
636
636
637
637
638
638
639
639
640
640
641
641
642
642
643
643
644
644
645
645
646
646
647
647
648
648
649
649
650
650
651
652
652
653
653
654
654
655
655
656
656
657
657
658
658
659
659
660
660
661
661
662
662
663
663
664
664
665
665
666
666
667
667
668
668
669
669
670
670
671
671
672
672
673
673
674
674
675
675
676
676
677
677
678
678
679
679
680
680
681
681
682
682
683
683
684
684
685
685
686
686
687
687
688
688
689
689
690
690
691
691
692
692
693
694
694
695
695
696
696
697
697
698
698
699
699
700
700
701
701
702
702
703
703
704
704
705
705
706
706
707
707
708
708
709
709
710
710
711
711
712
712
713
713
714
714
715
715
716
716
717
717
718
718
719
719
720
720
721
721
722
722
723
723
724
724
725
725
726
726
727
727
728
728
729
729
730
730
731
731
732
732
733
733
734
734
735
736
736
737
737
738
738
739
739
740
740
741
741
742
742
743
743
744
744
745
745
746
746
747
747
748
748
749
749
750
750
751
751
752
752
753
753
754
754
755
755
756
756
757
757
758
758
759
759
760
760
761
761
762
762
763
763
764
764
765
765
766
766
767
767
768
768
769
769
770
770
771
771
772
772
773
773
774
774
775
775
776
776
777
778
778
779
779
780
780
781
781
782
782
783
783
784
784
785
785
786
786
787
787
788
788
789
789
790
790
791
791
792
792
793
793
794
794
795
795
796
796
797
797
798
798
799
799
800
800
801
801
802
802
803
803
804
804
805
805
806
806
807
807
808
808
809
809
810
810
811
811
812
812
813
813
814
814
815
815
816
816
817
817
818
818
819
820
820
821
821
822
822
823
823
824
824
825
825
826
826
827
827
828
828
829
829
830
830
831
831
832
832
833
833
834
834
835
835
836
836
837
837
838
838
839
839
840
840
841
841
842
842
843
843
844
844
845
845
846
846
847
847
848
848
849
849
850
850
851
851
852
852
853
853
854
854
855
855
856
856
857
857
858
858
859
859
860
860
861
862
862
863
863
864
864
865
865
866
866
867
867
868
868
869
869
870
870
871
871
872
872
873
873
874
874
875
875
876
876
877
877
878
878
879
879
880
880
881
881
882
882
883
883
884
884
885
885
886
886
887
887
888
888
889
889
890
890
891
891
892
892
893
893
894
894
895
895
896
896
897
897
898
898
899
899
900
900
901
901
902
902
903
904
904
905
905
906
906
907
907
908
908
909
909
910
910
911
911
912
912
913
913
914
914
915
915
916
916
917
917
918
918
919
919
920
920
921
921
922
922
923
923
924
924
925
925
926
926
927
927
928
928
929
929
930
930
931
931
932
932
933
933
934
934
935
935
936
936
937
937
938
938
939
939
940
940
941
941
942
942
943
943
944
944
945
946
946
947
947
948
948
949
949
950
950
951
951
952
952
953
953
954
954
955
955
956
956
957
957
958
958
959
959
960
960
961
961
962
962
963
963
964
964
965
965
966
966
967
967
968
968
969
969
970
970
971
971
972
972
973
973
974
974
975
975
976
976
977
977
978
978
979
979
980
980
981
981
982
982
983
983
984
984
985
985
986
986
987
988
988
989
989
990
990
991
991
992
992
993
993
994
994
995
995
996
996
997
997
998
998
999
999
1000
1000
1001
1001
1002
1002
1003
1003
1004
1004
1005
1005
1006
1006
1007
1007
1008
1008
1009
1009
1010
1010
1011
1011
1012
1012
1013
1013
1014
1014
1015
1015
1016
1016
1017
1017
1018
1018
1019
1019
1020
1020
1021
1021
1022
1022
1023
1023
1024
1024
1025
1025
1026
1026
1027
1027
1028
1028
1029
1030
1030
1031
1031
1032
1032
1033
1033
1034
1034
1035
1035
1036
1036
1037
1037
1038
1038
1039
1039
1040
1040
1041
1041
1042
1042
1043
1043
1044
1044
1045
1045
1046
1046
1047
1047
1048
1048
1049
1049
1050
1050
1051
1051
1052
1052
1053
1053
1054
1054
1055
1055
1056
1056
1057
1057
1058
1058
1059
1059
1060
1060
1061
1061
1062
1062
1063
1063
1064
1064
1065
1065
1066
1066
1067
1067
1068
1068
1069
1069
1070
1070
1071
1072
1072
1073
1073
1074
1074
1075
1075
1076
1076
1077
1077
1078
1078
1079
1079
1080
1080
1081
1081
1082
1082
1083
1083
1084
1084
1085
1085
1086
1086
1087
1087
1088
1088
1089
1089
1090
1090
1091
1091
1092
1092
1093
1093
1094
1094
1095
1095
1096
1096
1097
1097
1098
1098
1099
1099
1100
1100
1101
1101
1102
1102
1103
1103
1104
1104
1105
1105
1106
1106
1107
1107
1108
1108
1109
1109
1110
1110
1111
1111
1112
1112
1113
1114
1114
1115
1115
1116
1116
1117
1117
1118
1118
1119
1119
1120
1120
1121
1121
1122
1122
1123
1123
1124
1124
1125
1125
1126
1126
1127
1127
1128
1128
1129
1129
1130
1130
1131
1131
1132
1132
1133
1133
1134
1134
1135
1135
1136
1136
1137
1137
1138
1138
1139
1139
1140
1140
1141
1141
1142
1142
1143
1143
1144
1144
1145
1145
1146
1146
1147
1147
1148
1148
1149
1149
1150
1150
1151
1151
1152
1152
1153
1153
1154
1154
1155
1156
1156
1157
1157
1158
1158
1159
1159
1160
1160
1161
1161
1162
1162
1163
1163
1164
1164
1165
1165
1166
1166
1167
1167
1168
1168
1169
1169
1170
1170
1171
1171
1172
1172
1173
1173
1174
1174
1175
1175
1176
1176
1177
1177
1178
1178
1179
1179
1180
1180
1181
1181
1182
1182
1183
1183
1184
1184
1185
1185
1186
1186
1187
1187
1188
1188
1189
1189
1190
1190
1191
1191
1192
1192
1193
1193
1194
1194
1195
1195
1196
1196
1197
1198
1198
1199
1199
1200
1200
1201
1201
1202
1202
1203
1203
1204
1204
1205
1205
1206
1206
1207
1207
1208
1208
1209
1209
1210
1210
1211
1211
1212
1212
1213
1213
1214
1214
1215
1215
1216
1216
1217
1217
1218
1218
1219
1219
1220
1220
1221
1221
1222
1222
1223
1223
1224
1224
1225
1225
1226
1226
1227
1227
1228
1228
1229
1229
1230
1230
1231
1231
1232
1232
1233
1233
1234
1234
1235
1235
1236
1236
1237
1237
1238
1238
1239
1240
1240
1241
1241
1242
1242
1243
1243
1244
1244
1245
1245
1246
1246
1247
1247
1248
1248
1249
1249
1250
1250
1251
1251
1252
1252
1253
1253
1254
1254
1255
1255
1256
1256
1257
1257
1258
1258
1259
1259
1260
1260
1261
1261
1262
1262
1263
1263
1264
1264
1265
1265
1266
1266
1267
1267
1268
1268
1269
1269
1270
1270
1271
1271
1272
1272
1273
1273
1274
1274
1275
1275
1276
1276
1277
1277
1278
1278
1279
1279
1280
1280
1281
1282
1282
1283
1283
1284
1284
1285
1285
1286
1286
1287
1287
1288
1288
1289
1289
1290
1290
1291
1291
1292
1292
1293
1293
1294
1294
1295
1295
1296
1296
1297
1297
1298
1298
1299
1299
1300
1300
1301
1301
1302
1302
1303
1303
1304
1304
1305
1305
1306
1306
1307
1307
1308
1308
1309
1309
1310
1310
1311
1311
1312
1312
1313
1313
1314
1314
1315
1315
1316
1316
1317
1317
1318
1318
1319
1319
1320
1320
1321
1321
1322
1322
1323
1324
1324
1325
1325
1326
1326
1327
1327
1328
1328
1329
1329
1330
1330
1331
1331
1332
1332
1333
1333
1334
1334
1335
1335
1336
1336
1337
1337
1338
1338
1339
1339
1340
1340
1341
1341
1342
1342
1343
1343
1344
1344
1345
1345
1346
1346
1347
1347
1348
1348
1349
1349
1350
1350
1351
1351
1352
1352
1353
1353
1354
1354
1355
1355
1356
1356
1357
1357
1358
1358
1359
1359
1360
1360
1361
1361
1362
1362
1363
1363
1364
1364
1365
1366
1366
1367
1367
1368
1368
1369
1369
1370
1370
1371
1371
1372
1372
1373
1373
1374
1374
1375
1375
1376
1376
1377
1377
1378
1378
1379
1379
1380
1380
1381
1381
1382
1382
1383
1383
1384
1384
1385
1385
1386
1386
1387
1387
1388
1388
1389
1389
1390
1390
1391
1391
1392
1392
1393
1393
1394
1394
1395
1395
1396
1396
1397
1397
1398
1398
1399
1399
1400
1400
1401
1401
1402
1402
1403
1403
1404
1404
1405
1405
1406
1406
1407
1408
1408
1409
1409
1410
1410
1411
1411
1412
1412
1413
1413
1414
1414
1415
1415
1416
1416
1417
1417
1418
1418
1419
1419
1420
1420
1421
1421
1422
1422
1423
1423
1424
1424
1425
1425
1426
1426
1427
1427
1428
1428
1429
1429
1430
1430
1431
1431
1432
1432
1433
1433
1434
1434
1435
1435
1436
1436
1437
1437
1438
1438
1439
1439
1440
1440
1441
1441
1442
1442
1443
1443
1444
1444
1445
1445
1446
1446
1447
1447
1448
1448
1449
1450
1450
1451
1451
1452
1452
1453
1453
1454
1454
1455
1455
1456
1456
1457
1457
1458
1458
1459
1459
1460
1460
1461
1461
1462
1462
1463
1463
1464
1464
1465
1465
1466
1466
1467
1467
1468
1468
1469
1469
1470
1470
1471
1471
1472
1472
1473
1473
1474
1474
1475
1475
1476
1476
1477
1477
1478
1478
1479
1479
1480
1480
1481
1481
1482
1482
1483
1483
1484
1484
1485
1485
1486
1486
1487
1487
1488
1488
1489
1489
1490
1490
1491
1492
1492
1493
1493
1494
1494
1495
1495
1496
1496
1497
1497
1498
1498
1499
1499
1500
1500
1501
1501
1502
1502
1503
1503
1504
1504
1505
1505
1506
1506
1507
1507
1508
1508
1509
1509
1510
1510
1511
1511
1512
1512
1513
1513
1514
1514
1515
1515
1516
1516
1517
1517
1518
1518
1519
1519
1520
1520
1521
1521
1522
1522
1523
1523
1524
1524
1525
1525
1526
1526
1527
1527
1528
1528
1529
1529
1530
1530
1531
1531
1532
1532
1533
1534
1534
1535
1535
1536
1536
1537
1537
1538
1538
1539
1539
1540
1540
1541
1541
1542
1542
1543
1543
1544
1544
1545
1545
1546
1546
1547
1547
1548
1548
1549
1549
1550
1550
1551
1551
1552
1552
1553
1553
1554
1554
1555
1555
1556
1556
1557
1557
1558
1558
1559
1559
1560
1560
1561
1561
1562
1562
1563
1563
1564
1564
1565
1565
1566
1566
1567
1567
1568
1568
1569
1569
1570
1570
1571
1571
1572
1572
1573
1573
1574
1574
1575
1576
1576
1577
1577
1578
1578
1579
1579
1580
1580
1581
1581
1582
1582
1583
1583
1584
1584
1585
1585
1586
1586
1587
1587
1588
1588
1589
1589
1590
1590
1591
1591
1592
1592
1593
1593
1594
1594
1595
1595
1596
1596
1597
1597
1598
1598
1599
1599
1600
1600
1601
1601
1602
1602
1603
1603
1604
1604
1605
1605
1606
1606
1607
1607
1608
1608
1609
1609
1610
1610
1611
1611
1612
1612
1613
1613
1614
1614
1615
1615
1616
1616
1617
1618
1618
1619
1619
1620
1620
1621
1621
1622
1622
1623
1623
1624
1624
1625
1625
1626
1626
1627
1627
1628
1628
1629
1629
1630
1630
1631
1631
1632
1632
1633
1633
1634
1634
1635
1635
1636
1636
1637
1637
1638
1638
1639
1639
1640
1640
1641
1641
1642
1642
1643
1643
1644
1644
1645
1645
1646
1646
1647
1647
1648
1648
1649
1649
1650
1650
1651
1651
1652
1652
1653
1653
1654
1654
1655
1655
1656
1656
1657
1657
1658
1658
1659
1660
1660
1661
1661
1662
1662
1663
1663
1664
1664
1665
1665
1666
1666
1667
1667
1668
1668
1669
1669
1670
1670
1671
1671
1672
1672
1673
1673
1674
1674
1675
1675
1676
1676
1677
1677
1678
1678
1679
1679
1680
1680
1681
1681
1682
1682
1683
1683
1684
1684
1685
1685
1686
1686
1687
1687
1688
1688
1689
1689
1690
1690
1691
1691
1692
1692
1693
1693
1694
1694
1695
1695
1696
1696
1697
1697
1698
1698
1699
1699
1700
1700
1701
1702
1702
1703
1703
1704
1704
1705
1705
1706
1706
1707
1707
1708
1708
1709
1709
1710
1710
1711
1711
1712
1712
1713
1713
1714
1714
1715
1715
1716
1716
1717
1717
1718
1718
1719
1719
1720
1720
1721
1721
1722
1722
1723
1723
1724
1724
1725
1725
1726
1726
1727
1727
1728
1728
1729
1729
1730
1730
1731
1731
1732
1732
1733
1733
1734
1734
1735
1735
1736
1736
1737
1737
1738
1738
1739
1739
1740
1740
1741
1741
1742
1742
1743
1744
1744
1745
1745
1746
1746
1747
1747
1748
1748
1749
1749
1750
1750
1751
1751
1752
1752
1753
1753
1754
1754
1755
1755
1756
1756
1757
1757
1758
1758
1759
1759
1760
1760
1761
1761
1762
1762
1763
1763
1764
1764
1765
1765
1766
1766
1767
1767
1768
1768
1769
1769
1770
1770
1771
1771
1772
1772
1773
1773
1774
1774
1775
1775
1776
1776
1777
1777
1778
1778
1779
1779
1780
1780
1781
1781
1782
1782
1783
1783
1784
1784
1785
1786
1786
1787
1787
1788
1788
1789
1789
1790
1790
1791
1791
1792
1792
1793
1793
1794
1794
1795
1795
1796
1796
1797
1797
1798
1798
1799
1799
1800
1800
1801
1801
1802
1802
1803
1803
1804
1804
1805
1805
1806
1806
1807
1807
1808
1808
1809
1809
1810
1810
1811
1811
1812
1812
1813
1813
1814
1814
1815
1815
1816
1816
1817
1817
1818
1818
1819
1819
1820
1820
1821
1821
1822
1822
1823
1823
1824
1824
1825
1825
1826
1826
1827
1828
1828
1829
1829
1830
1830
1831
1831
1832
1832
1833
1833
1834
1834
1835
1835
1836
1836
1837
1837
1838
1838
1839
1839
1840
1840
1841
1841
1842
1842
1843
1843
1844
1844
1845
1845
1846
1846
1847
1847
1848
1848
1849
1849
1850
1850
1851
1851
1852
1852
1853
1853
1854
1854
1855
1855
1856
1856
1857
1857
1858
1858
1859
1859
1860
1860
1861
1861
1862
1862
1863
1863
1864
1864
1865
1865
1866
1866
1867
1867
1868
1868
1869
1870
1870
1871
1871
1872
1872
1873
1873
1874
1874
1875
1875
1876
1876
1877
1877
1878
1878
1879
1879
1880
1880
1881
1881
1882
1882
1883
1883
1884
1884
1885
1885
1886
1886
1887
1887
1888
1888
1889
1889
1890
1890
1891
1891
1892
1892
1893
1893
1894
1894
1895
1895
1896
1896
1897
1897
1898
1898
1899
1899
1900
1900
1901
1901
1902
1902
1903
1903
1904
1904
1905
1905
1906
1906
1907
1907
1908
1908
1909
1909
1910
1910
1911
1912
1912
1913
1913
1914
1914
1915
1915
1916
1916
1917
1917
1918
1918
1919
1919
1920
1920
1921
1921
1922
1922
1923
1923
1924
1924
1925
1925
1926
1926
1927
1927
1928
1928
1929
1929
1930
1930
1931
1931
1932
1932
1933
1933
1934
1934
1935
1935
1936
1936
1937
1937
1938
1938
1939
1939
1940
1940
1941
1941
1942
1942
1943
1943
1944
1944
1945
1945
1946
1946
1947
1947
1948
1948
1949
1949
1950
1950
1951
1951
1952
1952
1953
1954
1954
1955
1955
1956
1956
1957
1957
1958
1958
1959
1959
1960
1960
1961
1961
1962
1962
1963
1963
1964
1964
1965
1965
1966
1966
1967
1967
1968
1968
1969
1969
1970
1970
1971
1971
1972
1972
1973
1973
1974
1974
1975
1975
1976
1976
1977
1977
1978
1978
1979
1979
1980
1980
1981
1981
1982
1982
1983
1983
1984
1984
1985
1985
1986
1986
1987
1987
1988
1988
1989
1989
1990
1990
1991
1991
1992
1992
1993
1993
1994
1994
1995
1996
1996
1997
1997
1998
1998
1999
1999
2000
2000
2001
2001
2002
2002
2003
2003
2004
2004
2005
2005
2006
2006
2007
2007
2008
2008
2009
2009
2010
2010
2011
2011
2012
2012
2013
2013
2014
2014
2015
2015
2016
2016
2017
2017
2018
2018
2019
2019
2020
2020
2021
2021
2022
2022
2023
2023
2024
2024
2025
2025
2026
2026
2027
2027
2028
2028
2029
2029
2030
2030
2031
2031
2032
2032
2033
2033
2034
2034
2035
2035
2036
2036
2037
2038
2038
2039
2039
2040
2040
2041
2041
2042
2042
2043
2043
2044
2044
2045
2045
2046
2046
2047
2047
2048
2048
2049
2049
2050
2050
2051
2051
2052
2052
2053
2053
2054
2054
2055
2055
2056
2056
2057
2057
2058
2058
2059
2059
2060
2060
2061
2061
2062
2062
2063
2063
2064
2064
2065
2065
2066
2066
2067
2067
2068
2068
2069
2069
2070
2070
2071
2071
2072
2072
2073
2073
2074
2074
2075
2075
2076
2076
2077
2077
2078
2078
2079
2080
2080
2081
2081
2082
2082
2083
2083
2084
2084
2085
2085
2086
2086
2087
2087
2088
2088
2089
2089
2090
2090
2091
2091
2092
2092
2093
2093
2094
2094
2095
2095
2096
2096
2097
2097
2098
2098
2099
2099
2100
2100
2101
2101
2102
2102
2103
2103
2104
2104
2105
2105
2106
2106
2107
2107
2108
2108
2109
2109
2110
2110
2111
2111
2112
2112
2113
2113
2114
2114
2115
2115
2116
2116
2117
2117
2118
2118
2119
2119
2120
2120
2121
2122
2122
2123
2123
2124
2124
2125
2125
2126
2126
2127
2127
2128
2128
2129
2129
2130
2130
2131
2131
2132
2132
2133
2133
2134
2134
2135
2135
2136
2136
2137
2137
2138
2138
2139
2139
2140
2140
2141
2141
2142
2142
2143
2143
2144
2144
2145
2145
2146
2146
2147
2147
2148
2148
2149
2149
2150
2150
2151
2151
2152
2152
2153
2153
2154
2154
2155
2155
2156
2156
2157
2157
2158
2158
2159
2159
2160
2160
2161
2161
2162
2162
2163
2164
2164
2165
2165
2166
2166
2167
2167
2168
2168
2169
2169
2170
2170
2171
2171
2172
2172
2173
2173
2174
2174
2175
2175
2176
2176
2177
2177
2178
2178
2179
2179
2180
2180
2181
2181
2182
2182
2183
2183
2184
2184
2185
2185
2186
2186
2187
2187
2188
2188
2189
2189
2190
2190
2191
2191
2192
2192
2193
2193
2194
2194
2195
2195
2196
2196
2197
2197
2198
2198
2199
2199
2200
2200
2201
2201
2202
2202
2203
2203
2204
2204
2205
2206
2206
2207
2207
2208
2208
2209
2209
2210
2210
2211
2211
2212
2212
2213
2213
2214
2214
2215
2215
2216
2216
2217
2217
2218
2218
2219
2219
2220
2220
2221
2221
2222
2222
2223
2223
2224
2224
2225
2225
2226
2226
2227
2227
2228
2228
2229
2229
2230
2230
2231
2231
2232
2232
2233
2233
2234
2234
2235
2235
2236
2236
2237
2237
2238
2238
2239
2239
2240
2240
2241
2241
2242
2242
2243
2243
2244
2244
2245
2245
2246
2246
2247
2248
2248
2249
2249
2250
2250
2251
2251
2252
2252
2253
2253
2254
2254
2255
2255
2256
2256
2257
2257
2258
2258
2259
2259
2260
2260
2261
2261
2262
2262
2263
2263
2264
2264
2265
2265
2266
2266
2267
2267
2268
2268
2269
2269
2270
2270
2271
2271
2272
2272
2273
2273
2274
2274
2275
2275
2276
2276
2277
2277
2278
2278
2279
2279
2280
2280
2281
2281
2282
2282
2283
2283
2284
2284
2285
2285
2286
2286
2287
2287
2288
2288
2289
2290
2290
2291
2291
2292
2292
2293
2293
2294
2294
2295
2295
2296
2296
2297
2297
2298
2298
2299
2299
2300
2300
2301
2301
2302
2302
2303
2303
2304
2304
2305
2305
2306
2306
2307
2307
2308
2308
2309
2309
2310
2310
2311
2311
2312
2312
2313
2313
2314
2314
2315
2315
2316
2316
2317
2317
2318
2318
2319
2319
2320
2320
2321
2321
2322
2322
2323
2323
2324
2324
2325
2325
2326
2326
2327
2327
2328
2328
2329
2329
2330
2330
2331
2332
2332
2333
2333
2334
2334
2335
2335
2336
2336
2337
2337
2338
2338
2339
2339
2340
2340
2341
2341
2342
2342
2343
2343
2344
2344
2345
2345
2346
2346
2347
2347
2348
2348
2349
2349
2350
2350
2351
2351
2352
2352
2353
2353
2354
2354
2355
2355
2356
2356
2357
2357
2358
2358
2359
2359
2360
2360
2361
2361
2362
2362
2363
2363
2364
2364
2365
2365
2366
2366
2367
2367
2368
2368
2369
2369
2370
2370
2371
2371
2372
2372
2373
2374
2374
2375
2375
2376
2376
2377
2377
2378
2378
2379
2379
2380
2380
2381
2381
2382
2382
2383
2383
2384
2384
2385
2385
2386
2386
2387
2387
2388
2388
2389
2389
2390
2390
2391
2391
2392
2392
2393
2393
2394
2394
2395
2395
2396
2396
2397
2397
2398
2398
2399
2399
2400
2400
2401
2401
2402
2402
2403
2403
2404
2404
2405
2405
2406
2406
2407
2407
2408
2408
2409
2409
2410
2410
2411
2411
2412
2412
2413
2413
2414
2414
2415
2416
2416
2417
2417
2418
2418
2419
2419
2420
2420
2421
2421
2422
2422
2423
2423
2424
2424
2425
2425
2426
2426
2427
2427
2428
2428
2429
2429
2430
2430
2431
2431
2432
2432
2433
2433
2434
2434
2435
2435
2436
2436
2437
2437
2438
2438
2439
2439
2440
2440
2441
2441
2442
2442
2443
2443
2444
2444
2445
2445
2446
2446
2447
2447
2448
2448
2449
2449
2450
2450
2451
2451
2452
2452
2453
2453
2454
2454
2455
2455
2456
2456
2457
2458
2459
2460
2461
2462
2463
2464
2465
2466
2467
2468
2469
2470
2471
2472
2473
2474
2475
2476
2477
2478
2479
2480
2481
2482
2483
2484
2485
2486
2487
2488
2489
2490
2491
2492
2493
2494
2495
2496
2497
2498
0
8
16
24
32
40
48
56
64
72
80
88
96
104
112
120
128
136
144
152
160
168
176
184
192
200
208
216
224
232
240
248
256
264
272
280
288
296
304
312
320
328
336
344
352
360
368
376
384
392
0
1
2
3
4
5
6
7
400
401
402
403
404
405
406
407
408
409
410
411
412
413
414
415
416
417
418
419
420
421
422
423
424
425
426
427
428
429
430
431
432
433
434
435
436
437
438
439
440
441
392
393
394
395
396
397
398
399
2458
2459
2460
2461
2462
2463
2464
2465
2466
2467
2468
2469
2470
2471
2472
2473
2474
2475
2476
2477
2478
2479
2480
2481
2482
2483
2484
2485
2486
2487
2488
2489
2490
2491
2492
2493
2494
2495
2496
2497
2498
2499
0
8
16
24
32
40
48
56
64
72
80
88
96
104
112
120
128
136
144
152
160
168
176
184
192
200
208
216
224
232
240
248
256
264
272
280
288
296
304
312
320
328
336
344
352
360
368
376
384
392
1
9
17
25
33
41
49
57
65
73
81
89
97
105
113
121
129
137
145
153
161
169
177
185
193
201
209
217
225
233
241
249
257
265
273
281
289
297
305
313
321
329
337
345
353
361
369
377
385
393
2
10
18
26
34
42
50
58
66
74
82
90
98
106
114
122
130
138
146
154
162
170
178
186
194
202
210
218
226
234
242
250
258
266
274
282
290
298
306
314
322
330
338
346
354
362
370
378
386
394
3
11
19
27
35
43
51
59
67
75
83
91
99
107
115
123
131
139
147
155
163
171
179
187
195
203
211
219
227
235
243
251
259
267
275
283
291
299
307
315
323
331
339
347
355
363
371
379
387
395
4
12
20
28
36
44
52
60
68
76
84
92
100
108
116
124
132
140
148
156
164
172
180
188
196
204
212
220
228
236
244
252
260
268
276
284
292
300
308
316
324
332
340
348
356
364
372
380
388
396
5
13
21
29
37
45
53
61
69
77
85
93
101
109
117
125
133
141
149
157
165
173
181
189
197
205
213
221
229
237
245
253
261
269
277
285
293
301
309
317
325
333
341
349
357
365
373
381
389
397
6
14
22
30
38
46
54
62
70
78
86
94
102
110
118
126
134
142
150
158
166
174
182
190
198
206
214
222
230
238
246
254
262
270
278
286
294
302
310
318
326
334
342
350
358
366
374
382
390
398
7
15
23
31
39
47
55
63
71
79
87
95
103
111
119
127
135
143
151
159
167
175
183
191
199
207
215
223
231
239
247
255
263
271
279
287
295
303
311
319
327
335
343
351
359
367
375
383
391
399
400
442
484
526
568
610
652
694
736
778
820
862
904
946
988
1030
1072
1114
1156
1198
1240
1282
1324
1366
1408
1450
1492
1534
1576
1618
1660
1702
1744
1786
1828
1870
1912
1954
1996
2038
2080
2122
2164
2206
2248
2290
2332
2374
2416
2458
401
443
485
527
569
611
653
695
737
779
821
863
905
947
989
1031
1073
1115
1157
1199
1241
1283
1325
1367
1409
1451
1493
1535
1577
1619
1661
1703
1745
1787
1829
1871
1913
1955
1997
2039
2081
2123
2165
2207
2249
2291
2333
2375
2417
2459
402
444
486
528
570
612
654
696
738
780
822
864
906
948
990
1032
1074
1116
1158
1200
1242
1284
1326
1368
1410
1452
1494
1536
1578
1620
1662
1704
1746
1788
1830
1872
1914
1956
1998
2040
2082
2124
2166
2208
2250
2292
2334
2376
2418
2460
403
445
487
529
571
613
655
697
739
781
823
865
907
949
991
1033
1075
1117
1159
1201
1243
1285
1327
1369
1411
1453
1495
1537
1579
1621
1663
1705
1747
1789
1831
1873
1915
1957
1999
2041
2083
2125
2167
2209
2251
2293
2335
2377
2419
2461
404
446
488
530
572
614
656
698
740
782
824
866
908
950
992
1034
1076
1118
1160
1202
1244
1286
1328
1370
1412
1454
1496
1538
1580
1622
1664
1706
1748
1790
1832
1874
1916
1958
2000
2042
2084
2126
2168
2210
2252
2294
2336
2378
2420
2462
405
447
489
531
573
615
657
699
741
783
825
867
909
951
993
1035
1077
1119
1161
1203
1245
1287
1329
1371
1413
1455
1497
1539
1581
1623
1665
1707
1749
1791
1833
1875
1917
1959
2001
2043
2085
2127
2169
2211
2253
2295
2337
2379
2421
2463
406
448
490
532
574
616
658
700
742
784
826
868
910
952
994
1036
1078
1120
1162
1204
1246
1288
1330
1372
1414
1456
1498
1540
1582
1624
1666
1708
1750
1792
1834
1876
1918
1960
2002
2044
2086
2128
2170
2212
2254
2296
2338
2380
2422
2464
407
449
491
533
575
617
659
701
743
785
827
869
911
953
995
1037
1079
1121
1163
1205
1247
1289
1331
1373
1415
1457
1499
1541
1583
1625
1667
1709
1751
1793
1835
1877
1919
1961
2003
2045
2087
2129
2171
2213
2255
2297
2339
2381
2423
2465
408
450
492
534
576
618
660
702
744
786
828
870
912
954
996
1038
1080
1122
1164
1206
1248
1290
1332
1374
1416
1458
1500
1542
1584
1626
1668
1710
1752
1794
1836
1878
1920
1962
2004
2046
2088
2130
2172
2214
2256
2298
2340
2382
2424
2466
409
451
493
535
577
619
661
703
745
787
829
871
913
955
997
1039
1081
1123
1165
1207
1249
1291
1333
1375
1417
1459
1501
1543
1585
1627
1669
1711
1753
1795
1837
1879
1921
1963
2005
2047
2089
2131
2173
2215
2257
2299
2341
2383
2425
2467
410
452
494
536
578
620
662
704
746
788
830
872
914
956
998
1040
1082
1124
1166
1208
1250
1292
1334
1376
1418
1460
1502
1544
1586
1628
1670
1712
1754
1796
1838
1880
1922
1964
2006
2048
2090
2132
2174
2216
2258
2300
2342
2384
2426
2468
411
453
495
537
579
621
663
705
747
789
831
873
915
957
999
1041
1083
1125
1167
1209
1251
1293
1335
1377
1419
1461
1503
1545
1587
1629
1671
1713
1755
1797
1839
1881
1923
1965
2007
2049
2091
2133
2175
2217
2259
2301
2343
2385
2427
2469
412
454
496
538
580
622
664
706
748
790
832
874
916
958
1000
1042
1084
1126
1168
1210
1252
1294
1336
1378
1420
1462
1504
1546
1588
1630
1672
1714
1756
1798
1840
1882
1924
1966
2008
2050
2092
2134
2176
2218
2260
2302
2344
2386
2428
2470
413
455
497
539
581
623
665
707
749
791
833
875
917
959
1001
1043
1085
1127
1169
1211
1253
1295
1337
1379
1421
1463
1505
1547
1589
1631
1673
1715
1757
1799
1841
1883
1925
1967
2009
2051
2093
2135
2177
2219
2261
2303
2345
2387
2429
2471
414
456
498
540
582
624
666
708
750
792
834
876
918
960
1002
1044
1086
1128
1170
1212
1254
1296
1338
1380
1422
1464
1506
1548
1590
1632
1674
1716
1758
1800
1842
1884
1926
1968
2010
2052
2094
2136
2178
2220
2262
2304
2346
2388
2430
2472
415
457
499
541
583
625
667
709
751
793
835
877
919
961
1003
1045
1087
1129
1171
1213
1255
1297
1339
1381
1423
1465
1507
1549
1591
1633
1675
1717
1759
1801
1843
1885
1927
1969
2011
2053
2095
2137
2179
2221
2263
2305
2347
2389
2431
2473
416
458
500
542
584
626
668
710
752
794
836
878
920
962
1004
1046
1088
1130
1172
1214
1256
1298
1340
1382
1424
1466
1508
1550
1592
1634
1676
1718
1760
1802
1844
1886
1928
1970
2012
2054
2096
2138
2180
2222
2264
2306
2348
2390
2432
2474
417
459
501
543
585
627
669
711
753
795
837
879
921
963
1005
1047
1089
1131
1173
1215
1257
1299
1341
1383
1425
1467
1509
1551
1593
1635
1677
1719
1761
1803
1845
1887
1929
1971
2013
2055
2097
2139
2181
2223
2265
2307
2349
2391
2433
2475
418
460
502
544
586
628
670
712
754
796
838
880
922
964
1006
1048
1090
1132
1174
1216
1258
1300
1342
1384
1426
1468
1510
1552
1594
1636
1678
1720
1762
1804
1846
1888
1930
1972
2014
2056
2098
2140
2182
2224
2266
2308
2350
2392
2434
2476
419
461
503
545
587
629
671
713
755
797
839
881
923
965
1007
1049
1091
1133
1175
1217
1259
1301
1343
1385
1427
1469
1511
1553
1595
1637
1679
1721
1763
1805
1847
1889
1931
1973
2015
2057
2099
2141
2183
2225
2267
2309
2351
2393
2435
2477
420
462
504
546
588
630
672
714
756
798
840
882
924
966
1008
1050
1092
1134
1176
1218
1260
1302
1344
1386
1428
1470
1512
1554
1596
1638
1680
1722
1764
1806
1848
1890
1932
1974
2016
2058
2100
2142
2184
2226
2268
2310
2352
2394
2436
2478
421
463
505
547
589
631
673
715
757
799
841
883
925
967
1009
1051
1093
1135
1177
1219
1261
1303
1345
1387
1429
1471
1513
1555
1597
1639
1681
1723
1765
1807
1849
1891
1933
1975
2017
2059
2101
2143
2185
2227
2269
2311
2353
2395
2437
2479
422
464
506
548
590
632
674
716
758
800
842
884
926
968
1010
1052
1094
1136
1178
1220
1262
1304
1346
1388
1430
1472
1514
1556
1598
1640
1682
1724
1766
1808
1850
1892
1934
1976
2018
2060
2102
2144
2186
2228
2270
2312
2354
2396
2438
2480
423
465
507
549
591
633
675
717
759
801
843
885
927
969
1011
1053
1095
1137
1179
1221
1263
1305
1347
1389
1431
1473
1515
1557
1599
1641
1683
1725
1767
1809
1851
1893
1935
1977
2019
2061
2103
2145
2187
2229
2271
2313
2355
2397
2439
2481
424
466
508
550
592
634
676
718
760
802
844
886
928
970
1012
1054
1096
1138
1180
1222
1264
1306
1348
1390
1432
1474
1516
1558
1600
1642
1684
1726
1768
1810
1852
1894
1936
1978
2020
2062
2104
2146
2188
2230
2272
2314
2356
2398
2440
2482
425
467
509
551
593
635
677
719
761
803
845
887
929
971
1013
1055
1097
1139
1181
1223
1265
1307
1349
1391
1433
1475
1517
1559
1601
1643
1685
1727
1769
1811
1853
1895
1937
1979
2021
2063
2105
2147
2189
2231
2273
2315
2357
2399
2441
2483
426
468
510
552
594
636
678
720
762
804
846
888
930
972
1014
1056
1098
1140
1182
1224
1266
1308
1350
1392
1434
1476
1518
1560
1602
1644
1686
1728
1770
1812
1854
1896
1938
1980
2022
2064
2106
2148
2190
2232
2274
2316
2358
2400
2442
2484
427
469
511
553
595
637
679
721
763
805
847
889
931
973
1015
1057
1099
1141
1183
1225
1267
1309
1351
1393
1435
1477
1519
1561
1603
1645
1687
1729
1771
1813
1855
1897
1939
1981
2023
2065
2107
2149
2191
2233
2275
2317
2359
2401
2443
2485
428
470
512
554
596
638
680
722
764
806
848
890
932
974
1016
1058
1100
1142
1184
1226
1268
1310
1352
1394
1436
1478
1520
1562
1604
1646
1688
1730
1772
1814
1856
1898
1940
1982
2024
2066
2108
2150
2192
2234
2276
2318
2360
2402
2444
2486
429
471
513
555
597
639
681
723
765
807
849
891
933
975
1017
1059
1101
1143
1185
1227
1269
1311
1353
1395
1437
1479
1521
1563
1605
1647
1689
1731
1773
1815
1857
1899
1941
1983
2025
2067
2109
2151
2193
2235
2277
2319
2361
2403
2445
2487
430
472
514
556
598
640
682
724
766
808
850
892
934
976
1018
1060
1102
1144
1186
1228
1270
1312
1354
1396
1438
1480
1522
1564
1606
1648
1690
1732
1774
1816
1858
1900
1942
1984
2026
2068
2110
2152
2194
2236
2278
2320
2362
2404
2446
2488
431
473
515
557
599
641
683
725
767
809
851
893
935
977
1019
1061
1103
1145
1187
1229
1271
1313
1355
1397
1439
1481
1523
1565
1607
1649
1691
1733
1775
1817
1859
1901
1943
1985
2027
2069
2111
2153
2195
2237
2279
2321
2363
2405
2447
2489
432
474
516
558
600
642
684
726
768
810
852
894
936
978
1020
1062
1104
1146
1188
1230
1272
1314
1356
1398
1440
1482
1524
1566
1608
1650
1692
1734
1776
1818
1860
1902
1944
1986
2028
2070
2112
2154
2196
2238
2280
2322
2364
2406
2448
2490
433
475
517
559
601
643
685
727
769
811
853
895
937
979
1021
1063
1105
1147
1189
1231
1273
1315
1357
1399
1441
1483
1525
1567
1609
1651
1693
1735
1777
1819
1861
1903
1945
1987
2029
2071
2113
2155
2197
2239
2281
2323
2365
2407
2449
2491
434
476
518
560
602
644
686
728
770
812
854
896
938
980
1022
1064
1106
1148
1190
1232
1274
1316
1358
1400
1442
1484
1526
1568
1610
1652
1694
1736
1778
1820
1862
1904
1946
1988
2030
2072
2114
2156
2198
2240
2282
2324
2366
2408
2450
2492
435
477
519
561
603
645
687
729
771
813
855
897
939
981
1023
1065
1107
1149
1191
1233
1275
1317
1359
1401
1443
1485
1527
1569
1611
1653
1695
1737
1779
1821
1863
1905
1947
1989
2031
2073
2115
2157
2199
2241
2283
2325
2367
2409
2451
2493
436
478
520
562
604
646
688
730
772
814
856
898
940
982
1024
1066
1108
1150
1192
1234
1276
1318
1360
1402
1444
1486
1528
1570
1612
1654
1696
1738
1780
1822
1864
1906
1948
1990
2032
2074
2116
2158
2200
2242
2284
2326
2368
2410
2452
2494
437
479
521
563
605
647
689
731
773
815
857
899
941
983
1025
1067
1109
1151
1193
1235
1277
1319
1361
1403
1445
1487
1529
1571
1613
1655
1697
1739
1781
1823
1865
1907
1949
1991
2033
2075
2117
2159
2201
2243
2285
2327
2369
2411
2453
2495
438
480
522
564
606
648
690
732
774
816
858
900
942
984
1026
1068
1110
1152
1194
1236
1278
1320
1362
1404
1446
1488
1530
1572
1614
1656
1698
1740
1782
1824
1866
1908
1950
1992
2034
2076
2118
2160
2202
2244
2286
2328
2370
2412
2454
2496
439
481
523
565
607
649
691
733
775
817
859
901
943
985
1027
1069
1111
1153
1195
1237
1279
1321
1363
1405
1447
1489
1531
1573
1615
1657
1699
1741
1783
1825
1867
1909
1951
1993
2035
2077
2119
2161
2203
2245
2287
2329
2371
2413
2455
2497
440
482
524
566
608
650
692
734
776
818
860
902
944
986
1028
1070
1112
1154
1196
1238
1280
1322
1364
1406
1448
1490
1532
1574
1616
1658
1700
1742
1784
1826
1868
1910
1952
1994
2036
2078
2120
2162
2204
2246
2288
2330
2372
2414
2456
2498
441
483
525
567
609
651
693
735
777
819
861
903
945
987
1029
1071
1113
1155
1197
1239
1281
1323
1365
1407
1449
1491
1533
1575
1617
1659
1701
1743
1785
1827
1869
1911
1953
1995
2037
2079
2121
2163
2205
2247
2289
2331
2373
2415
2457
2499
0
8
16
24
32
40
48
56
64
72
80
88
96
104
112
120
128
136
144
152
160
168
176
184
192
200
208
216
224
232
240
248
256
264
272
280
288
296
304
312
320
328
336
344
352
360
368
376
384
392
1
9
17
25
33
41
49
57
65
73
81
89
97
105
113
121
129
137
145
153
161
169
177
185
193
201
209
217
225
233
241
249
257
265
273
281
289
297
305
313
321
329
337
345
353
361
369
377
385
393
2
10
18
26
34
42
50
58
66
74
82
90
98
106
114
122
130
138
146
154
162
170
178
186
194
202
210
218
226
234
242
250
258
266
274
282
290
298
306
314
322
330
338
346
354
362
370
378
386
394
3
11
19
27
35
43
51
59
67
75
83
91
99
107
115
123
131
139
147
155
163
171
179
187
195
203
211
219
227
235
243
251
259
267
275
283
291
299
307
315
323
331
339
347
355
363
371
379
387
395
4
12
20
28
36
44
52
60
68
76
84
92
100
108
116
124
132
140
148
156
164
172
180
188
196
204
212
220
228
236
244
252
260
268
276
284
292
300
308
316
324
332
340
348
356
364
372
380
388
396
5
13
21
29
37
45
53
61
69
77
85
93
101
109
117
125
133
141
149
157
165
173
181
189
197
205
213
221
229
237
245
253
261
269
277
285
293
301
309
317
325
333
341
349
357
365
373
381
389
397
6
14
22
30
38
46
54
62
70
78
86
94
102
110
118
126
134
142
150
158
166
174
182
190
198
206
214
222
230
238
246
254
262
270
278
286
294
302
310
318
326
334
342
350
358
366
374
382
390
398
7
15
23
31
39
47
55
63
71
79
87
95
103
111
119
127
135
143
151
159
167
175
183
191
199
207
215
223
231
239
247
255
263
271
279
287
295
303
311
319
327
335
343
351
359
367
375
383
391
399
400
442
484
526
568
610
652
694
736
778
820
862
904
946
988
1030
1072
1114
1156
1198
1240
1282
1324
1366
1408
1450
1492
1534
1576
1618
1660
1702
1744
1786
1828
1870
1912
1954
1996
2038
2080
2122
2164
2206
2248
2290
2332
2374
2416
2458
401
443
485
527
569
611
653
695
737
779
821
863
905
947
989
1031
1073
1115
1157
1199
1241
1283
1325
1367
1409
1451
1493
1535
1577
1619
1661
1703
1745
1787
1829
1871
1913
1955
1997
2039
2081
2123
2165
2207
2249
2291
2333
2375
2417
2459
402
444
486
528
570
612
654
696
738
780
822
864
906
948
990
1032
1074
1116
1158
1200
1242
1284
1326
1368
1410
1452
1494
1536
1578
1620
1662
1704
1746
1788
1830
1872
1914
1956
1998
2040
2082
2124
2166
2208
2250
2292
2334
2376
2418
2460
403
445
487
529
571
613
655
697
739
781
823
865
907
949
991
1033
1075
1117
1159
1201
1243
1285
1327
1369
1411
1453
1495
1537
1579
1621
1663
1705
1747
1789
1831
1873
1915
1957
1999
2041
2083
2125
2167
2209
2251
2293
2335
2377
2419
2461
404
446
488
530
572
614
656
698
740
782
824
866
908
950
992
1034
1076
1118
1160
1202
1244
1286
1328
1370
1412
1454
1496
1538
1580
1622
1664
1706
1748
1790
1832
1874
1916
1958
2000
2042
2084
2126
2168
2210
2252
2294
2336
2378
2420
2462
405
447
489
531
573
615
657
699
741
783
825
867
909
951
993
1035
1077
1119
1161
1203
1245
1287
1329
1371
1413
1455
1497
1539
1581
1623
1665
1707
1749
1791
1833
1875
1917
1959
2001
2043
2085
2127
2169
2211
2253
2295
2337
2379
2421
2463
406
448
490
532
574
616
658
700
742
784
826
868
910
952
994
1036
1078
1120
1162
1204
1246
1288
1330
1372
1414
1456
1498
1540
1582
1624
1666
1708
1750
1792
1834
1876
1918
1960
2002
2044
2086
2128
2170
2212
2254
2296
2338
2380
2422
2464
407
449
491
533
575
617
659
701
743
785
827
869
911
953
995
1037
1079
1121
1163
1205
1247
1289
1331
1373
1415
1457
1499
1541
1583
1625
1667
1709
1751
1793
1835
1877
1919
1961
2003
2045
2087
2129
2171
2213
2255
2297
2339
2381
2423
2465
408
450
492
534
576
618
660
702
744
786
828
870
912
954
996
1038
1080
1122
1164
1206
1248
1290
1332
1374
1416
1458
1500
1542
1584
1626
1668
1710
1752
1794
1836
1878
1920
1962
2004
2046
2088
2130
2172
2214
2256
2298
2340
2382
2424
2466
409
451
493
535
577
619
661
703
745
787
829
871
913
955
997
1039
1081
1123
1165
1207
1249
1291
1333
1375
1417
1459
1501
1543
1585
1627
1669
1711
1753
1795
1837
1879
1921
1963
2005
2047
2089
2131
2173
2215
2257
2299
2341
2383
2425
2467
410
452
494
536
578
620
662
704
746
788
830
872
914
956
998
1040
1082
1124
1166
1208
1250
1292
1334
1376
1418
1460
1502
1544
1586
1628
1670
1712
1754
1796
1838
1880
1922
1964
2006
2048
2090
2132
2174
2216
2258
2300
2342
2384
2426
2468
411
453
495
537
579
621
663
705
747
789
831
873
915
957
999
1041
1083
1125
1167
1209
1251
1293
1335
1377
1419
1461
1503
1545
1587
1629
1671
1713
1755
1797
1839
1881
1923
1965
2007
2049
2091
2133
2175
2217
2259
2301
2343
2385
2427
2469
412
454
496
538
580
622
664
706
748
790
832
874
916
958
1000
1042
1084
1126
1168
1210
1252
1294
1336
1378
1420
1462
1504
1546
1588
1630
1672
1714
1756
1798
1840
1882
1924
1966
2008
2050
2092
2134
2176
2218
2260
2302
2344
2386
2428
2470
413
455
497
539
581
623
665
707
749
791
833
875
917
959
1001
1043
1085
1127
1169
1211
1253
1295
1337
1379
1421
1463
1505
1547
1589
1631
1673
1715
1757
1799
1841
1883
1925
1967
2009
2051
2093
2135
2177
2219
2261
2303
2345
2387
2429
2471
414
456
498
540
582
624
666
708
750
792
834
876
918
960
1002
1044
1086
1128
1170
1212
1254
1296
1338
1380
1422
1464
1506
1548
1590
1632
1674
1716
1758
1800
1842
1884
1926
1968
2010
2052
2094
2136
2178
2220
2262
2304
2346
2388
2430
2472
415
457
499
541
583
625
667
709
751
793
835
877
919
961
1003
1045
1087
1129
1171
1213
1255
1297
1339
1381
1423
1465
1507
1549
1591
1633
1675
1717
1759
1801
1843
1885
1927
1969
2011
2053
2095
2137
2179
2221
2263
2305
2347
2389
2431
2473
416
458
500
542
584
626
668
710
752
794
836
878
920
962
1004
1046
1088
1130
1172
1214
1256
1298
1340
1382
1424
1466
1508
1550
1592
1634
1676
1718
1760
1802
1844
1886
1928
1970
2012
2054
2096
2138
2180
2222
2264
2306
2348
2390
2432
2474
417
459
501
543
585
627
669
711
753
795
837
879
921
963
1005
1047
1089
1131
1173
1215
1257
1299
1341
1383
1425
1467
1509
1551
1593
1635
1677
1719
1761
1803
1845
1887
1929
1971
2013
2055
2097
2139
2181
2223
2265
2307
2349
2391
2433
2475
418
460
502
544
586
628
670
712
754
796
838
880
922
964
1006
1048
1090
1132
1174
1216
1258
1300
1342
1384
1426
1468
1510
1552
1594
1636
1678
1720
1762
1804
1846
1888
1930
1972
2014
2056
2098
2140
2182
2224
2266
2308
2350
2392
2434
2476
419
461
503
545
587
629
671
713
755
797
839
881
923
965
1007
1049
1091
1133
1175
1217
1259
1301
1343
1385
1427
1469
1511
1553
1595
1637
1679
1721
1763
1805
1847
1889
1931
1973
2015
2057
2099
2141
2183
2225
2267
2309
2351
2393
2435
2477
420
462
504
546
588
630
672
714
756
798
840
882
924
966
1008
1050
1092
1134
1176
1218
1260
1302
1344
1386
1428
1470
1512
1554
1596
1638
1680
1722
1764
1806
1848
1890
1932
1974
2016
2058
2100
2142
2184
2226
2268
2310
2352
2394
2436
2478
421
463
505
547
589
631
673
715
757
799
841
883
925
967
1009
1051
1093
1135
1177
1219
1261
1303
1345
1387
1429
1471
1513
1555
1597
1639
1681
1723
1765
1807
1849
1891
1933
1975
2017
2059
2101
2143
2185
2227
2269
2311
2353
2395
2437
2479
422
464
506
548
590
632
674
716
758
800
842
884
926
968
1010
1052
1094
1136
1178
1220
1262
1304
1346
1388
1430
1472
1514
1556
1598
1640
1682
1724
1766
1808
1850
1892
1934
1976
2018
2060
2102
2144
2186
2228
2270
2312
2354
2396
2438
2480
423
465
507
549
591
633
675
717
759
801
843
885
927
969
1011
1053
1095
1137
1179
1221
1263
1305
1347
1389
1431
1473
1515
1557
1599
1641
1683
1725
1767
1809
1851
1893
1935
1977
2019
2061
2103
2145
2187
2229
2271
2313
2355
2397
2439
2481
424
466
508
550
592
634
676
718
760
802
844
886
928
970
1012
1054
1096
1138
1180
1222
1264
1306
1348
1390
1432
1474
1516
1558
1600
1642
1684
1726
1768
1810
1852
1894
1936
1978
2020
2062
2104
2146
2188
2230
2272
2314
2356
2398
2440
2482
425
467
509
551
593
635
677
719
761
803
845
887
929
971
1013
1055
1097
1139
1181
1223
1265
1307
1349
1391
1433
1475
1517
1559
1601
1643
1685
1727
1769
1811
1853
1895
1937
1979
2021
2063
2105
2147
2189
2231
2273
2315
2357
2399
2441
2483
426
468
510
552
594
636
678
720
762
804
846
888
930
972
1014
1056
1098
1140
1182
1224
1266
1308
1350
1392
1434
1476
1518
1560
1602
1644
1686
1728
1770
1812
1854
1896
1938
1980
2022
2064
2106
2148
2190
2232
2274
2316
2358
2400
2442
2484
427
469
511
553
595
637
679
721
763
805
847
889
931
973
1015
1057
1099
1141
1183
1225
1267
1309
1351
1393
1435
1477
1519
1561
1603
1645
1687
1729
1771
1813
1855
1897
1939
1981
2023
2065
2107
2149
2191
2233
2275
2317
2359
2401
2443
2485
428
470
512
554
596
638
680
722
764
806
848
890
932
974
1016
1058
1100
1142
1184
1226
1268
1310
1352
1394
1436
1478
1520
1562
1604
1646
1688
1730
1772
1814
1856
1898
1940
1982
2024
2066
2108
2150
2192
2234
2276
2318
2360
2402
2444
2486
429
471
513
555
597
639
681
723
765
807
849
891
933
975
1017
1059
1101
1143
1185
1227
1269
1311
1353
1395
1437
1479
1521
1563
1605
1647
1689
1731
1773
1815
1857
1899
1941
1983
2025
2067
2109
2151
2193
2235
2277
2319
2361
2403
2445
2487
430
472
514
556
598
640
682
724
766
808
850
892
934
976
1018
1060
1102
1144
1186
1228
1270
1312
1354
1396
1438
1480
1522
1564
1606
1648
1690
1732
1774
1816
1858
1900
1942
1984
2026
2068
2110
2152
2194
2236
2278
2320
2362
2404
2446
2488
431
473
515
557
599
641
683
725
767
809
851
893
935
977
1019
1061
1103
1145
1187
1229
1271
1313
1355
1397
1439
1481
1523
1565
1607
1649
1691
1733
1775
1817
1859
1901
1943
1985
2027
2069
2111
2153
2195
2237
2279
2321
2363
2405
2447
2489
432
474
516
558
600
642
684
726
768
810
852
894
936
978
1020
1062
1104
1146
1188
1230
1272
1314
1356
1398
1440
1482
1524
1566
1608
1650
1692
1734
1776
1818
1860
1902
1944
1986
2028
2070
2112
2154
2196
2238
2280
2322
2364
2406
2448
2490
433
475
517
559
601
643
685
727
769
811
853
895
937
979
1021
1063
1105
1147
1189
1231
1273
1315
1357
1399
1441
1483
1525
1567
1609
1651
1693
1735
1777
1819
1861
1903
1945
1987
2029
2071
2113
2155
2197
2239
2281
2323
2365
2407
2449
2491
434
476
518
560
602
644
686
728
770
812
854
896
938
980
1022
1064
1106
1148
1190
1232
1274
1316
1358
1400
1442
1484
1526
1568
1610
1652
1694
1736
1778
1820
1862
1904
1946
1988
2030
2072
2114
2156
2198
2240
2282
2324
2366
2408
2450
2492
435
477
519
561
603
645
687
729
771
813
855
897
939
981
1023
1065
1107
1149
1191
1233
1275
1317
1359
1401
1443
1485
1527
1569
1611
1653
1695
1737
1779
1821
1863
1905
1947
1989
2031
2073
2115
2157
2199
2241
2283
2325
2367
2409
2451
2493
436
478
520
562
604
646
688
730
772
814
856
898
940
982
1024
1066
1108
1150
1192
1234
1276
1318
1360
1402
1444
1486
1528
1570
1612
1654
1696
1738
1780
1822
1864
1906
1948
1990
2032
2074
2116
2158
2200
2242
2284
2326
2368
2410
2452
2494
437
479
521
563
605
647
689
731
773
815
857
899
941
983
1025
1067
1109
1151
1193
1235
1277
1319
1361
1403
1445
1487
1529
1571
1613
1655
1697
1739
1781
1823
1865
1907
1949
1991
2033
2075
2117
2159
2201
2243
2285
2327
2369
2411
2453
2495
438
480
522
564
606
648
690
732
774
816
858
900
942
984
1026
1068
1110
1152
1194
1236
1278
1320
1362
1404
1446
1488
1530
1572
1614
1656
1698
1740
1782
1824
1866
1908
1950
1992
2034
2076
2118
2160
2202
2244
2286
2328
2370
2412
2454
2496
439
481
523
565
607
649
691
733
775
817
859
901
943
985
1027
1069
1111
1153
1195
1237
1279
1321
1363
1405
1447
1489
1531
1573
1615
1657
1699
1741
1783
1825
1867
1909
1951
1993
2035
2077
2119
2161
2203
2245
2287
2329
2371
2413
2455
2497
440
482
524
566
608
650
692
734
776
818
860
902
944
986
1028
1070
1112
1154
1196
1238
1280
1322
1364
1406
1448
1490
1532
1574
1616
1658
1700
1742
1784
1826
1868
1910
1952
1994
2036
2078
2120
2162
2204
2246
2288
2330
2372
2414
2456
2498
441
483
525
567
609
651
693
735
777
819
861
903
945
987
1029
1071
1113
1155
1197
1239
1281
1323
1365
1407
1449
1491
1533
1575
1617
1659
1701
1743
1785
1827
1869
1911
1953
1995
2037
2079
2121
2163
2205
2247
2289
2331
2373
2415
2457
2499
441
483
525
567
609
651
693
735
777
819
861
903
945
987
1029
1071
1113
1155
1197
1239
1281
1323
1365
1407
1449
1491
1533
1575
1617
1659
1701
1743
1785
1827
1869
1911
1953
1995
2037
2079
2121
2163
2205
2247
2289
2331
2373
2415
2457
2499
)


// ************************************************************************* //
