/*--------------------------------*- C++ -*----------------------------------*\
| =========                 |                                                 |
| \\      /  F ield         | OpenFOAM: The Open Source CFD Toolbox           |
|  \\    /   O peration     | Version:  2412                                  |
|   \\  /    A nd           | Website:  www.openfoam.com                      |
|    \\/     M anipulation  |                                                 |
\*---------------------------------------------------------------------------*/
FoamFile
{
    version     2.0;
    format      ascii;
    arch        "LSB;label=32;scalar=64";
    class       vectorField;
    location    "constant/polyMesh";
    object      points;
}
// * * * * * * * * * * * * * * * * * * * * * * * * * * * * * * * * * * * * * //


2652
(
(0 0 0)
(0.02 0 0)
(0.04 0 0)
(0.06 0 0)
(0.08 0 0)
(0.1 0 0)
(0.12 0 0)
(0.14 0 0)
(0.16 0 0)
(0.18 0 0)
(0.2 0 0)
(0.22 0 0)
(0.24 0 0)
(0.26 0 0)
(0.28 0 0)
(0.3 0 0)
(0.32 0 0)
(0.34 0 0)
(0.36 0 0)
(0.38 0 0)
(0.4 0 0)
(0.42 0 0)
(0.44 0 0)
(0.46 0 0)
(0.48 0 0)
(0.5 0 0)
(0 0.0504 0)
(0.02 0.0504 0)
(0.04 0.0504 0)
(0.06 0.0504 0)
(0.08 0.0504 0)
(0.1 0.0504 0)
(0.12 0.0504 0)
(0.14 0.0504 0)
(0.16 0.0504 0)
(0.18 0.0504 0)
(0.2 0.0504 0)
(0.22 0.0504 0)
(0.24 0.0504 0)
(0.26 0.0504 0)
(0.28 0.0504 0)
(0.3 0.0504 0)
(0.32 0.0504 0)
(0.34 0.0504 0)
(0.36 0.0504 0)
(0.38 0.0504 0)
(0.4 0.0504 0)
(0.42 0.0504 0)
(0.44 0.0504 0)
(0.46 0.0504 0)
(0.48 0.0504 0)
(0.5 0.0504 0)
(0 0.1008 0)
(0.02 0.1008 0)
(0.04 0.1008 0)
(0.06 0.1008 0)
(0.08 0.1008 0)
(0.1 0.1008 0)
(0.12 0.1008 0)
(0.14 0.1008 0)
(0.16 0.1008 0)
(0.18 0.1008 0)
(0.2 0.1008 0)
(0.22 0.1008 0)
(0.24 0.1008 0)
(0.26 0.1008 0)
(0.28 0.1008 0)
(0.3 0.1008 0)
(0.32 0.1008 0)
(0.34 0.1008 0)
(0.36 0.1008 0)
(0.38 0.1008 0)
(0.4 0.1008 0)
(0.42 0.1008 0)
(0.44 0.1008 0)
(0.46 0.1008 0)
(0.48 0.1008 0)
(0.5 0.1008 0)
(0 0.1512 0)
(0.02 0.1512 0)
(0.04 0.1512 0)
(0.06 0.1512 0)
(0.08 0.1512 0)
(0.1 0.1512 0)
(0.12 0.1512 0)
(0.14 0.1512 0)
(0.16 0.1512 0)
(0.18 0.1512 0)
(0.2 0.1512 0)
(0.22 0.1512 0)
(0.24 0.1512 0)
(0.26 0.1512 0)
(0.28 0.1512 0)
(0.3 0.1512 0)
(0.32 0.1512 0)
(0.34 0.1512 0)
(0.36 0.1512 0)
(0.38 0.1512 0)
(0.4 0.1512 0)
(0.42 0.1512 0)
(0.44 0.1512 0)
(0.46 0.1512 0)
(0.48 0.1512 0)
(0.5 0.1512 0)
(0 0.2016 0)
(0.02 0.2016 0)
(0.04 0.2016 0)
(0.06 0.2016 0)
(0.08 0.2016 0)
(0.1 0.2016 0)
(0.12 0.2016 0)
(0.14 0.2016 0)
(0.16 0.2016 0)
(0.18 0.2016 0)
(0.2 0.2016 0)
(0.22 0.2016 0)
(0.24 0.2016 0)
(0.26 0.2016 0)
(0.28 0.2016 0)
(0.3 0.2016 0)
(0.32 0.2016 0)
(0.34 0.2016 0)
(0.36 0.2016 0)
(0.38 0.2016 0)
(0.4 0.2016 0)
(0.42 0.2016 0)
(0.44 0.2016 0)
(0.46 0.2016 0)
(0.48 0.2016 0)
(0.5 0.2016 0)
(0 0.252 0)
(0.02 0.252 0)
(0.04 0.252 0)
(0.06 0.252 0)
(0.08 0.252 0)
(0.1 0.252 0)
(0.12 0.252 0)
(0.14 0.252 0)
(0.16 0.252 0)
(0.18 0.252 0)
(0.2 0.252 0)
(0.22 0.252 0)
(0.24 0.252 0)
(0.26 0.252 0)
(0.28 0.252 0)
(0.3 0.252 0)
(0.32 0.252 0)
(0.34 0.252 0)
(0.36 0.252 0)
(0.38 0.252 0)
(0.4 0.252 0)
(0.42 0.252 0)
(0.44 0.252 0)
(0.46 0.252 0)
(0.48 0.252 0)
(0.5 0.252 0)
(0 0.3024 0)
(0.02 0.3024 0)
(0.04 0.3024 0)
(0.06 0.3024 0)
(0.08 0.3024 0)
(0.1 0.3024 0)
(0.12 0.3024 0)
(0.14 0.3024 0)
(0.16 0.3024 0)
(0.18 0.3024 0)
(0.2 0.3024 0)
(0.22 0.3024 0)
(0.24 0.3024 0)
(0.26 0.3024 0)
(0.28 0.3024 0)
(0.3 0.3024 0)
(0.32 0.3024 0)
(0.34 0.3024 0)
(0.36 0.3024 0)
(0.38 0.3024 0)
(0.4 0.3024 0)
(0.42 0.3024 0)
(0.44 0.3024 0)
(0.46 0.3024 0)
(0.48 0.3024 0)
(0.5 0.3024 0)
(0 0.3528 0)
(0.02 0.3528 0)
(0.04 0.3528 0)
(0.06 0.3528 0)
(0.08 0.3528 0)
(0.1 0.3528 0)
(0.12 0.3528 0)
(0.14 0.3528 0)
(0.16 0.3528 0)
(0.18 0.3528 0)
(0.2 0.3528 0)
(0.22 0.3528 0)
(0.24 0.3528 0)
(0.26 0.3528 0)
(0.28 0.3528 0)
(0.3 0.3528 0)
(0.32 0.3528 0)
(0.34 0.3528 0)
(0.36 0.3528 0)
(0.38 0.3528 0)
(0.4 0.3528 0)
(0.42 0.3528 0)
(0.44 0.3528 0)
(0.46 0.3528 0)
(0.48 0.3528 0)
(0.5 0.3528 0)
(0 0.4032 0)
(0.02 0.4032 0)
(0.04 0.4032 0)
(0.06 0.4032 0)
(0.08 0.4032 0)
(0.1 0.4032 0)
(0.12 0.4032 0)
(0.14 0.4032 0)
(0.16 0.4032 0)
(0.18 0.4032 0)
(0.2 0.4032 0)
(0.22 0.4032 0)
(0.24 0.4032 0)
(0.26 0.4032 0)
(0.28 0.4032 0)
(0.3 0.4032 0)
(0.32 0.4032 0)
(0.34 0.4032 0)
(0.36 0.4032 0)
(0.38 0.4032 0)
(0.4 0.4032 0)
(0.42 0.4032 0)
(0.44 0.4032 0)
(0.46 0.4032 0)
(0.48 0.4032 0)
(0.5 0.4032 0)
(0 0.4536 0)
(0.02 0.4536 0)
(0.04 0.4536 0)
(0.06 0.4536 0)
(0.08 0.4536 0)
(0.1 0.4536 0)
(0.12 0.4536 0)
(0.14 0.4536 0)
(0.16 0.4536 0)
(0.18 0.4536 0)
(0.2 0.4536 0)
(0.22 0.4536 0)
(0.24 0.4536 0)
(0.26 0.4536 0)
(0.28 0.4536 0)
(0.3 0.4536 0)
(0.32 0.4536 0)
(0.34 0.4536 0)
(0.36 0.4536 0)
(0.38 0.4536 0)
(0.4 0.4536 0)
(0.42 0.4536 0)
(0.44 0.4536 0)
(0.46 0.4536 0)
(0.48 0.4536 0)
(0.5 0.4536 0)
(0 0.504 0)
(0.02 0.504 0)
(0.04 0.504 0)
(0.06 0.504 0)
(0.08 0.504 0)
(0.1 0.504 0)
(0.12 0.504 0)
(0.14 0.504 0)
(0.16 0.504 0)
(0.18 0.504 0)
(0.2 0.504 0)
(0.22 0.504 0)
(0.24 0.504 0)
(0.26 0.504 0)
(0.28 0.504 0)
(0.3 0.504 0)
(0.32 0.504 0)
(0.34 0.504 0)
(0.36 0.504 0)
(0.38 0.504 0)
(0.4 0.504 0)
(0.42 0.504 0)
(0.44 0.504 0)
(0.46 0.504 0)
(0.48 0.504 0)
(0.5 0.504 0)
(0 0.5544 0)
(0.02 0.5544 0)
(0.04 0.5544 0)
(0.06 0.5544 0)
(0.08 0.5544 0)
(0.1 0.5544 0)
(0.12 0.5544 0)
(0.14 0.5544 0)
(0.16 0.5544 0)
(0.18 0.5544 0)
(0.2 0.5544 0)
(0.22 0.5544 0)
(0.24 0.5544 0)
(0.26 0.5544 0)
(0.28 0.5544 0)
(0.3 0.5544 0)
(0.32 0.5544 0)
(0.34 0.5544 0)
(0.36 0.5544 0)
(0.38 0.5544 0)
(0.4 0.5544 0)
(0.42 0.5544 0)
(0.44 0.5544 0)
(0.46 0.5544 0)
(0.48 0.5544 0)
(0.5 0.5544 0)
(0 0.6048 0)
(0.02 0.6048 0)
(0.04 0.6048 0)
(0.06 0.6048 0)
(0.08 0.6048 0)
(0.1 0.6048 0)
(0.12 0.6048 0)
(0.14 0.6048 0)
(0.16 0.6048 0)
(0.18 0.6048 0)
(0.2 0.6048 0)
(0.22 0.6048 0)
(0.24 0.6048 0)
(0.26 0.6048 0)
(0.28 0.6048 0)
(0.3 0.6048 0)
(0.32 0.6048 0)
(0.34 0.6048 0)
(0.36 0.6048 0)
(0.38 0.6048 0)
(0.4 0.6048 0)
(0.42 0.6048 0)
(0.44 0.6048 0)
(0.46 0.6048 0)
(0.48 0.6048 0)
(0.5 0.6048 0)
(0 0.6552 0)
(0.02 0.6552 0)
(0.04 0.6552 0)
(0.06 0.6552 0)
(0.08 0.6552 0)
(0.1 0.6552 0)
(0.12 0.6552 0)
(0.14 0.6552 0)
(0.16 0.6552 0)
(0.18 0.6552 0)
(0.2 0.6552 0)
(0.22 0.6552 0)
(0.24 0.6552 0)
(0.26 0.6552 0)
(0.28 0.6552 0)
(0.3 0.6552 0)
(0.32 0.6552 0)
(0.34 0.6552 0)
(0.36 0.6552 0)
(0.38 0.6552 0)
(0.4 0.6552 0)
(0.42 0.6552 0)
(0.44 0.6552 0)
(0.46 0.6552 0)
(0.48 0.6552 0)
(0.5 0.6552 0)
(0 0.7056 0)
(0.02 0.7056 0)
(0.04 0.7056 0)
(0.06 0.7056 0)
(0.08 0.7056 0)
(0.1 0.7056 0)
(0.12 0.7056 0)
(0.14 0.7056 0)
(0.16 0.7056 0)
(0.18 0.7056 0)
(0.2 0.7056 0)
(0.22 0.7056 0)
(0.24 0.7056 0)
(0.26 0.7056 0)
(0.28 0.7056 0)
(0.3 0.7056 0)
(0.32 0.7056 0)
(0.34 0.7056 0)
(0.36 0.7056 0)
(0.38 0.7056 0)
(0.4 0.7056 0)
(0.42 0.7056 0)
(0.44 0.7056 0)
(0.46 0.7056 0)
(0.48 0.7056 0)
(0.5 0.7056 0)
(0 0.756 0)
(0.02 0.756 0)
(0.04 0.756 0)
(0.06 0.756 0)
(0.08 0.756 0)
(0.1 0.756 0)
(0.12 0.756 0)
(0.14 0.756 0)
(0.16 0.756 0)
(0.18 0.756 0)
(0.2 0.756 0)
(0.22 0.756 0)
(0.24 0.756 0)
(0.26 0.756 0)
(0.28 0.756 0)
(0.3 0.756 0)
(0.32 0.756 0)
(0.34 0.756 0)
(0.36 0.756 0)
(0.38 0.756 0)
(0.4 0.756 0)
(0.42 0.756 0)
(0.44 0.756 0)
(0.46 0.756 0)
(0.48 0.756 0)
(0.5 0.756 0)
(0 0.8064 0)
(0.02 0.8064 0)
(0.04 0.8064 0)
(0.06 0.8064 0)
(0.08 0.8064 0)
(0.1 0.8064 0)
(0.12 0.8064 0)
(0.14 0.8064 0)
(0.16 0.8064 0)
(0.18 0.8064 0)
(0.2 0.8064 0)
(0.22 0.8064 0)
(0.24 0.8064 0)
(0.26 0.8064 0)
(0.28 0.8064 0)
(0.3 0.8064 0)
(0.32 0.8064 0)
(0.34 0.8064 0)
(0.36 0.8064 0)
(0.38 0.8064 0)
(0.4 0.8064 0)
(0.42 0.8064 0)
(0.44 0.8064 0)
(0.46 0.8064 0)
(0.48 0.8064 0)
(0.5 0.8064 0)
(0 0.8568 0)
(0.02 0.8568 0)
(0.04 0.8568 0)
(0.06 0.8568 0)
(0.08 0.8568 0)
(0.1 0.8568 0)
(0.12 0.8568 0)
(0.14 0.8568 0)
(0.16 0.8568 0)
(0.18 0.8568 0)
(0.2 0.8568 0)
(0.22 0.8568 0)
(0.24 0.8568 0)
(0.26 0.8568 0)
(0.28 0.8568 0)
(0.3 0.8568 0)
(0.32 0.8568 0)
(0.34 0.8568 0)
(0.36 0.8568 0)
(0.38 0.8568 0)
(0.4 0.8568 0)
(0.42 0.8568 0)
(0.44 0.8568 0)
(0.46 0.8568 0)
(0.48 0.8568 0)
(0.5 0.8568 0)
(0 0.9072 0)
(0.02 0.9072 0)
(0.04 0.9072 0)
(0.06 0.9072 0)
(0.08 0.9072 0)
(0.1 0.9072 0)
(0.12 0.9072 0)
(0.14 0.9072 0)
(0.16 0.9072 0)
(0.18 0.9072 0)
(0.2 0.9072 0)
(0.22 0.9072 0)
(0.24 0.9072 0)
(0.26 0.9072 0)
(0.28 0.9072 0)
(0.3 0.9072 0)
(0.32 0.9072 0)
(0.34 0.9072 0)
(0.36 0.9072 0)
(0.38 0.9072 0)
(0.4 0.9072 0)
(0.42 0.9072 0)
(0.44 0.9072 0)
(0.46 0.9072 0)
(0.48 0.9072 0)
(0.5 0.9072 0)
(0 0.9576 0)
(0.02 0.9576 0)
(0.04 0.9576 0)
(0.06 0.9576 0)
(0.08 0.9576 0)
(0.1 0.9576 0)
(0.12 0.9576 0)
(0.14 0.9576 0)
(0.16 0.9576 0)
(0.18 0.9576 0)
(0.2 0.9576 0)
(0.22 0.9576 0)
(0.24 0.9576 0)
(0.26 0.9576 0)
(0.28 0.9576 0)
(0.3 0.9576 0)
(0.32 0.9576 0)
(0.34 0.9576 0)
(0.36 0.9576 0)
(0.38 0.9576 0)
(0.4 0.9576 0)
(0.42 0.9576 0)
(0.44 0.9576 0)
(0.46 0.9576 0)
(0.48 0.9576 0)
(0.5 0.9576 0)
(0 1.008 0)
(0.02 1.008 0)
(0.04 1.008 0)
(0.06 1.008 0)
(0.08 1.008 0)
(0.1 1.008 0)
(0.12 1.008 0)
(0.14 1.008 0)
(0.16 1.008 0)
(0.18 1.008 0)
(0.2 1.008 0)
(0.22 1.008 0)
(0.24 1.008 0)
(0.26 1.008 0)
(0.28 1.008 0)
(0.3 1.008 0)
(0.32 1.008 0)
(0.34 1.008 0)
(0.36 1.008 0)
(0.38 1.008 0)
(0.4 1.008 0)
(0.42 1.008 0)
(0.44 1.008 0)
(0.46 1.008 0)
(0.48 1.008 0)
(0.5 1.008 0)
(0 1.0584 0)
(0.02 1.0584 0)
(0.04 1.0584 0)
(0.06 1.0584 0)
(0.08 1.0584 0)
(0.1 1.0584 0)
(0.12 1.0584 0)
(0.14 1.0584 0)
(0.16 1.0584 0)
(0.18 1.0584 0)
(0.2 1.0584 0)
(0.22 1.0584 0)
(0.24 1.0584 0)
(0.26 1.0584 0)
(0.28 1.0584 0)
(0.3 1.0584 0)
(0.32 1.0584 0)
(0.34 1.0584 0)
(0.36 1.0584 0)
(0.38 1.0584 0)
(0.4 1.0584 0)
(0.42 1.0584 0)
(0.44 1.0584 0)
(0.46 1.0584 0)
(0.48 1.0584 0)
(0.5 1.0584 0)
(0 1.1088 0)
(0.02 1.1088 0)
(0.04 1.1088 0)
(0.06 1.1088 0)
(0.08 1.1088 0)
(0.1 1.1088 0)
(0.12 1.1088 0)
(0.14 1.1088 0)
(0.16 1.1088 0)
(0.18 1.1088 0)
(0.2 1.1088 0)
(0.22 1.1088 0)
(0.24 1.1088 0)
(0.26 1.1088 0)
(0.28 1.1088 0)
(0.3 1.1088 0)
(0.32 1.1088 0)
(0.34 1.1088 0)
(0.36 1.1088 0)
(0.38 1.1088 0)
(0.4 1.1088 0)
(0.42 1.1088 0)
(0.44 1.1088 0)
(0.46 1.1088 0)
(0.48 1.1088 0)
(0.5 1.1088 0)
(0 1.1592 0)
(0.02 1.1592 0)
(0.04 1.1592 0)
(0.06 1.1592 0)
(0.08 1.1592 0)
(0.1 1.1592 0)
(0.12 1.1592 0)
(0.14 1.1592 0)
(0.16 1.1592 0)
(0.18 1.1592 0)
(0.2 1.1592 0)
(0.22 1.1592 0)
(0.24 1.1592 0)
(0.26 1.1592 0)
(0.28 1.1592 0)
(0.3 1.1592 0)
(0.32 1.1592 0)
(0.34 1.1592 0)
(0.36 1.1592 0)
(0.38 1.1592 0)
(0.4 1.1592 0)
(0.42 1.1592 0)
(0.44 1.1592 0)
(0.46 1.1592 0)
(0.48 1.1592 0)
(0.5 1.1592 0)
(0 1.2096 0)
(0.02 1.2096 0)
(0.04 1.2096 0)
(0.06 1.2096 0)
(0.08 1.2096 0)
(0.1 1.2096 0)
(0.12 1.2096 0)
(0.14 1.2096 0)
(0.16 1.2096 0)
(0.18 1.2096 0)
(0.2 1.2096 0)
(0.22 1.2096 0)
(0.24 1.2096 0)
(0.26 1.2096 0)
(0.28 1.2096 0)
(0.3 1.2096 0)
(0.32 1.2096 0)
(0.34 1.2096 0)
(0.36 1.2096 0)
(0.38 1.2096 0)
(0.4 1.2096 0)
(0.42 1.2096 0)
(0.44 1.2096 0)
(0.46 1.2096 0)
(0.48 1.2096 0)
(0.5 1.2096 0)
(0 1.26 0)
(0.02 1.26 0)
(0.04 1.26 0)
(0.06 1.26 0)
(0.08 1.26 0)
(0.1 1.26 0)
(0.12 1.26 0)
(0.14 1.26 0)
(0.16 1.26 0)
(0.18 1.26 0)
(0.2 1.26 0)
(0.22 1.26 0)
(0.24 1.26 0)
(0.26 1.26 0)
(0.28 1.26 0)
(0.3 1.26 0)
(0.32 1.26 0)
(0.34 1.26 0)
(0.36 1.26 0)
(0.38 1.26 0)
(0.4 1.26 0)
(0.42 1.26 0)
(0.44 1.26 0)
(0.46 1.26 0)
(0.48 1.26 0)
(0.5 1.26 0)
(0 0 1)
(0.02 0 1)
(0.04 0 1)
(0.06 0 1)
(0.08 0 1)
(0.1 0 1)
(0.12 0 1)
(0.14 0 1)
(0.16 0 1)
(0.18 0 1)
(0.2 0 1)
(0.22 0 1)
(0.24 0 1)
(0.26 0 1)
(0.28 0 1)
(0.3 0 1)
(0.32 0 1)
(0.34 0 1)
(0.36 0 1)
(0.38 0 1)
(0.4 0 1)
(0.42 0 1)
(0.44 0 1)
(0.46 0 1)
(0.48 0 1)
(0.5 0 1)
(0 0.0504 1)
(0.02 0.0504 1)
(0.04 0.0504 1)
(0.06 0.0504 1)
(0.08 0.0504 1)
(0.1 0.0504 1)
(0.12 0.0504 1)
(0.14 0.0504 1)
(0.16 0.0504 1)
(0.18 0.0504 1)
(0.2 0.0504 1)
(0.22 0.0504 1)
(0.24 0.0504 1)
(0.26 0.0504 1)
(0.28 0.0504 1)
(0.3 0.0504 1)
(0.32 0.0504 1)
(0.34 0.0504 1)
(0.36 0.0504 1)
(0.38 0.0504 1)
(0.4 0.0504 1)
(0.42 0.0504 1)
(0.44 0.0504 1)
(0.46 0.0504 1)
(0.48 0.0504 1)
(0.5 0.0504 1)
(0 0.1008 1)
(0.02 0.1008 1)
(0.04 0.1008 1)
(0.06 0.1008 1)
(0.08 0.1008 1)
(0.1 0.1008 1)
(0.12 0.1008 1)
(0.14 0.1008 1)
(0.16 0.1008 1)
(0.18 0.1008 1)
(0.2 0.1008 1)
(0.22 0.1008 1)
(0.24 0.1008 1)
(0.26 0.1008 1)
(0.28 0.1008 1)
(0.3 0.1008 1)
(0.32 0.1008 1)
(0.34 0.1008 1)
(0.36 0.1008 1)
(0.38 0.1008 1)
(0.4 0.1008 1)
(0.42 0.1008 1)
(0.44 0.1008 1)
(0.46 0.1008 1)
(0.48 0.1008 1)
(0.5 0.1008 1)
(0 0.1512 1)
(0.02 0.1512 1)
(0.04 0.1512 1)
(0.06 0.1512 1)
(0.08 0.1512 1)
(0.1 0.1512 1)
(0.12 0.1512 1)
(0.14 0.1512 1)
(0.16 0.1512 1)
(0.18 0.1512 1)
(0.2 0.1512 1)
(0.22 0.1512 1)
(0.24 0.1512 1)
(0.26 0.1512 1)
(0.28 0.1512 1)
(0.3 0.1512 1)
(0.32 0.1512 1)
(0.34 0.1512 1)
(0.36 0.1512 1)
(0.38 0.1512 1)
(0.4 0.1512 1)
(0.42 0.1512 1)
(0.44 0.1512 1)
(0.46 0.1512 1)
(0.48 0.1512 1)
(0.5 0.1512 1)
(0 0.2016 1)
(0.02 0.2016 1)
(0.04 0.2016 1)
(0.06 0.2016 1)
(0.08 0.2016 1)
(0.1 0.2016 1)
(0.12 0.2016 1)
(0.14 0.2016 1)
(0.16 0.2016 1)
(0.18 0.2016 1)
(0.2 0.2016 1)
(0.22 0.2016 1)
(0.24 0.2016 1)
(0.26 0.2016 1)
(0.28 0.2016 1)
(0.3 0.2016 1)
(0.32 0.2016 1)
(0.34 0.2016 1)
(0.36 0.2016 1)
(0.38 0.2016 1)
(0.4 0.2016 1)
(0.42 0.2016 1)
(0.44 0.2016 1)
(0.46 0.2016 1)
(0.48 0.2016 1)
(0.5 0.2016 1)
(0 0.252 1)
(0.02 0.252 1)
(0.04 0.252 1)
(0.06 0.252 1)
(0.08 0.252 1)
(0.1 0.252 1)
(0.12 0.252 1)
(0.14 0.252 1)
(0.16 0.252 1)
(0.18 0.252 1)
(0.2 0.252 1)
(0.22 0.252 1)
(0.24 0.252 1)
(0.26 0.252 1)
(0.28 0.252 1)
(0.3 0.252 1)
(0.32 0.252 1)
(0.34 0.252 1)
(0.36 0.252 1)
(0.38 0.252 1)
(0.4 0.252 1)
(0.42 0.252 1)
(0.44 0.252 1)
(0.46 0.252 1)
(0.48 0.252 1)
(0.5 0.252 1)
(0 0.3024 1)
(0.02 0.3024 1)
(0.04 0.3024 1)
(0.06 0.3024 1)
(0.08 0.3024 1)
(0.1 0.3024 1)
(0.12 0.3024 1)
(0.14 0.3024 1)
(0.16 0.3024 1)
(0.18 0.3024 1)
(0.2 0.3024 1)
(0.22 0.3024 1)
(0.24 0.3024 1)
(0.26 0.3024 1)
(0.28 0.3024 1)
(0.3 0.3024 1)
(0.32 0.3024 1)
(0.34 0.3024 1)
(0.36 0.3024 1)
(0.38 0.3024 1)
(0.4 0.3024 1)
(0.42 0.3024 1)
(0.44 0.3024 1)
(0.46 0.3024 1)
(0.48 0.3024 1)
(0.5 0.3024 1)
(0 0.3528 1)
(0.02 0.3528 1)
(0.04 0.3528 1)
(0.06 0.3528 1)
(0.08 0.3528 1)
(0.1 0.3528 1)
(0.12 0.3528 1)
(0.14 0.3528 1)
(0.16 0.3528 1)
(0.18 0.3528 1)
(0.2 0.3528 1)
(0.22 0.3528 1)
(0.24 0.3528 1)
(0.26 0.3528 1)
(0.28 0.3528 1)
(0.3 0.3528 1)
(0.32 0.3528 1)
(0.34 0.3528 1)
(0.36 0.3528 1)
(0.38 0.3528 1)
(0.4 0.3528 1)
(0.42 0.3528 1)
(0.44 0.3528 1)
(0.46 0.3528 1)
(0.48 0.3528 1)
(0.5 0.3528 1)
(0 0.4032 1)
(0.02 0.4032 1)
(0.04 0.4032 1)
(0.06 0.4032 1)
(0.08 0.4032 1)
(0.1 0.4032 1)
(0.12 0.4032 1)
(0.14 0.4032 1)
(0.16 0.4032 1)
(0.18 0.4032 1)
(0.2 0.4032 1)
(0.22 0.4032 1)
(0.24 0.4032 1)
(0.26 0.4032 1)
(0.28 0.4032 1)
(0.3 0.4032 1)
(0.32 0.4032 1)
(0.34 0.4032 1)
(0.36 0.4032 1)
(0.38 0.4032 1)
(0.4 0.4032 1)
(0.42 0.4032 1)
(0.44 0.4032 1)
(0.46 0.4032 1)
(0.48 0.4032 1)
(0.5 0.4032 1)
(0 0.4536 1)
(0.02 0.4536 1)
(0.04 0.4536 1)
(0.06 0.4536 1)
(0.08 0.4536 1)
(0.1 0.4536 1)
(0.12 0.4536 1)
(0.14 0.4536 1)
(0.16 0.4536 1)
(0.18 0.4536 1)
(0.2 0.4536 1)
(0.22 0.4536 1)
(0.24 0.4536 1)
(0.26 0.4536 1)
(0.28 0.4536 1)
(0.3 0.4536 1)
(0.32 0.4536 1)
(0.34 0.4536 1)
(0.36 0.4536 1)
(0.38 0.4536 1)
(0.4 0.4536 1)
(0.42 0.4536 1)
(0.44 0.4536 1)
(0.46 0.4536 1)
(0.48 0.4536 1)
(0.5 0.4536 1)
(0 0.504 1)
(0.02 0.504 1)
(0.04 0.504 1)
(0.06 0.504 1)
(0.08 0.504 1)
(0.1 0.504 1)
(0.12 0.504 1)
(0.14 0.504 1)
(0.16 0.504 1)
(0.18 0.504 1)
(0.2 0.504 1)
(0.22 0.504 1)
(0.24 0.504 1)
(0.26 0.504 1)
(0.28 0.504 1)
(0.3 0.504 1)
(0.32 0.504 1)
(0.34 0.504 1)
(0.36 0.504 1)
(0.38 0.504 1)
(0.4 0.504 1)
(0.42 0.504 1)
(0.44 0.504 1)
(0.46 0.504 1)
(0.48 0.504 1)
(0.5 0.504 1)
(0 0.5544 1)
(0.02 0.5544 1)
(0.04 0.5544 1)
(0.06 0.5544 1)
(0.08 0.5544 1)
(0.1 0.5544 1)
(0.12 0.5544 1)
(0.14 0.5544 1)
(0.16 0.5544 1)
(0.18 0.5544 1)
(0.2 0.5544 1)
(0.22 0.5544 1)
(0.24 0.5544 1)
(0.26 0.5544 1)
(0.28 0.5544 1)
(0.3 0.5544 1)
(0.32 0.5544 1)
(0.34 0.5544 1)
(0.36 0.5544 1)
(0.38 0.5544 1)
(0.4 0.5544 1)
(0.42 0.5544 1)
(0.44 0.5544 1)
(0.46 0.5544 1)
(0.48 0.5544 1)
(0.5 0.5544 1)
(0 0.6048 1)
(0.02 0.6048 1)
(0.04 0.6048 1)
(0.06 0.6048 1)
(0.08 0.6048 1)
(0.1 0.6048 1)
(0.12 0.6048 1)
(0.14 0.6048 1)
(0.16 0.6048 1)
(0.18 0.6048 1)
(0.2 0.6048 1)
(0.22 0.6048 1)
(0.24 0.6048 1)
(0.26 0.6048 1)
(0.28 0.6048 1)
(0.3 0.6048 1)
(0.32 0.6048 1)
(0.34 0.6048 1)
(0.36 0.6048 1)
(0.38 0.6048 1)
(0.4 0.6048 1)
(0.42 0.6048 1)
(0.44 0.6048 1)
(0.46 0.6048 1)
(0.48 0.6048 1)
(0.5 0.6048 1)
(0 0.6552 1)
(0.02 0.6552 1)
(0.04 0.6552 1)
(0.06 0.6552 1)
(0.08 0.6552 1)
(0.1 0.6552 1)
(0.12 0.6552 1)
(0.14 0.6552 1)
(0.16 0.6552 1)
(0.18 0.6552 1)
(0.2 0.6552 1)
(0.22 0.6552 1)
(0.24 0.6552 1)
(0.26 0.6552 1)
(0.28 0.6552 1)
(0.3 0.6552 1)
(0.32 0.6552 1)
(0.34 0.6552 1)
(0.36 0.6552 1)
(0.38 0.6552 1)
(0.4 0.6552 1)
(0.42 0.6552 1)
(0.44 0.6552 1)
(0.46 0.6552 1)
(0.48 0.6552 1)
(0.5 0.6552 1)
(0 0.7056 1)
(0.02 0.7056 1)
(0.04 0.7056 1)
(0.06 0.7056 1)
(0.08 0.7056 1)
(0.1 0.7056 1)
(0.12 0.7056 1)
(0.14 0.7056 1)
(0.16 0.7056 1)
(0.18 0.7056 1)
(0.2 0.7056 1)
(0.22 0.7056 1)
(0.24 0.7056 1)
(0.26 0.7056 1)
(0.28 0.7056 1)
(0.3 0.7056 1)
(0.32 0.7056 1)
(0.34 0.7056 1)
(0.36 0.7056 1)
(0.38 0.7056 1)
(0.4 0.7056 1)
(0.42 0.7056 1)
(0.44 0.7056 1)
(0.46 0.7056 1)
(0.48 0.7056 1)
(0.5 0.7056 1)
(0 0.756 1)
(0.02 0.756 1)
(0.04 0.756 1)
(0.06 0.756 1)
(0.08 0.756 1)
(0.1 0.756 1)
(0.12 0.756 1)
(0.14 0.756 1)
(0.16 0.756 1)
(0.18 0.756 1)
(0.2 0.756 1)
(0.22 0.756 1)
(0.24 0.756 1)
(0.26 0.756 1)
(0.28 0.756 1)
(0.3 0.756 1)
(0.32 0.756 1)
(0.34 0.756 1)
(0.36 0.756 1)
(0.38 0.756 1)
(0.4 0.756 1)
(0.42 0.756 1)
(0.44 0.756 1)
(0.46 0.756 1)
(0.48 0.756 1)
(0.5 0.756 1)
(0 0.8064 1)
(0.02 0.8064 1)
(0.04 0.8064 1)
(0.06 0.8064 1)
(0.08 0.8064 1)
(0.1 0.8064 1)
(0.12 0.8064 1)
(0.14 0.8064 1)
(0.16 0.8064 1)
(0.18 0.8064 1)
(0.2 0.8064 1)
(0.22 0.8064 1)
(0.24 0.8064 1)
(0.26 0.8064 1)
(0.28 0.8064 1)
(0.3 0.8064 1)
(0.32 0.8064 1)
(0.34 0.8064 1)
(0.36 0.8064 1)
(0.38 0.8064 1)
(0.4 0.8064 1)
(0.42 0.8064 1)
(0.44 0.8064 1)
(0.46 0.8064 1)
(0.48 0.8064 1)
(0.5 0.8064 1)
(0 0.8568 1)
(0.02 0.8568 1)
(0.04 0.8568 1)
(0.06 0.8568 1)
(0.08 0.8568 1)
(0.1 0.8568 1)
(0.12 0.8568 1)
(0.14 0.8568 1)
(0.16 0.8568 1)
(0.18 0.8568 1)
(0.2 0.8568 1)
(0.22 0.8568 1)
(0.24 0.8568 1)
(0.26 0.8568 1)
(0.28 0.8568 1)
(0.3 0.8568 1)
(0.32 0.8568 1)
(0.34 0.8568 1)
(0.36 0.8568 1)
(0.38 0.8568 1)
(0.4 0.8568 1)
(0.42 0.8568 1)
(0.44 0.8568 1)
(0.46 0.8568 1)
(0.48 0.8568 1)
(0.5 0.8568 1)
(0 0.9072 1)
(0.02 0.9072 1)
(0.04 0.9072 1)
(0.06 0.9072 1)
(0.08 0.9072 1)
(0.1 0.9072 1)
(0.12 0.9072 1)
(0.14 0.9072 1)
(0.16 0.9072 1)
(0.18 0.9072 1)
(0.2 0.9072 1)
(0.22 0.9072 1)
(0.24 0.9072 1)
(0.26 0.9072 1)
(0.28 0.9072 1)
(0.3 0.9072 1)
(0.32 0.9072 1)
(0.34 0.9072 1)
(0.36 0.9072 1)
(0.38 0.9072 1)
(0.4 0.9072 1)
(0.42 0.9072 1)
(0.44 0.9072 1)
(0.46 0.9072 1)
(0.48 0.9072 1)
(0.5 0.9072 1)
(0 0.9576 1)
(0.02 0.9576 1)
(0.04 0.9576 1)
(0.06 0.9576 1)
(0.08 0.9576 1)
(0.1 0.9576 1)
(0.12 0.9576 1)
(0.14 0.9576 1)
(0.16 0.9576 1)
(0.18 0.9576 1)
(0.2 0.9576 1)
(0.22 0.9576 1)
(0.24 0.9576 1)
(0.26 0.9576 1)
(0.28 0.9576 1)
(0.3 0.9576 1)
(0.32 0.9576 1)
(0.34 0.9576 1)
(0.36 0.9576 1)
(0.38 0.9576 1)
(0.4 0.9576 1)
(0.42 0.9576 1)
(0.44 0.9576 1)
(0.46 0.9576 1)
(0.48 0.9576 1)
(0.5 0.9576 1)
(0 1.008 1)
(0.02 1.008 1)
(0.04 1.008 1)
(0.06 1.008 1)
(0.08 1.008 1)
(0.1 1.008 1)
(0.12 1.008 1)
(0.14 1.008 1)
(0.16 1.008 1)
(0.18 1.008 1)
(0.2 1.008 1)
(0.22 1.008 1)
(0.24 1.008 1)
(0.26 1.008 1)
(0.28 1.008 1)
(0.3 1.008 1)
(0.32 1.008 1)
(0.34 1.008 1)
(0.36 1.008 1)
(0.38 1.008 1)
(0.4 1.008 1)
(0.42 1.008 1)
(0.44 1.008 1)
(0.46 1.008 1)
(0.48 1.008 1)
(0.5 1.008 1)
(0 1.0584 1)
(0.02 1.0584 1)
(0.04 1.0584 1)
(0.06 1.0584 1)
(0.08 1.0584 1)
(0.1 1.0584 1)
(0.12 1.0584 1)
(0.14 1.0584 1)
(0.16 1.0584 1)
(0.18 1.0584 1)
(0.2 1.0584 1)
(0.22 1.0584 1)
(0.24 1.0584 1)
(0.26 1.0584 1)
(0.28 1.0584 1)
(0.3 1.0584 1)
(0.32 1.0584 1)
(0.34 1.0584 1)
(0.36 1.0584 1)
(0.38 1.0584 1)
(0.4 1.0584 1)
(0.42 1.0584 1)
(0.44 1.0584 1)
(0.46 1.0584 1)
(0.48 1.0584 1)
(0.5 1.0584 1)
(0 1.1088 1)
(0.02 1.1088 1)
(0.04 1.1088 1)
(0.06 1.1088 1)
(0.08 1.1088 1)
(0.1 1.1088 1)
(0.12 1.1088 1)
(0.14 1.1088 1)
(0.16 1.1088 1)
(0.18 1.1088 1)
(0.2 1.1088 1)
(0.22 1.1088 1)
(0.24 1.1088 1)
(0.26 1.1088 1)
(0.28 1.1088 1)
(0.3 1.1088 1)
(0.32 1.1088 1)
(0.34 1.1088 1)
(0.36 1.1088 1)
(0.38 1.1088 1)
(0.4 1.1088 1)
(0.42 1.1088 1)
(0.44 1.1088 1)
(0.46 1.1088 1)
(0.48 1.1088 1)
(0.5 1.1088 1)
(0 1.1592 1)
(0.02 1.1592 1)
(0.04 1.1592 1)
(0.06 1.1592 1)
(0.08 1.1592 1)
(0.1 1.1592 1)
(0.12 1.1592 1)
(0.14 1.1592 1)
(0.16 1.1592 1)
(0.18 1.1592 1)
(0.2 1.1592 1)
(0.22 1.1592 1)
(0.24 1.1592 1)
(0.26 1.1592 1)
(0.28 1.1592 1)
(0.3 1.1592 1)
(0.32 1.1592 1)
(0.34 1.1592 1)
(0.36 1.1592 1)
(0.38 1.1592 1)
(0.4 1.1592 1)
(0.42 1.1592 1)
(0.44 1.1592 1)
(0.46 1.1592 1)
(0.48 1.1592 1)
(0.5 1.1592 1)
(0 1.2096 1)
(0.02 1.2096 1)
(0.04 1.2096 1)
(0.06 1.2096 1)
(0.08 1.2096 1)
(0.1 1.2096 1)
(0.12 1.2096 1)
(0.14 1.2096 1)
(0.16 1.2096 1)
(0.18 1.2096 1)
(0.2 1.2096 1)
(0.22 1.2096 1)
(0.24 1.2096 1)
(0.26 1.2096 1)
(0.28 1.2096 1)
(0.3 1.2096 1)
(0.32 1.2096 1)
(0.34 1.2096 1)
(0.36 1.2096 1)
(0.38 1.2096 1)
(0.4 1.2096 1)
(0.42 1.2096 1)
(0.44 1.2096 1)
(0.46 1.2096 1)
(0.48 1.2096 1)
(0.5 1.2096 1)
(0 1.26 1)
(0.02 1.26 1)
(0.04 1.26 1)
(0.06 1.26 1)
(0.08 1.26 1)
(0.1 1.26 1)
(0.12 1.26 1)
(0.14 1.26 1)
(0.16 1.26 1)
(0.18 1.26 1)
(0.2 1.26 1)
(0.22 1.26 1)
(0.24 1.26 1)
(0.26 1.26 1)
(0.28 1.26 1)
(0.3 1.26 1)
(0.32 1.26 1)
(0.34 1.26 1)
(0.36 1.26 1)
(0.38 1.26 1)
(0.4 1.26 1)
(0.42 1.26 1)
(0.44 1.26 1)
(0.46 1.26 1)
(0.48 1.26 1)
(0.5 1.26 1)
(0.54 0.01456 0)
(0.58 0.02912 0)
(0.62 0.04368 0)
(0.66 0.05824 0)
(0.7 0.0728 0)
(0.74 0.08736 0)
(0.78 0.10192 0)
(0.82 0.11648 0)
(0.86 0.13104 0)
(0.9 0.1456 0)
(0.94 0.16016 0)
(0.98 0.17472 0)
(1.02 0.18928 0)
(1.06 0.20384 0)
(1.1 0.2184 0)
(1.14 0.23296 0)
(1.18 0.24752 0)
(1.22 0.26208 0)
(1.26 0.27664 0)
(1.3 0.2912 0)
(1.34 0.30576 0)
(1.38 0.32032 0)
(1.42 0.33488 0)
(1.46 0.34944 0)
(1.5 0.364 0)
(0.54 0.0643776 0)
(0.58 0.0783552 0)
(0.62 0.0923328 0)
(0.66 0.1063104 0)
(0.7 0.120288 0)
(0.74 0.1342656 0)
(0.78 0.1482432 0)
(0.82 0.1622208 0)
(0.86 0.1761984 0)
(0.9 0.190176 0)
(0.94 0.2041536 0)
(0.98 0.2181312 0)
(1.02 0.2321088 0)
(1.06 0.2460864 0)
(1.1 0.260064 0)
(1.14 0.2740416 0)
(1.18 0.2880192 0)
(1.22 0.3019968 0)
(1.26 0.3159744 0)
(1.3 0.329952 0)
(1.34 0.3439296 0)
(1.38 0.3579072 0)
(1.42 0.3718848 0)
(1.46 0.3858624 0)
(1.5 0.39984 0)
(0.54 0.1141952 0)
(0.58 0.1275904 0)
(0.62 0.1409856 0)
(0.66 0.1543808 0)
(0.7 0.167776 0)
(0.74 0.1811712 0)
(0.78 0.1945664 0)
(0.82 0.2079616 0)
(0.86 0.2213568 0)
(0.9 0.234752 0)
(0.94 0.2481472 0)
(0.98 0.2615424 0)
(1.02 0.2749376 0)
(1.06 0.2883328 0)
(1.1 0.301728 0)
(1.14 0.3151232 0)
(1.18 0.3285184 0)
(1.22 0.3419136 0)
(1.26 0.3553088 0)
(1.3 0.368704 0)
(1.34 0.3820992 0)
(1.38 0.3954944 0)
(1.42 0.4088896 0)
(1.46 0.4222848 0)
(1.5 0.43568 0)
(0.54 0.1640128 0)
(0.58 0.1768256 0)
(0.62 0.1896384 0)
(0.66 0.2024512 0)
(0.7 0.215264 0)
(0.74 0.2280768 0)
(0.78 0.2408896 0)
(0.82 0.2537024 0)
(0.86 0.2665152 0)
(0.9 0.279328 0)
(0.94 0.2921408 0)
(0.98 0.3049536 0)
(1.02 0.3177664 0)
(1.06 0.3305792 0)
(1.1 0.343392 0)
(1.14 0.3562048 0)
(1.18 0.3690176 0)
(1.22 0.3818304 0)
(1.26 0.3946432 0)
(1.3 0.407456 0)
(1.34 0.4202688 0)
(1.38 0.4330816 0)
(1.42 0.4458944 0)
(1.46 0.4587072 0)
(1.5 0.47152 0)
(0.54 0.2138304 0)
(0.58 0.2260608 0)
(0.62 0.2382912 0)
(0.66 0.2505216 0)
(0.7 0.262752 0)
(0.74 0.2749824 0)
(0.78 0.2872128 0)
(0.82 0.2994432 0)
(0.86 0.3116736 0)
(0.9 0.323904 0)
(0.94 0.3361344 0)
(0.98 0.3483648 0)
(1.02 0.3605952 0)
(1.06 0.3728256 0)
(1.1 0.385056 0)
(1.14 0.3972864 0)
(1.18 0.4095168 0)
(1.22 0.4217472 0)
(1.26 0.4339776 0)
(1.3 0.446208 0)
(1.34 0.4584384 0)
(1.38 0.4706688 0)
(1.42 0.4828992 0)
(1.46 0.4951296 0)
(1.5 0.50736 0)
(0.54 0.263648 0)
(0.58 0.275296 0)
(0.62 0.286944 0)
(0.66 0.298592 0)
(0.7 0.31024 0)
(0.74 0.321888 0)
(0.78 0.333536 0)
(0.82 0.345184 0)
(0.86 0.356832 0)
(0.9 0.36848 0)
(0.94 0.380128 0)
(0.98 0.391776 0)
(1.02 0.403424 0)
(1.06 0.415072 0)
(1.1 0.42672 0)
(1.14 0.438368 0)
(1.18 0.450016 0)
(1.22 0.461664 0)
(1.26 0.473312 0)
(1.3 0.48496 0)
(1.34 0.496608 0)
(1.38 0.508256 0)
(1.42 0.519904 0)
(1.46 0.531552 0)
(1.5 0.5432 0)
(0.54 0.3134656 0)
(0.58 0.3245312 0)
(0.62 0.3355968 0)
(0.66 0.3466624 0)
(0.7 0.357728 0)
(0.74 0.3687936 0)
(0.78 0.3798592 0)
(0.82 0.3909248 0)
(0.86 0.4019904 0)
(0.9 0.413056 0)
(0.94 0.4241216 0)
(0.98 0.4351872 0)
(1.02 0.4462528 0)
(1.06 0.4573184 0)
(1.1 0.468384 0)
(1.14 0.4794496 0)
(1.18 0.4905152 0)
(1.22 0.5015808 0)
(1.26 0.5126464 0)
(1.3 0.523712 0)
(1.34 0.5347776 0)
(1.38 0.5458432 0)
(1.42 0.5569088 0)
(1.46 0.5679744 0)
(1.5 0.57904 0)
(0.54 0.3632832 0)
(0.58 0.3737664 0)
(0.62 0.3842496 0)
(0.66 0.3947328 0)
(0.7 0.405216 0)
(0.74 0.4156992 0)
(0.78 0.4261824 0)
(0.82 0.4366656 0)
(0.86 0.4471488 0)
(0.9 0.457632 0)
(0.94 0.4681152 0)
(0.98 0.4785984 0)
(1.02 0.4890816 0)
(1.06 0.4995648 0)
(1.1 0.510048 0)
(1.14 0.5205312 0)
(1.18 0.5310144 0)
(1.22 0.5414976 0)
(1.26 0.5519808 0)
(1.3 0.562464 0)
(1.34 0.5729472 0)
(1.38 0.5834304 0)
(1.42 0.5939136 0)
(1.46 0.6043968 0)
(1.5 0.61488 0)
(0.54 0.4131008 0)
(0.58 0.4230016 0)
(0.62 0.4329024 0)
(0.66 0.4428032 0)
(0.7 0.452704 0)
(0.74 0.4626048 0)
(0.78 0.4725056 0)
(0.82 0.4824064 0)
(0.86 0.4923072 0)
(0.9 0.502208 0)
(0.94 0.5121088 0)
(0.98 0.5220096 0)
(1.02 0.5319104 0)
(1.06 0.5418112 0)
(1.1 0.551712 0)
(1.14 0.5616128 0)
(1.18 0.5715136 0)
(1.22 0.5814144 0)
(1.26 0.5913152 0)
(1.3 0.601216 0)
(1.34 0.6111168 0)
(1.38 0.6210176 0)
(1.42 0.6309184 0)
(1.46 0.6408192 0)
(1.5 0.65072 0)
(0.54 0.4629184 0)
(0.58 0.4722368 0)
(0.62 0.4815552 0)
(0.66 0.4908736 0)
(0.7 0.500192 0)
(0.74 0.5095104 0)
(0.78 0.5188288 0)
(0.82 0.5281472 0)
(0.86 0.5374656 0)
(0.9 0.546784 0)
(0.94 0.5561024 0)
(0.98 0.5654208 0)
(1.02 0.5747392 0)
(1.06 0.5840576 0)
(1.1 0.593376 0)
(1.14 0.6026944 0)
(1.18 0.6120128 0)
(1.22 0.6213312 0)
(1.26 0.6306496 0)
(1.3 0.639968 0)
(1.34 0.6492864 0)
(1.38 0.6586048 0)
(1.42 0.6679232 0)
(1.46 0.6772416 0)
(1.5 0.68656 0)
(0.54 0.512736 0)
(0.58 0.521472 0)
(0.62 0.530208 0)
(0.66 0.538944 0)
(0.7 0.54768 0)
(0.74 0.556416 0)
(0.78 0.565152 0)
(0.82 0.573888 0)
(0.86 0.582624 0)
(0.9 0.59136 0)
(0.94 0.600096 0)
(0.98 0.608832 0)
(1.02 0.617568 0)
(1.06 0.626304 0)
(1.1 0.63504 0)
(1.14 0.643776 0)
(1.18 0.652512 0)
(1.22 0.661248 0)
(1.26 0.669984 0)
(1.3 0.67872 0)
(1.34 0.687456 0)
(1.38 0.696192 0)
(1.42 0.704928 0)
(1.46 0.713664 0)
(1.5 0.7224 0)
(0.54 0.5625536 0)
(0.58 0.5707072 0)
(0.62 0.5788608 0)
(0.66 0.5870144 0)
(0.7 0.595168 0)
(0.74 0.6033216 0)
(0.78 0.6114752 0)
(0.82 0.6196288 0)
(0.86 0.6277824 0)
(0.9 0.635936 0)
(0.94 0.6440896 0)
(0.98 0.6522432 0)
(1.02 0.6603968 0)
(1.06 0.6685504 0)
(1.1 0.676704 0)
(1.14 0.6848576 0)
(1.18 0.6930112 0)
(1.22 0.7011648 0)
(1.26 0.7093184 0)
(1.3 0.717472 0)
(1.34 0.7256256 0)
(1.38 0.7337792 0)
(1.42 0.7419328 0)
(1.46 0.7500864 0)
(1.5 0.75824 0)
(0.54 0.6123712 0)
(0.58 0.6199424 0)
(0.62 0.6275136 0)
(0.66 0.6350848 0)
(0.7 0.642656 0)
(0.74 0.6502272 0)
(0.78 0.6577984 0)
(0.82 0.6653696 0)
(0.86 0.6729408 0)
(0.9 0.680512 0)
(0.94 0.6880832 0)
(0.98 0.6956544 0)
(1.02 0.7032256 0)
(1.06 0.7107968 0)
(1.1 0.718368 0)
(1.14 0.7259392 0)
(1.18 0.7335104 0)
(1.22 0.7410816 0)
(1.26 0.7486528 0)
(1.3 0.756224 0)
(1.34 0.7637952 0)
(1.38 0.7713664 0)
(1.42 0.7789376 0)
(1.46 0.7865088 0)
(1.5 0.79408 0)
(0.54 0.6621888 0)
(0.58 0.6691776 0)
(0.62 0.6761664 0)
(0.66 0.6831552 0)
(0.7 0.690144 0)
(0.74 0.6971328 0)
(0.78 0.7041216 0)
(0.82 0.7111104 0)
(0.86 0.7180992 0)
(0.9 0.725088 0)
(0.94 0.7320768 0)
(0.98 0.7390656 0)
(1.02 0.7460544 0)
(1.06 0.7530432 0)
(1.1 0.760032 0)
(1.14 0.7670208 0)
(1.18 0.7740096 0)
(1.22 0.7809984 0)
(1.26 0.7879872 0)
(1.3 0.794976 0)
(1.34 0.8019648 0)
(1.38 0.8089536 0)
(1.42 0.8159424 0)
(1.46 0.8229312 0)
(1.5 0.82992 0)
(0.54 0.7120064 0)
(0.58 0.7184128 0)
(0.62 0.7248192 0)
(0.66 0.7312256 0)
(0.7 0.737632 0)
(0.74 0.7440384 0)
(0.78 0.7504448 0)
(0.82 0.7568512 0)
(0.86 0.7632576 0)
(0.9 0.769664 0)
(0.94 0.7760704 0)
(0.98 0.7824768 0)
(1.02 0.7888832 0)
(1.06 0.7952896 0)
(1.1 0.801696 0)
(1.14 0.8081024 0)
(1.18 0.8145088 0)
(1.22 0.8209152 0)
(1.26 0.8273216 0)
(1.3 0.833728 0)
(1.34 0.8401344 0)
(1.38 0.8465408 0)
(1.42 0.8529472 0)
(1.46 0.8593536 0)
(1.5 0.86576 0)
(0.54 0.761824 0)
(0.58 0.767648 0)
(0.62 0.773472 0)
(0.66 0.779296 0)
(0.7 0.78512 0)
(0.74 0.790944 0)
(0.78 0.796768 0)
(0.82 0.802592 0)
(0.86 0.808416 0)
(0.9 0.81424 0)
(0.94 0.820064 0)
(0.98 0.825888 0)
(1.02 0.831712 0)
(1.06 0.837536 0)
(1.1 0.84336 0)
(1.14 0.849184 0)
(1.18 0.855008 0)
(1.22 0.860832 0)
(1.26 0.866656 0)
(1.3 0.87248 0)
(1.34 0.878304 0)
(1.38 0.884128 0)
(1.42 0.889952 0)
(1.46 0.895776 0)
(1.5 0.9016 0)
(0.54 0.8116416 0)
(0.58 0.8168832 0)
(0.62 0.8221248 0)
(0.66 0.8273664 0)
(0.7 0.832608 0)
(0.74 0.8378496 0)
(0.78 0.8430912 0)
(0.82 0.8483328 0)
(0.86 0.8535744 0)
(0.9 0.858816 0)
(0.94 0.8640576 0)
(0.98 0.8692992 0)
(1.02 0.8745408 0)
(1.06 0.8797824 0)
(1.1 0.885024 0)
(1.14 0.8902656 0)
(1.18 0.8955072 0)
(1.22 0.9007488 0)
(1.26 0.9059904 0)
(1.3 0.911232 0)
(1.34 0.9164736 0)
(1.38 0.9217152 0)
(1.42 0.9269568 0)
(1.46 0.9321984 0)
(1.5 0.93744 0)
(0.54 0.8614592 0)
(0.58 0.8661184 0)
(0.62 0.8707776 0)
(0.66 0.8754368 0)
(0.7 0.880096 0)
(0.74 0.8847552 0)
(0.78 0.8894144 0)
(0.82 0.8940736 0)
(0.86 0.8987328 0)
(0.9 0.903392 0)
(0.94 0.9080512 0)
(0.98 0.9127104 0)
(1.02 0.9173696 0)
(1.06 0.9220288 0)
(1.1 0.926688 0)
(1.14 0.9313472 0)
(1.18 0.9360064 0)
(1.22 0.9406656 0)
(1.26 0.9453248 0)
(1.3 0.949984 0)
(1.34 0.9546432 0)
(1.38 0.9593024 0)
(1.42 0.9639616 0)
(1.46 0.9686208 0)
(1.5 0.97328 0)
(0.54 0.9112768 0)
(0.58 0.9153536 0)
(0.62 0.9194304 0)
(0.66 0.9235072 0)
(0.7 0.927584 0)
(0.74 0.9316608 0)
(0.78 0.9357376 0)
(0.82 0.9398144 0)
(0.86 0.9438912 0)
(0.9 0.947968 0)
(0.94 0.9520448 0)
(0.98 0.9561216 0)
(1.02 0.9601984 0)
(1.06 0.9642752 0)
(1.1 0.968352 0)
(1.14 0.9724288 0)
(1.18 0.9765056 0)
(1.22 0.9805824 0)
(1.26 0.9846592 0)
(1.3 0.988736 0)
(1.34 0.9928128 0)
(1.38 0.9968896 0)
(1.42 1.0009664 0)
(1.46 1.0050432 0)
(1.5 1.00912 0)
(0.54 0.9610944 0)
(0.58 0.9645888 0)
(0.62 0.9680832 0)
(0.66 0.9715776 0)
(0.7 0.975072 0)
(0.74 0.9785664 0)
(0.78 0.9820608 0)
(0.82 0.9855552 0)
(0.86 0.9890496 0)
(0.9 0.992544 0)
(0.94 0.9960384 0)
(0.98 0.9995328 0)
(1.02 1.0030272 0)
(1.06 1.0065216 0)
(1.1 1.010016 0)
(1.14 1.0135104 0)
(1.18 1.0170048 0)
(1.22 1.0204992 0)
(1.26 1.0239936 0)
(1.3 1.027488 0)
(1.34 1.0309824 0)
(1.38 1.0344768 0)
(1.42 1.0379712 0)
(1.46 1.0414656 0)
(1.5 1.04496 0)
(0.54 1.010912 0)
(0.58 1.013824 0)
(0.62 1.016736 0)
(0.66 1.019648 0)
(0.7 1.02256 0)
(0.74 1.025472 0)
(0.78 1.028384 0)
(0.82 1.031296 0)
(0.86 1.034208 0)
(0.9 1.03712 0)
(0.94 1.040032 0)
(0.98 1.042944 0)
(1.02 1.045856 0)
(1.06 1.048768 0)
(1.1 1.05168 0)
(1.14 1.054592 0)
(1.18 1.057504 0)
(1.22 1.060416 0)
(1.26 1.063328 0)
(1.3 1.06624 0)
(1.34 1.069152 0)
(1.38 1.072064 0)
(1.42 1.074976 0)
(1.46 1.077888 0)
(1.5 1.0808 0)
(0.54 1.0607296 0)
(0.58 1.0630592 0)
(0.62 1.0653888 0)
(0.66 1.0677184 0)
(0.7 1.070048 0)
(0.74 1.0723776 0)
(0.78 1.0747072 0)
(0.82 1.0770368 0)
(0.86 1.0793664 0)
(0.9 1.081696 0)
(0.94 1.0840256 0)
(0.98 1.0863552 0)
(1.02 1.0886848 0)
(1.06 1.0910144 0)
(1.1 1.093344 0)
(1.14 1.0956736 0)
(1.18 1.0980032 0)
(1.22 1.1003328 0)
(1.26 1.1026624 0)
(1.3 1.104992 0)
(1.34 1.1073216 0)
(1.38 1.1096512 0)
(1.42 1.1119808 0)
(1.46 1.1143104 0)
(1.5 1.11664 0)
(0.54 1.1105472 0)
(0.58 1.1122944 0)
(0.62 1.1140416 0)
(0.66 1.1157888 0)
(0.7 1.117536 0)
(0.74 1.1192832 0)
(0.78 1.1210304 0)
(0.82 1.1227776 0)
(0.86 1.1245248 0)
(0.9 1.126272 0)
(0.94 1.1280192 0)
(0.98 1.1297664 0)
(1.02 1.1315136 0)
(1.06 1.1332608 0)
(1.1 1.135008 0)
(1.14 1.1367552 0)
(1.18 1.1385024 0)
(1.22 1.1402496 0)
(1.26 1.1419968 0)
(1.3 1.143744 0)
(1.34 1.1454912 0)
(1.38 1.1472384 0)
(1.42 1.1489856 0)
(1.46 1.1507328 0)
(1.5 1.15248 0)
(0.54 1.1603648 0)
(0.58 1.1615296 0)
(0.62 1.1626944 0)
(0.66 1.1638592 0)
(0.7 1.165024 0)
(0.74 1.1661888 0)
(0.78 1.1673536 0)
(0.82 1.1685184 0)
(0.86 1.1696832 0)
(0.9 1.170848 0)
(0.94 1.1720128 0)
(0.98 1.1731776 0)
(1.02 1.1743424 0)
(1.06 1.1755072 0)
(1.1 1.176672 0)
(1.14 1.1778368 0)
(1.18 1.1790016 0)
(1.22 1.1801664 0)
(1.26 1.1813312 0)
(1.3 1.182496 0)
(1.34 1.1836608 0)
(1.38 1.1848256 0)
(1.42 1.1859904 0)
(1.46 1.1871552 0)
(1.5 1.18832 0)
(0.54 1.2101824 0)
(0.58 1.2107648 0)
(0.62 1.2113472 0)
(0.66 1.2119296 0)
(0.7 1.212512 0)
(0.74 1.2130944 0)
(0.78 1.2136768 0)
(0.82 1.2142592 0)
(0.86 1.2148416 0)
(0.9 1.215424 0)
(0.94 1.2160064 0)
(0.98 1.2165888 0)
(1.02 1.2171712 0)
(1.06 1.2177536 0)
(1.1 1.218336 0)
(1.14 1.2189184 0)
(1.18 1.2195008 0)
(1.22 1.2200832 0)
(1.26 1.2206656 0)
(1.3 1.221248 0)
(1.34 1.2218304 0)
(1.38 1.2224128 0)
(1.42 1.2229952 0)
(1.46 1.2235776 0)
(1.5 1.22416 0)
(0.54 1.26 0)
(0.58 1.26 0)
(0.62 1.26 0)
(0.66 1.26 0)
(0.7 1.26 0)
(0.74 1.26 0)
(0.78 1.26 0)
(0.82 1.26 0)
(0.86 1.26 0)
(0.9 1.26 0)
(0.94 1.26 0)
(0.98 1.26 0)
(1.02 1.26 0)
(1.06 1.26 0)
(1.1 1.26 0)
(1.14 1.26 0)
(1.18 1.26 0)
(1.22 1.26 0)
(1.26 1.26 0)
(1.3 1.26 0)
(1.34 1.26 0)
(1.38 1.26 0)
(1.42 1.26 0)
(1.46 1.26 0)
(1.5 1.26 0)
(0.54 0.01456 1)
(0.58 0.02912 1)
(0.62 0.04368 1)
(0.66 0.05824 1)
(0.7 0.0728 1)
(0.74 0.08736 1)
(0.78 0.10192 1)
(0.82 0.11648 1)
(0.86 0.13104 1)
(0.9 0.1456 1)
(0.94 0.16016 1)
(0.98 0.17472 1)
(1.02 0.18928 1)
(1.06 0.20384 1)
(1.1 0.2184 1)
(1.14 0.23296 1)
(1.18 0.24752 1)
(1.22 0.26208 1)
(1.26 0.27664 1)
(1.3 0.2912 1)
(1.34 0.30576 1)
(1.38 0.32032 1)
(1.42 0.33488 1)
(1.46 0.34944 1)
(1.5 0.364 1)
(0.54 0.0643776 1)
(0.58 0.0783552 1)
(0.62 0.0923328 1)
(0.66 0.1063104 1)
(0.7 0.120288 1)
(0.74 0.1342656 1)
(0.78 0.1482432 1)
(0.82 0.1622208 1)
(0.86 0.1761984 1)
(0.9 0.190176 1)
(0.94 0.2041536 1)
(0.98 0.2181312 1)
(1.02 0.2321088 1)
(1.06 0.2460864 1)
(1.1 0.260064 1)
(1.14 0.2740416 1)
(1.18 0.2880192 1)
(1.22 0.3019968 1)
(1.26 0.3159744 1)
(1.3 0.329952 1)
(1.34 0.3439296 1)
(1.38 0.3579072 1)
(1.42 0.3718848 1)
(1.46 0.3858624 1)
(1.5 0.39984 1)
(0.54 0.1141952 1)
(0.58 0.1275904 1)
(0.62 0.1409856 1)
(0.66 0.1543808 1)
(0.7 0.167776 1)
(0.74 0.1811712 1)
(0.78 0.1945664 1)
(0.82 0.2079616 1)
(0.86 0.2213568 1)
(0.9 0.234752 1)
(0.94 0.2481472 1)
(0.98 0.2615424 1)
(1.02 0.2749376 1)
(1.06 0.2883328 1)
(1.1 0.301728 1)
(1.14 0.3151232 1)
(1.18 0.3285184 1)
(1.22 0.3419136 1)
(1.26 0.3553088 1)
(1.3 0.368704 1)
(1.34 0.3820992 1)
(1.38 0.3954944 1)
(1.42 0.4088896 1)
(1.46 0.4222848 1)
(1.5 0.43568 1)
(0.54 0.1640128 1)
(0.58 0.1768256 1)
(0.62 0.1896384 1)
(0.66 0.2024512 1)
(0.7 0.215264 1)
(0.74 0.2280768 1)
(0.78 0.2408896 1)
(0.82 0.2537024 1)
(0.86 0.2665152 1)
(0.9 0.279328 1)
(0.94 0.2921408 1)
(0.98 0.3049536 1)
(1.02 0.3177664 1)
(1.06 0.3305792 1)
(1.1 0.343392 1)
(1.14 0.3562048 1)
(1.18 0.3690176 1)
(1.22 0.3818304 1)
(1.26 0.3946432 1)
(1.3 0.407456 1)
(1.34 0.4202688 1)
(1.38 0.4330816 1)
(1.42 0.4458944 1)
(1.46 0.4587072 1)
(1.5 0.47152 1)
(0.54 0.2138304 1)
(0.58 0.2260608 1)
(0.62 0.2382912 1)
(0.66 0.2505216 1)
(0.7 0.262752 1)
(0.74 0.2749824 1)
(0.78 0.2872128 1)
(0.82 0.2994432 1)
(0.86 0.3116736 1)
(0.9 0.323904 1)
(0.94 0.3361344 1)
(0.98 0.3483648 1)
(1.02 0.3605952 1)
(1.06 0.3728256 1)
(1.1 0.385056 1)
(1.14 0.3972864 1)
(1.18 0.4095168 1)
(1.22 0.4217472 1)
(1.26 0.4339776 1)
(1.3 0.446208 1)
(1.34 0.4584384 1)
(1.38 0.4706688 1)
(1.42 0.4828992 1)
(1.46 0.4951296 1)
(1.5 0.50736 1)
(0.54 0.263648 1)
(0.58 0.275296 1)
(0.62 0.286944 1)
(0.66 0.298592 1)
(0.7 0.31024 1)
(0.74 0.321888 1)
(0.78 0.333536 1)
(0.82 0.345184 1)
(0.86 0.356832 1)
(0.9 0.36848 1)
(0.94 0.380128 1)
(0.98 0.391776 1)
(1.02 0.403424 1)
(1.06 0.415072 1)
(1.1 0.42672 1)
(1.14 0.438368 1)
(1.18 0.450016 1)
(1.22 0.461664 1)
(1.26 0.473312 1)
(1.3 0.48496 1)
(1.34 0.496608 1)
(1.38 0.508256 1)
(1.42 0.519904 1)
(1.46 0.531552 1)
(1.5 0.5432 1)
(0.54 0.3134656 1)
(0.58 0.3245312 1)
(0.62 0.3355968 1)
(0.66 0.3466624 1)
(0.7 0.357728 1)
(0.74 0.3687936 1)
(0.78 0.3798592 1)
(0.82 0.3909248 1)
(0.86 0.4019904 1)
(0.9 0.413056 1)
(0.94 0.4241216 1)
(0.98 0.4351872 1)
(1.02 0.4462528 1)
(1.06 0.4573184 1)
(1.1 0.468384 1)
(1.14 0.4794496 1)
(1.18 0.4905152 1)
(1.22 0.5015808 1)
(1.26 0.5126464 1)
(1.3 0.523712 1)
(1.34 0.5347776 1)
(1.38 0.5458432 1)
(1.42 0.5569088 1)
(1.46 0.5679744 1)
(1.5 0.57904 1)
(0.54 0.3632832 1)
(0.58 0.3737664 1)
(0.62 0.3842496 1)
(0.66 0.3947328 1)
(0.7 0.405216 1)
(0.74 0.4156992 1)
(0.78 0.4261824 1)
(0.82 0.4366656 1)
(0.86 0.4471488 1)
(0.9 0.457632 1)
(0.94 0.4681152 1)
(0.98 0.4785984 1)
(1.02 0.4890816 1)
(1.06 0.4995648 1)
(1.1 0.510048 1)
(1.14 0.5205312 1)
(1.18 0.5310144 1)
(1.22 0.5414976 1)
(1.26 0.5519808 1)
(1.3 0.562464 1)
(1.34 0.5729472 1)
(1.38 0.5834304 1)
(1.42 0.5939136 1)
(1.46 0.6043968 1)
(1.5 0.61488 1)
(0.54 0.4131008 1)
(0.58 0.4230016 1)
(0.62 0.4329024 1)
(0.66 0.4428032 1)
(0.7 0.452704 1)
(0.74 0.4626048 1)
(0.78 0.4725056 1)
(0.82 0.4824064 1)
(0.86 0.4923072 1)
(0.9 0.502208 1)
(0.94 0.5121088 1)
(0.98 0.5220096 1)
(1.02 0.5319104 1)
(1.06 0.5418112 1)
(1.1 0.551712 1)
(1.14 0.5616128 1)
(1.18 0.5715136 1)
(1.22 0.5814144 1)
(1.26 0.5913152 1)
(1.3 0.601216 1)
(1.34 0.6111168 1)
(1.38 0.6210176 1)
(1.42 0.6309184 1)
(1.46 0.6408192 1)
(1.5 0.65072 1)
(0.54 0.4629184 1)
(0.58 0.4722368 1)
(0.62 0.4815552 1)
(0.66 0.4908736 1)
(0.7 0.500192 1)
(0.74 0.5095104 1)
(0.78 0.5188288 1)
(0.82 0.5281472 1)
(0.86 0.5374656 1)
(0.9 0.546784 1)
(0.94 0.5561024 1)
(0.98 0.5654208 1)
(1.02 0.5747392 1)
(1.06 0.5840576 1)
(1.1 0.593376 1)
(1.14 0.6026944 1)
(1.18 0.6120128 1)
(1.22 0.6213312 1)
(1.26 0.6306496 1)
(1.3 0.639968 1)
(1.34 0.6492864 1)
(1.38 0.6586048 1)
(1.42 0.6679232 1)
(1.46 0.6772416 1)
(1.5 0.68656 1)
(0.54 0.512736 1)
(0.58 0.521472 1)
(0.62 0.530208 1)
(0.66 0.538944 1)
(0.7 0.54768 1)
(0.74 0.556416 1)
(0.78 0.565152 1)
(0.82 0.573888 1)
(0.86 0.582624 1)
(0.9 0.59136 1)
(0.94 0.600096 1)
(0.98 0.608832 1)
(1.02 0.617568 1)
(1.06 0.626304 1)
(1.1 0.63504 1)
(1.14 0.643776 1)
(1.18 0.652512 1)
(1.22 0.661248 1)
(1.26 0.669984 1)
(1.3 0.67872 1)
(1.34 0.687456 1)
(1.38 0.696192 1)
(1.42 0.704928 1)
(1.46 0.713664 1)
(1.5 0.7224 1)
(0.54 0.5625536 1)
(0.58 0.5707072 1)
(0.62 0.5788608 1)
(0.66 0.5870144 1)
(0.7 0.595168 1)
(0.74 0.6033216 1)
(0.78 0.6114752 1)
(0.82 0.6196288 1)
(0.86 0.6277824 1)
(0.9 0.635936 1)
(0.94 0.6440896 1)
(0.98 0.6522432 1)
(1.02 0.6603968 1)
(1.06 0.6685504 1)
(1.1 0.676704 1)
(1.14 0.6848576 1)
(1.18 0.6930112 1)
(1.22 0.7011648 1)
(1.26 0.7093184 1)
(1.3 0.717472 1)
(1.34 0.7256256 1)
(1.38 0.7337792 1)
(1.42 0.7419328 1)
(1.46 0.7500864 1)
(1.5 0.75824 1)
(0.54 0.6123712 1)
(0.58 0.6199424 1)
(0.62 0.6275136 1)
(0.66 0.6350848 1)
(0.7 0.642656 1)
(0.74 0.6502272 1)
(0.78 0.6577984 1)
(0.82 0.6653696 1)
(0.86 0.6729408 1)
(0.9 0.680512 1)
(0.94 0.6880832 1)
(0.98 0.6956544 1)
(1.02 0.7032256 1)
(1.06 0.7107968 1)
(1.1 0.718368 1)
(1.14 0.7259392 1)
(1.18 0.7335104 1)
(1.22 0.7410816 1)
(1.26 0.7486528 1)
(1.3 0.756224 1)
(1.34 0.7637952 1)
(1.38 0.7713664 1)
(1.42 0.7789376 1)
(1.46 0.7865088 1)
(1.5 0.79408 1)
(0.54 0.6621888 1)
(0.58 0.6691776 1)
(0.62 0.6761664 1)
(0.66 0.6831552 1)
(0.7 0.690144 1)
(0.74 0.6971328 1)
(0.78 0.7041216 1)
(0.82 0.7111104 1)
(0.86 0.7180992 1)
(0.9 0.725088 1)
(0.94 0.7320768 1)
(0.98 0.7390656 1)
(1.02 0.7460544 1)
(1.06 0.7530432 1)
(1.1 0.760032 1)
(1.14 0.7670208 1)
(1.18 0.7740096 1)
(1.22 0.7809984 1)
(1.26 0.7879872 1)
(1.3 0.794976 1)
(1.34 0.8019648 1)
(1.38 0.8089536 1)
(1.42 0.8159424 1)
(1.46 0.8229312 1)
(1.5 0.82992 1)
(0.54 0.7120064 1)
(0.58 0.7184128 1)
(0.62 0.7248192 1)
(0.66 0.7312256 1)
(0.7 0.737632 1)
(0.74 0.7440384 1)
(0.78 0.7504448 1)
(0.82 0.7568512 1)
(0.86 0.7632576 1)
(0.9 0.769664 1)
(0.94 0.7760704 1)
(0.98 0.7824768 1)
(1.02 0.7888832 1)
(1.06 0.7952896 1)
(1.1 0.801696 1)
(1.14 0.8081024 1)
(1.18 0.8145088 1)
(1.22 0.8209152 1)
(1.26 0.8273216 1)
(1.3 0.833728 1)
(1.34 0.8401344 1)
(1.38 0.8465408 1)
(1.42 0.8529472 1)
(1.46 0.8593536 1)
(1.5 0.86576 1)
(0.54 0.761824 1)
(0.58 0.767648 1)
(0.62 0.773472 1)
(0.66 0.779296 1)
(0.7 0.78512 1)
(0.74 0.790944 1)
(0.78 0.796768 1)
(0.82 0.802592 1)
(0.86 0.808416 1)
(0.9 0.81424 1)
(0.94 0.820064 1)
(0.98 0.825888 1)
(1.02 0.831712 1)
(1.06 0.837536 1)
(1.1 0.84336 1)
(1.14 0.849184 1)
(1.18 0.855008 1)
(1.22 0.860832 1)
(1.26 0.866656 1)
(1.3 0.87248 1)
(1.34 0.878304 1)
(1.38 0.884128 1)
(1.42 0.889952 1)
(1.46 0.895776 1)
(1.5 0.9016 1)
(0.54 0.8116416 1)
(0.58 0.8168832 1)
(0.62 0.8221248 1)
(0.66 0.8273664 1)
(0.7 0.832608 1)
(0.74 0.8378496 1)
(0.78 0.8430912 1)
(0.82 0.8483328 1)
(0.86 0.8535744 1)
(0.9 0.858816 1)
(0.94 0.8640576 1)
(0.98 0.8692992 1)
(1.02 0.8745408 1)
(1.06 0.8797824 1)
(1.1 0.885024 1)
(1.14 0.8902656 1)
(1.18 0.8955072 1)
(1.22 0.9007488 1)
(1.26 0.9059904 1)
(1.3 0.911232 1)
(1.34 0.9164736 1)
(1.38 0.9217152 1)
(1.42 0.9269568 1)
(1.46 0.9321984 1)
(1.5 0.93744 1)
(0.54 0.8614592 1)
(0.58 0.8661184 1)
(0.62 0.8707776 1)
(0.66 0.8754368 1)
(0.7 0.880096 1)
(0.74 0.8847552 1)
(0.78 0.8894144 1)
(0.82 0.8940736 1)
(0.86 0.8987328 1)
(0.9 0.903392 1)
(0.94 0.9080512 1)
(0.98 0.9127104 1)
(1.02 0.9173696 1)
(1.06 0.9220288 1)
(1.1 0.926688 1)
(1.14 0.9313472 1)
(1.18 0.9360064 1)
(1.22 0.9406656 1)
(1.26 0.9453248 1)
(1.3 0.949984 1)
(1.34 0.9546432 1)
(1.38 0.9593024 1)
(1.42 0.9639616 1)
(1.46 0.9686208 1)
(1.5 0.97328 1)
(0.54 0.9112768 1)
(0.58 0.9153536 1)
(0.62 0.9194304 1)
(0.66 0.9235072 1)
(0.7 0.927584 1)
(0.74 0.9316608 1)
(0.78 0.9357376 1)
(0.82 0.9398144 1)
(0.86 0.9438912 1)
(0.9 0.947968 1)
(0.94 0.9520448 1)
(0.98 0.9561216 1)
(1.02 0.9601984 1)
(1.06 0.9642752 1)
(1.1 0.968352 1)
(1.14 0.9724288 1)
(1.18 0.9765056 1)
(1.22 0.9805824 1)
(1.26 0.9846592 1)
(1.3 0.988736 1)
(1.34 0.9928128 1)
(1.38 0.9968896 1)
(1.42 1.0009664 1)
(1.46 1.0050432 1)
(1.5 1.00912 1)
(0.54 0.9610944 1)
(0.58 0.9645888 1)
(0.62 0.9680832 1)
(0.66 0.9715776 1)
(0.7 0.975072 1)
(0.74 0.9785664 1)
(0.78 0.9820608 1)
(0.82 0.9855552 1)
(0.86 0.9890496 1)
(0.9 0.992544 1)
(0.94 0.9960384 1)
(0.98 0.9995328 1)
(1.02 1.0030272 1)
(1.06 1.0065216 1)
(1.1 1.010016 1)
(1.14 1.0135104 1)
(1.18 1.0170048 1)
(1.22 1.0204992 1)
(1.26 1.0239936 1)
(1.3 1.027488 1)
(1.34 1.0309824 1)
(1.38 1.0344768 1)
(1.42 1.0379712 1)
(1.46 1.0414656 1)
(1.5 1.04496 1)
(0.54 1.010912 1)
(0.58 1.013824 1)
(0.62 1.016736 1)
(0.66 1.019648 1)
(0.7 1.02256 1)
(0.74 1.025472 1)
(0.78 1.028384 1)
(0.82 1.031296 1)
(0.86 1.034208 1)
(0.9 1.03712 1)
(0.94 1.040032 1)
(0.98 1.042944 1)
(1.02 1.045856 1)
(1.06 1.048768 1)
(1.1 1.05168 1)
(1.14 1.054592 1)
(1.18 1.057504 1)
(1.22 1.060416 1)
(1.26 1.063328 1)
(1.3 1.06624 1)
(1.34 1.069152 1)
(1.38 1.072064 1)
(1.42 1.074976 1)
(1.46 1.077888 1)
(1.5 1.0808 1)
(0.54 1.0607296 1)
(0.58 1.0630592 1)
(0.62 1.0653888 1)
(0.66 1.0677184 1)
(0.7 1.070048 1)
(0.74 1.0723776 1)
(0.78 1.0747072 1)
(0.82 1.0770368 1)
(0.86 1.0793664 1)
(0.9 1.081696 1)
(0.94 1.0840256 1)
(0.98 1.0863552 1)
(1.02 1.0886848 1)
(1.06 1.0910144 1)
(1.1 1.093344 1)
(1.14 1.0956736 1)
(1.18 1.0980032 1)
(1.22 1.1003328 1)
(1.26 1.1026624 1)
(1.3 1.104992 1)
(1.34 1.1073216 1)
(1.38 1.1096512 1)
(1.42 1.1119808 1)
(1.46 1.1143104 1)
(1.5 1.11664 1)
(0.54 1.1105472 1)
(0.58 1.1122944 1)
(0.62 1.1140416 1)
(0.66 1.1157888 1)
(0.7 1.117536 1)
(0.74 1.1192832 1)
(0.78 1.1210304 1)
(0.82 1.1227776 1)
(0.86 1.1245248 1)
(0.9 1.126272 1)
(0.94 1.1280192 1)
(0.98 1.1297664 1)
(1.02 1.1315136 1)
(1.06 1.1332608 1)
(1.1 1.135008 1)
(1.14 1.1367552 1)
(1.18 1.1385024 1)
(1.22 1.1402496 1)
(1.26 1.1419968 1)
(1.3 1.143744 1)
(1.34 1.1454912 1)
(1.38 1.1472384 1)
(1.42 1.1489856 1)
(1.46 1.1507328 1)
(1.5 1.15248 1)
(0.54 1.1603648 1)
(0.58 1.1615296 1)
(0.62 1.1626944 1)
(0.66 1.1638592 1)
(0.7 1.165024 1)
(0.74 1.1661888 1)
(0.78 1.1673536 1)
(0.82 1.1685184 1)
(0.86 1.1696832 1)
(0.9 1.170848 1)
(0.94 1.1720128 1)
(0.98 1.1731776 1)
(1.02 1.1743424 1)
(1.06 1.1755072 1)
(1.1 1.176672 1)
(1.14 1.1778368 1)
(1.18 1.1790016 1)
(1.22 1.1801664 1)
(1.26 1.1813312 1)
(1.3 1.182496 1)
(1.34 1.1836608 1)
(1.38 1.1848256 1)
(1.42 1.1859904 1)
(1.46 1.1871552 1)
(1.5 1.18832 1)
(0.54 1.2101824 1)
(0.58 1.2107648 1)
(0.62 1.2113472 1)
(0.66 1.2119296 1)
(0.7 1.212512 1)
(0.74 1.2130944 1)
(0.78 1.2136768 1)
(0.82 1.2142592 1)
(0.86 1.2148416 1)
(0.9 1.215424 1)
(0.94 1.2160064 1)
(0.98 1.2165888 1)
(1.02 1.2171712 1)
(1.06 1.2177536 1)
(1.1 1.218336 1)
(1.14 1.2189184 1)
(1.18 1.2195008 1)
(1.22 1.2200832 1)
(1.26 1.2206656 1)
(1.3 1.221248 1)
(1.34 1.2218304 1)
(1.38 1.2224128 1)
(1.42 1.2229952 1)
(1.46 1.2235776 1)
(1.5 1.22416 1)
(0.54 1.26 1)
(0.58 1.26 1)
(0.62 1.26 1)
(0.66 1.26 1)
(0.7 1.26 1)
(0.74 1.26 1)
(0.78 1.26 1)
(0.82 1.26 1)
(0.86 1.26 1)
(0.9 1.26 1)
(0.94 1.26 1)
(0.98 1.26 1)
(1.02 1.26 1)
(1.06 1.26 1)
(1.1 1.26 1)
(1.14 1.26 1)
(1.18 1.26 1)
(1.22 1.26 1)
(1.26 1.26 1)
(1.3 1.26 1)
(1.34 1.26 1)
(1.38 1.26 1)
(1.42 1.26 1)
(1.46 1.26 1)
(1.5 1.26 1)
)


// ************************************************************************* //
