/*--------------------------------*- C++ -*----------------------------------*\
| =========                 |                                                 |
| \\      /  F ield         | OpenFOAM: The Open Source CFD Toolbox           |
|  \\    /   O peration     | Version:  2406                                  |
|   \\  /    A nd           | Website:  www.openfoam.com                      |
|    \\/     M anipulation  |                                                 |
\*---------------------------------------------------------------------------*/
FoamFile
{
    version     2.0;
    format      ascii;
    arch        "LSB;label=32;scalar=64";
    note        "nPoints:7442  nCells:3600  nFaces:14520  nInternalFaces:7080";
    class       labelList;
    location    "constant/polyMesh";
    object      neighbour;
}
// * * * * * * * * * * * * * * * * * * * * * * * * * * * * * * * * * * * * * //


7080
(
1
36
2
37
3
38
4
39
5
40
6
41
7
42
8
43
9
44
10
45
11
46
12
47
13
48
14
49
15
50
16
51
17
52
18
53
19
54
20
55
21
56
22
57
23
58
24
59
25
60
26
61
27
62
28
63
29
64
30
65
31
66
32
67
33
68
34
69
35
70
71
2160
37
72
38
73
39
74
40
75
41
76
42
77
43
78
44
79
45
80
46
81
47
82
48
83
49
84
50
85
51
86
52
87
53
88
54
89
55
90
56
91
57
92
58
93
59
94
60
95
61
96
62
97
63
98
64
99
65
100
66
101
67
102
68
103
69
104
70
105
71
106
107
2184
73
108
74
109
75
110
76
111
77
112
78
113
79
114
80
115
81
116
82
117
83
118
84
119
85
120
86
121
87
122
88
123
89
124
90
125
91
126
92
127
93
128
94
129
95
130
96
131
97
132
98
133
99
134
100
135
101
136
102
137
103
138
104
139
105
140
106
141
107
142
143
2208
109
144
110
145
111
146
112
147
113
148
114
149
115
150
116
151
117
152
118
153
119
154
120
155
121
156
122
157
123
158
124
159
125
160
126
161
127
162
128
163
129
164
130
165
131
166
132
167
133
168
134
169
135
170
136
171
137
172
138
173
139
174
140
175
141
176
142
177
143
178
179
2232
145
180
146
181
147
182
148
183
149
184
150
185
151
186
152
187
153
188
154
189
155
190
156
191
157
192
158
193
159
194
160
195
161
196
162
197
163
198
164
199
165
200
166
201
167
202
168
203
169
204
170
205
171
206
172
207
173
208
174
209
175
210
176
211
177
212
178
213
179
214
215
2256
181
216
182
217
183
218
184
219
185
220
186
221
187
222
188
223
189
224
190
225
191
226
192
227
193
228
194
229
195
230
196
231
197
232
198
233
199
234
200
235
201
236
202
237
203
238
204
239
205
240
206
241
207
242
208
243
209
244
210
245
211
246
212
247
213
248
214
249
215
250
251
2280
217
252
218
253
219
254
220
255
221
256
222
257
223
258
224
259
225
260
226
261
227
262
228
263
229
264
230
265
231
266
232
267
233
268
234
269
235
270
236
271
237
272
238
273
239
274
240
275
241
276
242
277
243
278
244
279
245
280
246
281
247
282
248
283
249
284
250
285
251
286
287
2304
253
288
254
289
255
290
256
291
257
292
258
293
259
294
260
295
261
296
262
297
263
298
264
299
265
300
266
301
267
302
268
303
269
304
270
305
271
306
272
307
273
308
274
309
275
310
276
311
277
312
278
313
279
314
280
315
281
316
282
317
283
318
284
319
285
320
286
321
287
322
323
2328
289
324
290
325
291
326
292
327
293
328
294
329
295
330
296
331
297
332
298
333
299
334
300
335
301
336
302
337
303
338
304
339
305
340
306
341
307
342
308
343
309
344
310
345
311
346
312
347
313
348
314
349
315
350
316
351
317
352
318
353
319
354
320
355
321
356
322
357
323
358
359
2352
325
360
326
361
327
362
328
363
329
364
330
365
331
366
332
367
333
368
334
369
335
370
336
371
337
372
338
373
339
374
340
375
341
376
342
377
343
378
344
379
345
380
346
381
347
382
348
383
349
384
350
385
351
386
352
387
353
388
354
389
355
390
356
391
357
392
358
393
359
394
395
2376
361
396
362
397
363
398
364
399
365
400
366
401
367
402
368
403
369
404
370
405
371
406
372
407
373
408
374
409
375
410
376
411
377
412
378
413
379
414
380
415
381
416
382
417
383
418
384
419
385
420
386
421
387
422
388
423
389
424
390
425
391
426
392
427
393
428
394
429
395
430
431
2400
397
432
398
433
399
434
400
435
401
436
402
437
403
438
404
439
405
440
406
441
407
442
408
443
409
444
410
445
411
446
412
447
413
448
414
449
415
450
416
451
417
452
418
453
419
454
420
455
421
456
422
457
423
458
424
459
425
460
426
461
427
462
428
463
429
464
430
465
431
466
467
2424
433
468
434
469
435
470
436
471
437
472
438
473
439
474
440
475
441
476
442
477
443
478
444
479
445
480
446
481
447
482
448
483
449
484
450
485
451
486
452
487
453
488
454
489
455
490
456
491
457
492
458
493
459
494
460
495
461
496
462
497
463
498
464
499
465
500
466
501
467
502
503
2448
469
504
470
505
471
506
472
507
473
508
474
509
475
510
476
511
477
512
478
513
479
514
480
515
481
516
482
517
483
518
484
519
485
520
486
521
487
522
488
523
489
524
490
525
491
526
492
527
493
528
494
529
495
530
496
531
497
532
498
533
499
534
500
535
501
536
502
537
503
538
539
2472
505
540
506
541
507
542
508
543
509
544
510
545
511
546
512
547
513
548
514
549
515
550
516
551
517
552
518
553
519
554
520
555
521
556
522
557
523
558
524
559
525
560
526
561
527
562
528
563
529
564
530
565
531
566
532
567
533
568
534
569
535
570
536
571
537
572
538
573
539
574
575
2496
541
576
542
577
543
578
544
579
545
580
546
581
547
582
548
583
549
584
550
585
551
586
552
587
553
588
554
589
555
590
556
591
557
592
558
593
559
594
560
595
561
596
562
597
563
598
564
599
565
600
566
601
567
602
568
603
569
604
570
605
571
606
572
607
573
608
574
609
575
610
611
2520
577
612
578
613
579
614
580
615
581
616
582
617
583
618
584
619
585
620
586
621
587
622
588
623
589
624
590
625
591
626
592
627
593
628
594
629
595
630
596
631
597
632
598
633
599
634
600
635
601
636
602
637
603
638
604
639
605
640
606
641
607
642
608
643
609
644
610
645
611
646
647
2544
613
648
614
649
615
650
616
651
617
652
618
653
619
654
620
655
621
656
622
657
623
658
624
659
625
660
626
661
627
662
628
663
629
664
630
665
631
666
632
667
633
668
634
669
635
670
636
671
637
672
638
673
639
674
640
675
641
676
642
677
643
678
644
679
645
680
646
681
647
682
683
2568
649
684
650
685
651
686
652
687
653
688
654
689
655
690
656
691
657
692
658
693
659
694
660
695
661
696
662
697
663
698
664
699
665
700
666
701
667
702
668
703
669
704
670
705
671
706
672
707
673
708
674
709
675
710
676
711
677
712
678
713
679
714
680
715
681
716
682
717
683
718
719
2592
685
720
686
721
687
722
688
723
689
724
690
725
691
726
692
727
693
728
694
729
695
730
696
731
697
732
698
733
699
734
700
735
701
736
702
737
703
738
704
739
705
740
706
741
707
742
708
743
709
744
710
745
711
746
712
747
713
748
714
749
715
750
716
751
717
752
718
753
719
754
755
2616
721
756
722
757
723
758
724
759
725
760
726
761
727
762
728
763
729
764
730
765
731
766
732
767
733
768
734
769
735
770
736
771
737
772
738
773
739
774
740
775
741
776
742
777
743
778
744
779
745
780
746
781
747
782
748
783
749
784
750
785
751
786
752
787
753
788
754
789
755
790
791
2640
757
792
758
793
759
794
760
795
761
796
762
797
763
798
764
799
765
800
766
801
767
802
768
803
769
804
770
805
771
806
772
807
773
808
774
809
775
810
776
811
777
812
778
813
779
814
780
815
781
816
782
817
783
818
784
819
785
820
786
821
787
822
788
823
789
824
790
825
791
826
827
2664
793
828
794
829
795
830
796
831
797
832
798
833
799
834
800
835
801
836
802
837
803
838
804
839
805
840
806
841
807
842
808
843
809
844
810
845
811
846
812
847
813
848
814
849
815
850
816
851
817
852
818
853
819
854
820
855
821
856
822
857
823
858
824
859
825
860
826
861
827
862
863
2688
829
864
830
865
831
866
832
867
833
868
834
869
835
870
836
871
837
872
838
873
839
874
840
875
841
876
842
877
843
878
844
879
845
880
846
881
847
882
848
883
849
884
850
885
851
886
852
887
853
888
854
889
855
890
856
891
857
892
858
893
859
894
860
895
861
896
862
897
863
898
899
2712
865
900
866
901
867
902
868
903
869
904
870
905
871
906
872
907
873
908
874
909
875
910
876
911
877
912
878
913
879
914
880
915
881
916
882
917
883
918
884
919
885
920
886
921
887
922
888
923
889
924
890
925
891
926
892
927
893
928
894
929
895
930
896
931
897
932
898
933
899
934
935
2736
901
936
902
937
903
938
904
939
905
940
906
941
907
942
908
943
909
944
910
945
911
946
912
947
913
948
914
949
915
950
916
951
917
952
918
953
919
954
920
955
921
956
922
957
923
958
924
959
925
960
926
961
927
962
928
963
929
964
930
965
931
966
932
967
933
968
934
969
935
970
971
2760
937
972
938
973
939
974
940
975
941
976
942
977
943
978
944
979
945
980
946
981
947
982
948
983
949
984
950
985
951
986
952
987
953
988
954
989
955
990
956
991
957
992
958
993
959
994
960
995
961
996
962
997
963
998
964
999
965
1000
966
1001
967
1002
968
1003
969
1004
970
1005
971
1006
1007
2784
973
1008
974
1009
975
1010
976
1011
977
1012
978
1013
979
1014
980
1015
981
1016
982
1017
983
1018
984
1019
985
1020
986
1021
987
1022
988
1023
989
1024
990
1025
991
1026
992
1027
993
1028
994
1029
995
1030
996
1031
997
1032
998
1033
999
1034
1000
1035
1001
1036
1002
1037
1003
1038
1004
1039
1005
1040
1006
1041
1007
1042
1043
2808
1009
1044
1010
1045
1011
1046
1012
1047
1013
1048
1014
1049
1015
1050
1016
1051
1017
1052
1018
1053
1019
1054
1020
1055
1021
1056
1022
1057
1023
1058
1024
1059
1025
1060
1026
1061
1027
1062
1028
1063
1029
1064
1030
1065
1031
1066
1032
1067
1033
1068
1034
1069
1035
1070
1036
1071
1037
1072
1038
1073
1039
1074
1040
1075
1041
1076
1042
1077
1043
1078
1079
2832
1045
1080
1046
1081
1047
1082
1048
1083
1049
1084
1050
1085
1051
1086
1052
1087
1053
1088
1054
1089
1055
1090
1056
1091
1057
1092
1058
1093
1059
1094
1060
1095
1061
1096
1062
1097
1063
1098
1064
1099
1065
1100
1066
1101
1067
1102
1068
1103
1069
1104
1070
1105
1071
1106
1072
1107
1073
1108
1074
1109
1075
1110
1076
1111
1077
1112
1078
1113
1079
1114
1115
2856
1081
1116
1082
1117
1083
1118
1084
1119
1085
1120
1086
1121
1087
1122
1088
1123
1089
1124
1090
1125
1091
1126
1092
1127
1093
1128
1094
1129
1095
1130
1096
1131
1097
1132
1098
1133
1099
1134
1100
1135
1101
1136
1102
1137
1103
1138
1104
1139
1105
1140
1106
1141
1107
1142
1108
1143
1109
1144
1110
1145
1111
1146
1112
1147
1113
1148
1114
1149
1115
1150
1151
2880
1117
1152
1118
1153
1119
1154
1120
1155
1121
1156
1122
1157
1123
1158
1124
1159
1125
1160
1126
1161
1127
1162
1128
1163
1129
1164
1130
1165
1131
1166
1132
1167
1133
1168
1134
1169
1135
1170
1136
1171
1137
1172
1138
1173
1139
1174
1140
1175
1141
1176
1142
1177
1143
1178
1144
1179
1145
1180
1146
1181
1147
1182
1148
1183
1149
1184
1150
1185
1151
1186
1187
2904
1153
1188
1154
1189
1155
1190
1156
1191
1157
1192
1158
1193
1159
1194
1160
1195
1161
1196
1162
1197
1163
1198
1164
1199
1165
1200
1166
1201
1167
1202
1168
1203
1169
1204
1170
1205
1171
1206
1172
1207
1173
1208
1174
1209
1175
1210
1176
1211
1177
1212
1178
1213
1179
1214
1180
1215
1181
1216
1182
1217
1183
1218
1184
1219
1185
1220
1186
1221
1187
1222
1223
2928
1189
1224
1190
1225
1191
1226
1192
1227
1193
1228
1194
1229
1195
1230
1196
1231
1197
1232
1198
1233
1199
1234
1200
1235
1201
1236
1202
1237
1203
1238
1204
1239
1205
1240
1206
1241
1207
1242
1208
1243
1209
1244
1210
1245
1211
1246
1212
1247
1213
1248
1214
1249
1215
1250
1216
1251
1217
1252
1218
1253
1219
1254
1220
1255
1221
1256
1222
1257
1223
1258
1259
2952
1225
1260
1226
1261
1227
1262
1228
1263
1229
1264
1230
1265
1231
1266
1232
1267
1233
1268
1234
1269
1235
1270
1236
1271
1237
1272
1238
1273
1239
1274
1240
1275
1241
1276
1242
1277
1243
1278
1244
1279
1245
1280
1246
1281
1247
1282
1248
1283
1249
1284
1250
1285
1251
1286
1252
1287
1253
1288
1254
1289
1255
1290
1256
1291
1257
1292
1258
1293
1259
1294
1295
2976
1261
1296
1262
1297
1263
1298
1264
1299
1265
1300
1266
1301
1267
1302
1268
1303
1269
1304
1270
1305
1271
1306
1272
1307
1273
1308
1274
1309
1275
1310
1276
1311
1277
1312
1278
1313
1279
1314
1280
1315
1281
1316
1282
1317
1283
1318
1284
1319
1285
1320
1286
1321
1287
1322
1288
1323
1289
1324
1290
1325
1291
1326
1292
1327
1293
1328
1294
1329
1295
1330
1331
3000
1297
1332
1298
1333
1299
1334
1300
1335
1301
1336
1302
1337
1303
1338
1304
1339
1305
1340
1306
1341
1307
1342
1308
1343
1309
1344
1310
1345
1311
1346
1312
1347
1313
1348
1314
1349
1315
1350
1316
1351
1317
1352
1318
1353
1319
1354
1320
1355
1321
1356
1322
1357
1323
1358
1324
1359
1325
1360
1326
1361
1327
1362
1328
1363
1329
1364
1330
1365
1331
1366
1367
3024
1333
1368
1334
1369
1335
1370
1336
1371
1337
1372
1338
1373
1339
1374
1340
1375
1341
1376
1342
1377
1343
1378
1344
1379
1345
1380
1346
1381
1347
1382
1348
1383
1349
1384
1350
1385
1351
1386
1352
1387
1353
1388
1354
1389
1355
1390
1356
1391
1357
1392
1358
1393
1359
1394
1360
1395
1361
1396
1362
1397
1363
1398
1364
1399
1365
1400
1366
1401
1367
1402
1403
3048
1369
1404
1370
1405
1371
1406
1372
1407
1373
1408
1374
1409
1375
1410
1376
1411
1377
1412
1378
1413
1379
1414
1380
1415
1381
1416
1382
1417
1383
1418
1384
1419
1385
1420
1386
1421
1387
1422
1388
1423
1389
1424
1390
1425
1391
1426
1392
1427
1393
1428
1394
1429
1395
1430
1396
1431
1397
1432
1398
1433
1399
1434
1400
1435
1401
1436
1402
1437
1403
1438
1439
3072
1405
1440
1406
1441
1407
1442
1408
1443
1409
1444
1410
1445
1411
1446
1412
1447
1413
1448
1414
1449
1415
1450
1416
1451
1417
1452
1418
1453
1419
1454
1420
1455
1421
1456
1422
1457
1423
1458
1424
1459
1425
1460
1426
1461
1427
1462
1428
1463
1429
1464
1430
1465
1431
1466
1432
1467
1433
1468
1434
1469
1435
1470
1436
1471
1437
1472
1438
1473
1439
1474
1475
3096
1441
1476
1442
1477
1443
1478
1444
1479
1445
1480
1446
1481
1447
1482
1448
1483
1449
1484
1450
1485
1451
1486
1452
1487
1453
1488
1454
1489
1455
1490
1456
1491
1457
1492
1458
1493
1459
1494
1460
1495
1461
1496
1462
1497
1463
1498
1464
1499
1465
1500
1466
1501
1467
1502
1468
1503
1469
1504
1470
1505
1471
1506
1472
1507
1473
1508
1474
1509
1475
1510
1511
3120
1477
1512
1478
1513
1479
1514
1480
1515
1481
1516
1482
1517
1483
1518
1484
1519
1485
1520
1486
1521
1487
1522
1488
1523
1489
1524
1490
1525
1491
1526
1492
1527
1493
1528
1494
1529
1495
1530
1496
1531
1497
1532
1498
1533
1499
1534
1500
1535
1501
1536
1502
1537
1503
1538
1504
1539
1505
1540
1506
1541
1507
1542
1508
1543
1509
1544
1510
1545
1511
1546
1547
3144
1513
1548
1514
1549
1515
1550
1516
1551
1517
1552
1518
1553
1519
1554
1520
1555
1521
1556
1522
1557
1523
1558
1524
1559
1525
1560
1526
1561
1527
1562
1528
1563
1529
1564
1530
1565
1531
1566
1532
1567
1533
1568
1534
1569
1535
1570
1536
1571
1537
1572
1538
1573
1539
1574
1540
1575
1541
1576
1542
1577
1543
1578
1544
1579
1545
1580
1546
1581
1547
1582
1583
3168
1549
1584
1550
1585
1551
1586
1552
1587
1553
1588
1554
1589
1555
1590
1556
1591
1557
1592
1558
1593
1559
1594
1560
1595
1561
1596
1562
1597
1563
1598
1564
1599
1565
1600
1566
1601
1567
1602
1568
1603
1569
1604
1570
1605
1571
1606
1572
1607
1573
1608
1574
1609
1575
1610
1576
1611
1577
1612
1578
1613
1579
1614
1580
1615
1581
1616
1582
1617
1583
1618
1619
3192
1585
1620
1586
1621
1587
1622
1588
1623
1589
1624
1590
1625
1591
1626
1592
1627
1593
1628
1594
1629
1595
1630
1596
1631
1597
1632
1598
1633
1599
1634
1600
1635
1601
1636
1602
1637
1603
1638
1604
1639
1605
1640
1606
1641
1607
1642
1608
1643
1609
1644
1610
1645
1611
1646
1612
1647
1613
1648
1614
1649
1615
1650
1616
1651
1617
1652
1618
1653
1619
1654
1655
3216
1621
1656
1622
1657
1623
1658
1624
1659
1625
1660
1626
1661
1627
1662
1628
1663
1629
1664
1630
1665
1631
1666
1632
1667
1633
1668
1634
1669
1635
1670
1636
1671
1637
1672
1638
1673
1639
1674
1640
1675
1641
1676
1642
1677
1643
1678
1644
1679
1645
1680
1646
1681
1647
1682
1648
1683
1649
1684
1650
1685
1651
1686
1652
1687
1653
1688
1654
1689
1655
1690
1691
3240
1657
1692
1658
1693
1659
1694
1660
1695
1661
1696
1662
1697
1663
1698
1664
1699
1665
1700
1666
1701
1667
1702
1668
1703
1669
1704
1670
1705
1671
1706
1672
1707
1673
1708
1674
1709
1675
1710
1676
1711
1677
1712
1678
1713
1679
1714
1680
1715
1681
1716
1682
1717
1683
1718
1684
1719
1685
1720
1686
1721
1687
1722
1688
1723
1689
1724
1690
1725
1691
1726
1727
3264
1693
1728
1694
1729
1695
1730
1696
1731
1697
1732
1698
1733
1699
1734
1700
1735
1701
1736
1702
1737
1703
1738
1704
1739
1705
1740
1706
1741
1707
1742
1708
1743
1709
1744
1710
1745
1711
1746
1712
1747
1713
1748
1714
1749
1715
1750
1716
1751
1717
1752
1718
1753
1719
1754
1720
1755
1721
1756
1722
1757
1723
1758
1724
1759
1725
1760
1726
1761
1727
1762
1763
3288
1729
1764
1730
1765
1731
1766
1732
1767
1733
1768
1734
1769
1735
1770
1736
1771
1737
1772
1738
1773
1739
1774
1740
1775
1741
1776
1742
1777
1743
1778
1744
1779
1745
1780
1746
1781
1747
1782
1748
1783
1749
1784
1750
1785
1751
1786
1752
1787
1753
1788
1754
1789
1755
1790
1756
1791
1757
1792
1758
1793
1759
1794
1760
1795
1761
1796
1762
1797
1763
1798
1799
3312
1765
1800
1766
1801
1767
1802
1768
1803
1769
1804
1770
1805
1771
1806
1772
1807
1773
1808
1774
1809
1775
1810
1776
1811
1777
1812
1778
1813
1779
1814
1780
1815
1781
1816
1782
1817
1783
1818
1784
1819
1785
1820
1786
1821
1787
1822
1788
1823
1789
1824
1790
1825
1791
1826
1792
1827
1793
1828
1794
1829
1795
1830
1796
1831
1797
1832
1798
1833
1799
1834
1835
3336
1801
1836
1802
1837
1803
1838
1804
1839
1805
1840
1806
1841
1807
1842
1808
1843
1809
1844
1810
1845
1811
1846
1812
1847
1813
1848
1814
1849
1815
1850
1816
1851
1817
1852
1818
1853
1819
1854
1820
1855
1821
1856
1822
1857
1823
1858
1824
1859
1825
1860
1826
1861
1827
1862
1828
1863
1829
1864
1830
1865
1831
1866
1832
1867
1833
1868
1834
1869
1835
1870
1871
3360
1837
1872
1838
1873
1839
1874
1840
1875
1841
1876
1842
1877
1843
1878
1844
1879
1845
1880
1846
1881
1847
1882
1848
1883
1849
1884
1850
1885
1851
1886
1852
1887
1853
1888
1854
1889
1855
1890
1856
1891
1857
1892
1858
1893
1859
1894
1860
1895
1861
1896
1862
1897
1863
1898
1864
1899
1865
1900
1866
1901
1867
1902
1868
1903
1869
1904
1870
1905
1871
1906
1907
3384
1873
1908
1874
1909
1875
1910
1876
1911
1877
1912
1878
1913
1879
1914
1880
1915
1881
1916
1882
1917
1883
1918
1884
1919
1885
1920
1886
1921
1887
1922
1888
1923
1889
1924
1890
1925
1891
1926
1892
1927
1893
1928
1894
1929
1895
1930
1896
1931
1897
1932
1898
1933
1899
1934
1900
1935
1901
1936
1902
1937
1903
1938
1904
1939
1905
1940
1906
1941
1907
1942
1943
3408
1909
1944
1910
1945
1911
1946
1912
1947
1913
1948
1914
1949
1915
1950
1916
1951
1917
1952
1918
1953
1919
1954
1920
1955
1921
1956
1922
1957
1923
1958
1924
1959
1925
1960
1926
1961
1927
1962
1928
1963
1929
1964
1930
1965
1931
1966
1932
1967
1933
1968
1934
1969
1935
1970
1936
1971
1937
1972
1938
1973
1939
1974
1940
1975
1941
1976
1942
1977
1943
1978
1979
3432
1945
1980
1946
1981
1947
1982
1948
1983
1949
1984
1950
1985
1951
1986
1952
1987
1953
1988
1954
1989
1955
1990
1956
1991
1957
1992
1958
1993
1959
1994
1960
1995
1961
1996
1962
1997
1963
1998
1964
1999
1965
2000
1966
2001
1967
2002
1968
2003
1969
2004
1970
2005
1971
2006
1972
2007
1973
2008
1974
2009
1975
2010
1976
2011
1977
2012
1978
2013
1979
2014
2015
3456
1981
2016
1982
2017
1983
2018
1984
2019
1985
2020
1986
2021
1987
2022
1988
2023
1989
2024
1990
2025
1991
2026
1992
2027
1993
2028
1994
2029
1995
2030
1996
2031
1997
2032
1998
2033
1999
2034
2000
2035
2001
2036
2002
2037
2003
2038
2004
2039
2005
2040
2006
2041
2007
2042
2008
2043
2009
2044
2010
2045
2011
2046
2012
2047
2013
2048
2014
2049
2015
2050
2051
3480
2017
2052
2018
2053
2019
2054
2020
2055
2021
2056
2022
2057
2023
2058
2024
2059
2025
2060
2026
2061
2027
2062
2028
2063
2029
2064
2030
2065
2031
2066
2032
2067
2033
2068
2034
2069
2035
2070
2036
2071
2037
2072
2038
2073
2039
2074
2040
2075
2041
2076
2042
2077
2043
2078
2044
2079
2045
2080
2046
2081
2047
2082
2048
2083
2049
2084
2050
2085
2051
2086
2087
3504
2053
2088
2054
2089
2055
2090
2056
2091
2057
2092
2058
2093
2059
2094
2060
2095
2061
2096
2062
2097
2063
2098
2064
2099
2065
2100
2066
2101
2067
2102
2068
2103
2069
2104
2070
2105
2071
2106
2072
2107
2073
2108
2074
2109
2075
2110
2076
2111
2077
2112
2078
2113
2079
2114
2080
2115
2081
2116
2082
2117
2083
2118
2084
2119
2085
2120
2086
2121
2087
2122
2123
3528
2089
2124
2090
2125
2091
2126
2092
2127
2093
2128
2094
2129
2095
2130
2096
2131
2097
2132
2098
2133
2099
2134
2100
2135
2101
2136
2102
2137
2103
2138
2104
2139
2105
2140
2106
2141
2107
2142
2108
2143
2109
2144
2110
2145
2111
2146
2112
2147
2113
2148
2114
2149
2115
2150
2116
2151
2117
2152
2118
2153
2119
2154
2120
2155
2121
2156
2122
2157
2123
2158
2159
3552
2125
2126
2127
2128
2129
2130
2131
2132
2133
2134
2135
2136
2137
2138
2139
2140
2141
2142
2143
2144
2145
2146
2147
2148
2149
2150
2151
2152
2153
2154
2155
2156
2157
2158
2159
3576
2161
2184
2162
2185
2163
2186
2164
2187
2165
2188
2166
2189
2167
2190
2168
2191
2169
2192
2170
2193
2171
2194
2172
2195
2173
2196
2174
2197
2175
2198
2176
2199
2177
2200
2178
2201
2179
2202
2180
2203
2181
2204
2182
2205
2183
2206
2207
2185
2208
2186
2209
2187
2210
2188
2211
2189
2212
2190
2213
2191
2214
2192
2215
2193
2216
2194
2217
2195
2218
2196
2219
2197
2220
2198
2221
2199
2222
2200
2223
2201
2224
2202
2225
2203
2226
2204
2227
2205
2228
2206
2229
2207
2230
2231
2209
2232
2210
2233
2211
2234
2212
2235
2213
2236
2214
2237
2215
2238
2216
2239
2217
2240
2218
2241
2219
2242
2220
2243
2221
2244
2222
2245
2223
2246
2224
2247
2225
2248
2226
2249
2227
2250
2228
2251
2229
2252
2230
2253
2231
2254
2255
2233
2256
2234
2257
2235
2258
2236
2259
2237
2260
2238
2261
2239
2262
2240
2263
2241
2264
2242
2265
2243
2266
2244
2267
2245
2268
2246
2269
2247
2270
2248
2271
2249
2272
2250
2273
2251
2274
2252
2275
2253
2276
2254
2277
2255
2278
2279
2257
2280
2258
2281
2259
2282
2260
2283
2261
2284
2262
2285
2263
2286
2264
2287
2265
2288
2266
2289
2267
2290
2268
2291
2269
2292
2270
2293
2271
2294
2272
2295
2273
2296
2274
2297
2275
2298
2276
2299
2277
2300
2278
2301
2279
2302
2303
2281
2304
2282
2305
2283
2306
2284
2307
2285
2308
2286
2309
2287
2310
2288
2311
2289
2312
2290
2313
2291
2314
2292
2315
2293
2316
2294
2317
2295
2318
2296
2319
2297
2320
2298
2321
2299
2322
2300
2323
2301
2324
2302
2325
2303
2326
2327
2305
2328
2306
2329
2307
2330
2308
2331
2309
2332
2310
2333
2311
2334
2312
2335
2313
2336
2314
2337
2315
2338
2316
2339
2317
2340
2318
2341
2319
2342
2320
2343
2321
2344
2322
2345
2323
2346
2324
2347
2325
2348
2326
2349
2327
2350
2351
2329
2352
2330
2353
2331
2354
2332
2355
2333
2356
2334
2357
2335
2358
2336
2359
2337
2360
2338
2361
2339
2362
2340
2363
2341
2364
2342
2365
2343
2366
2344
2367
2345
2368
2346
2369
2347
2370
2348
2371
2349
2372
2350
2373
2351
2374
2375
2353
2376
2354
2377
2355
2378
2356
2379
2357
2380
2358
2381
2359
2382
2360
2383
2361
2384
2362
2385
2363
2386
2364
2387
2365
2388
2366
2389
2367
2390
2368
2391
2369
2392
2370
2393
2371
2394
2372
2395
2373
2396
2374
2397
2375
2398
2399
2377
2400
2378
2401
2379
2402
2380
2403
2381
2404
2382
2405
2383
2406
2384
2407
2385
2408
2386
2409
2387
2410
2388
2411
2389
2412
2390
2413
2391
2414
2392
2415
2393
2416
2394
2417
2395
2418
2396
2419
2397
2420
2398
2421
2399
2422
2423
2401
2424
2402
2425
2403
2426
2404
2427
2405
2428
2406
2429
2407
2430
2408
2431
2409
2432
2410
2433
2411
2434
2412
2435
2413
2436
2414
2437
2415
2438
2416
2439
2417
2440
2418
2441
2419
2442
2420
2443
2421
2444
2422
2445
2423
2446
2447
2425
2448
2426
2449
2427
2450
2428
2451
2429
2452
2430
2453
2431
2454
2432
2455
2433
2456
2434
2457
2435
2458
2436
2459
2437
2460
2438
2461
2439
2462
2440
2463
2441
2464
2442
2465
2443
2466
2444
2467
2445
2468
2446
2469
2447
2470
2471
2449
2472
2450
2473
2451
2474
2452
2475
2453
2476
2454
2477
2455
2478
2456
2479
2457
2480
2458
2481
2459
2482
2460
2483
2461
2484
2462
2485
2463
2486
2464
2487
2465
2488
2466
2489
2467
2490
2468
2491
2469
2492
2470
2493
2471
2494
2495
2473
2496
2474
2497
2475
2498
2476
2499
2477
2500
2478
2501
2479
2502
2480
2503
2481
2504
2482
2505
2483
2506
2484
2507
2485
2508
2486
2509
2487
2510
2488
2511
2489
2512
2490
2513
2491
2514
2492
2515
2493
2516
2494
2517
2495
2518
2519
2497
2520
2498
2521
2499
2522
2500
2523
2501
2524
2502
2525
2503
2526
2504
2527
2505
2528
2506
2529
2507
2530
2508
2531
2509
2532
2510
2533
2511
2534
2512
2535
2513
2536
2514
2537
2515
2538
2516
2539
2517
2540
2518
2541
2519
2542
2543
2521
2544
2522
2545
2523
2546
2524
2547
2525
2548
2526
2549
2527
2550
2528
2551
2529
2552
2530
2553
2531
2554
2532
2555
2533
2556
2534
2557
2535
2558
2536
2559
2537
2560
2538
2561
2539
2562
2540
2563
2541
2564
2542
2565
2543
2566
2567
2545
2568
2546
2569
2547
2570
2548
2571
2549
2572
2550
2573
2551
2574
2552
2575
2553
2576
2554
2577
2555
2578
2556
2579
2557
2580
2558
2581
2559
2582
2560
2583
2561
2584
2562
2585
2563
2586
2564
2587
2565
2588
2566
2589
2567
2590
2591
2569
2592
2570
2593
2571
2594
2572
2595
2573
2596
2574
2597
2575
2598
2576
2599
2577
2600
2578
2601
2579
2602
2580
2603
2581
2604
2582
2605
2583
2606
2584
2607
2585
2608
2586
2609
2587
2610
2588
2611
2589
2612
2590
2613
2591
2614
2615
2593
2616
2594
2617
2595
2618
2596
2619
2597
2620
2598
2621
2599
2622
2600
2623
2601
2624
2602
2625
2603
2626
2604
2627
2605
2628
2606
2629
2607
2630
2608
2631
2609
2632
2610
2633
2611
2634
2612
2635
2613
2636
2614
2637
2615
2638
2639
2617
2640
2618
2641
2619
2642
2620
2643
2621
2644
2622
2645
2623
2646
2624
2647
2625
2648
2626
2649
2627
2650
2628
2651
2629
2652
2630
2653
2631
2654
2632
2655
2633
2656
2634
2657
2635
2658
2636
2659
2637
2660
2638
2661
2639
2662
2663
2641
2664
2642
2665
2643
2666
2644
2667
2645
2668
2646
2669
2647
2670
2648
2671
2649
2672
2650
2673
2651
2674
2652
2675
2653
2676
2654
2677
2655
2678
2656
2679
2657
2680
2658
2681
2659
2682
2660
2683
2661
2684
2662
2685
2663
2686
2687
2665
2688
2666
2689
2667
2690
2668
2691
2669
2692
2670
2693
2671
2694
2672
2695
2673
2696
2674
2697
2675
2698
2676
2699
2677
2700
2678
2701
2679
2702
2680
2703
2681
2704
2682
2705
2683
2706
2684
2707
2685
2708
2686
2709
2687
2710
2711
2689
2712
2690
2713
2691
2714
2692
2715
2693
2716
2694
2717
2695
2718
2696
2719
2697
2720
2698
2721
2699
2722
2700
2723
2701
2724
2702
2725
2703
2726
2704
2727
2705
2728
2706
2729
2707
2730
2708
2731
2709
2732
2710
2733
2711
2734
2735
2713
2736
2714
2737
2715
2738
2716
2739
2717
2740
2718
2741
2719
2742
2720
2743
2721
2744
2722
2745
2723
2746
2724
2747
2725
2748
2726
2749
2727
2750
2728
2751
2729
2752
2730
2753
2731
2754
2732
2755
2733
2756
2734
2757
2735
2758
2759
2737
2760
2738
2761
2739
2762
2740
2763
2741
2764
2742
2765
2743
2766
2744
2767
2745
2768
2746
2769
2747
2770
2748
2771
2749
2772
2750
2773
2751
2774
2752
2775
2753
2776
2754
2777
2755
2778
2756
2779
2757
2780
2758
2781
2759
2782
2783
2761
2784
2762
2785
2763
2786
2764
2787
2765
2788
2766
2789
2767
2790
2768
2791
2769
2792
2770
2793
2771
2794
2772
2795
2773
2796
2774
2797
2775
2798
2776
2799
2777
2800
2778
2801
2779
2802
2780
2803
2781
2804
2782
2805
2783
2806
2807
2785
2808
2786
2809
2787
2810
2788
2811
2789
2812
2790
2813
2791
2814
2792
2815
2793
2816
2794
2817
2795
2818
2796
2819
2797
2820
2798
2821
2799
2822
2800
2823
2801
2824
2802
2825
2803
2826
2804
2827
2805
2828
2806
2829
2807
2830
2831
2809
2832
2810
2833
2811
2834
2812
2835
2813
2836
2814
2837
2815
2838
2816
2839
2817
2840
2818
2841
2819
2842
2820
2843
2821
2844
2822
2845
2823
2846
2824
2847
2825
2848
2826
2849
2827
2850
2828
2851
2829
2852
2830
2853
2831
2854
2855
2833
2856
2834
2857
2835
2858
2836
2859
2837
2860
2838
2861
2839
2862
2840
2863
2841
2864
2842
2865
2843
2866
2844
2867
2845
2868
2846
2869
2847
2870
2848
2871
2849
2872
2850
2873
2851
2874
2852
2875
2853
2876
2854
2877
2855
2878
2879
2857
2880
2858
2881
2859
2882
2860
2883
2861
2884
2862
2885
2863
2886
2864
2887
2865
2888
2866
2889
2867
2890
2868
2891
2869
2892
2870
2893
2871
2894
2872
2895
2873
2896
2874
2897
2875
2898
2876
2899
2877
2900
2878
2901
2879
2902
2903
2881
2904
2882
2905
2883
2906
2884
2907
2885
2908
2886
2909
2887
2910
2888
2911
2889
2912
2890
2913
2891
2914
2892
2915
2893
2916
2894
2917
2895
2918
2896
2919
2897
2920
2898
2921
2899
2922
2900
2923
2901
2924
2902
2925
2903
2926
2927
2905
2928
2906
2929
2907
2930
2908
2931
2909
2932
2910
2933
2911
2934
2912
2935
2913
2936
2914
2937
2915
2938
2916
2939
2917
2940
2918
2941
2919
2942
2920
2943
2921
2944
2922
2945
2923
2946
2924
2947
2925
2948
2926
2949
2927
2950
2951
2929
2952
2930
2953
2931
2954
2932
2955
2933
2956
2934
2957
2935
2958
2936
2959
2937
2960
2938
2961
2939
2962
2940
2963
2941
2964
2942
2965
2943
2966
2944
2967
2945
2968
2946
2969
2947
2970
2948
2971
2949
2972
2950
2973
2951
2974
2975
2953
2976
2954
2977
2955
2978
2956
2979
2957
2980
2958
2981
2959
2982
2960
2983
2961
2984
2962
2985
2963
2986
2964
2987
2965
2988
2966
2989
2967
2990
2968
2991
2969
2992
2970
2993
2971
2994
2972
2995
2973
2996
2974
2997
2975
2998
2999
2977
3000
2978
3001
2979
3002
2980
3003
2981
3004
2982
3005
2983
3006
2984
3007
2985
3008
2986
3009
2987
3010
2988
3011
2989
3012
2990
3013
2991
3014
2992
3015
2993
3016
2994
3017
2995
3018
2996
3019
2997
3020
2998
3021
2999
3022
3023
3001
3024
3002
3025
3003
3026
3004
3027
3005
3028
3006
3029
3007
3030
3008
3031
3009
3032
3010
3033
3011
3034
3012
3035
3013
3036
3014
3037
3015
3038
3016
3039
3017
3040
3018
3041
3019
3042
3020
3043
3021
3044
3022
3045
3023
3046
3047
3025
3048
3026
3049
3027
3050
3028
3051
3029
3052
3030
3053
3031
3054
3032
3055
3033
3056
3034
3057
3035
3058
3036
3059
3037
3060
3038
3061
3039
3062
3040
3063
3041
3064
3042
3065
3043
3066
3044
3067
3045
3068
3046
3069
3047
3070
3071
3049
3072
3050
3073
3051
3074
3052
3075
3053
3076
3054
3077
3055
3078
3056
3079
3057
3080
3058
3081
3059
3082
3060
3083
3061
3084
3062
3085
3063
3086
3064
3087
3065
3088
3066
3089
3067
3090
3068
3091
3069
3092
3070
3093
3071
3094
3095
3073
3096
3074
3097
3075
3098
3076
3099
3077
3100
3078
3101
3079
3102
3080
3103
3081
3104
3082
3105
3083
3106
3084
3107
3085
3108
3086
3109
3087
3110
3088
3111
3089
3112
3090
3113
3091
3114
3092
3115
3093
3116
3094
3117
3095
3118
3119
3097
3120
3098
3121
3099
3122
3100
3123
3101
3124
3102
3125
3103
3126
3104
3127
3105
3128
3106
3129
3107
3130
3108
3131
3109
3132
3110
3133
3111
3134
3112
3135
3113
3136
3114
3137
3115
3138
3116
3139
3117
3140
3118
3141
3119
3142
3143
3121
3144
3122
3145
3123
3146
3124
3147
3125
3148
3126
3149
3127
3150
3128
3151
3129
3152
3130
3153
3131
3154
3132
3155
3133
3156
3134
3157
3135
3158
3136
3159
3137
3160
3138
3161
3139
3162
3140
3163
3141
3164
3142
3165
3143
3166
3167
3145
3168
3146
3169
3147
3170
3148
3171
3149
3172
3150
3173
3151
3174
3152
3175
3153
3176
3154
3177
3155
3178
3156
3179
3157
3180
3158
3181
3159
3182
3160
3183
3161
3184
3162
3185
3163
3186
3164
3187
3165
3188
3166
3189
3167
3190
3191
3169
3192
3170
3193
3171
3194
3172
3195
3173
3196
3174
3197
3175
3198
3176
3199
3177
3200
3178
3201
3179
3202
3180
3203
3181
3204
3182
3205
3183
3206
3184
3207
3185
3208
3186
3209
3187
3210
3188
3211
3189
3212
3190
3213
3191
3214
3215
3193
3216
3194
3217
3195
3218
3196
3219
3197
3220
3198
3221
3199
3222
3200
3223
3201
3224
3202
3225
3203
3226
3204
3227
3205
3228
3206
3229
3207
3230
3208
3231
3209
3232
3210
3233
3211
3234
3212
3235
3213
3236
3214
3237
3215
3238
3239
3217
3240
3218
3241
3219
3242
3220
3243
3221
3244
3222
3245
3223
3246
3224
3247
3225
3248
3226
3249
3227
3250
3228
3251
3229
3252
3230
3253
3231
3254
3232
3255
3233
3256
3234
3257
3235
3258
3236
3259
3237
3260
3238
3261
3239
3262
3263
3241
3264
3242
3265
3243
3266
3244
3267
3245
3268
3246
3269
3247
3270
3248
3271
3249
3272
3250
3273
3251
3274
3252
3275
3253
3276
3254
3277
3255
3278
3256
3279
3257
3280
3258
3281
3259
3282
3260
3283
3261
3284
3262
3285
3263
3286
3287
3265
3288
3266
3289
3267
3290
3268
3291
3269
3292
3270
3293
3271
3294
3272
3295
3273
3296
3274
3297
3275
3298
3276
3299
3277
3300
3278
3301
3279
3302
3280
3303
3281
3304
3282
3305
3283
3306
3284
3307
3285
3308
3286
3309
3287
3310
3311
3289
3312
3290
3313
3291
3314
3292
3315
3293
3316
3294
3317
3295
3318
3296
3319
3297
3320
3298
3321
3299
3322
3300
3323
3301
3324
3302
3325
3303
3326
3304
3327
3305
3328
3306
3329
3307
3330
3308
3331
3309
3332
3310
3333
3311
3334
3335
3313
3336
3314
3337
3315
3338
3316
3339
3317
3340
3318
3341
3319
3342
3320
3343
3321
3344
3322
3345
3323
3346
3324
3347
3325
3348
3326
3349
3327
3350
3328
3351
3329
3352
3330
3353
3331
3354
3332
3355
3333
3356
3334
3357
3335
3358
3359
3337
3360
3338
3361
3339
3362
3340
3363
3341
3364
3342
3365
3343
3366
3344
3367
3345
3368
3346
3369
3347
3370
3348
3371
3349
3372
3350
3373
3351
3374
3352
3375
3353
3376
3354
3377
3355
3378
3356
3379
3357
3380
3358
3381
3359
3382
3383
3361
3384
3362
3385
3363
3386
3364
3387
3365
3388
3366
3389
3367
3390
3368
3391
3369
3392
3370
3393
3371
3394
3372
3395
3373
3396
3374
3397
3375
3398
3376
3399
3377
3400
3378
3401
3379
3402
3380
3403
3381
3404
3382
3405
3383
3406
3407
3385
3408
3386
3409
3387
3410
3388
3411
3389
3412
3390
3413
3391
3414
3392
3415
3393
3416
3394
3417
3395
3418
3396
3419
3397
3420
3398
3421
3399
3422
3400
3423
3401
3424
3402
3425
3403
3426
3404
3427
3405
3428
3406
3429
3407
3430
3431
3409
3432
3410
3433
3411
3434
3412
3435
3413
3436
3414
3437
3415
3438
3416
3439
3417
3440
3418
3441
3419
3442
3420
3443
3421
3444
3422
3445
3423
3446
3424
3447
3425
3448
3426
3449
3427
3450
3428
3451
3429
3452
3430
3453
3431
3454
3455
3433
3456
3434
3457
3435
3458
3436
3459
3437
3460
3438
3461
3439
3462
3440
3463
3441
3464
3442
3465
3443
3466
3444
3467
3445
3468
3446
3469
3447
3470
3448
3471
3449
3472
3450
3473
3451
3474
3452
3475
3453
3476
3454
3477
3455
3478
3479
3457
3480
3458
3481
3459
3482
3460
3483
3461
3484
3462
3485
3463
3486
3464
3487
3465
3488
3466
3489
3467
3490
3468
3491
3469
3492
3470
3493
3471
3494
3472
3495
3473
3496
3474
3497
3475
3498
3476
3499
3477
3500
3478
3501
3479
3502
3503
3481
3504
3482
3505
3483
3506
3484
3507
3485
3508
3486
3509
3487
3510
3488
3511
3489
3512
3490
3513
3491
3514
3492
3515
3493
3516
3494
3517
3495
3518
3496
3519
3497
3520
3498
3521
3499
3522
3500
3523
3501
3524
3502
3525
3503
3526
3527
3505
3528
3506
3529
3507
3530
3508
3531
3509
3532
3510
3533
3511
3534
3512
3535
3513
3536
3514
3537
3515
3538
3516
3539
3517
3540
3518
3541
3519
3542
3520
3543
3521
3544
3522
3545
3523
3546
3524
3547
3525
3548
3526
3549
3527
3550
3551
3529
3552
3530
3553
3531
3554
3532
3555
3533
3556
3534
3557
3535
3558
3536
3559
3537
3560
3538
3561
3539
3562
3540
3563
3541
3564
3542
3565
3543
3566
3544
3567
3545
3568
3546
3569
3547
3570
3548
3571
3549
3572
3550
3573
3551
3574
3575
3553
3576
3554
3577
3555
3578
3556
3579
3557
3580
3558
3581
3559
3582
3560
3583
3561
3584
3562
3585
3563
3586
3564
3587
3565
3588
3566
3589
3567
3590
3568
3591
3569
3592
3570
3593
3571
3594
3572
3595
3573
3596
3574
3597
3575
3598
3599
3577
3578
3579
3580
3581
3582
3583
3584
3585
3586
3587
3588
3589
3590
3591
3592
3593
3594
3595
3596
3597
3598
3599
)


// ************************************************************************* //
