/*--------------------------------*- C++ -*----------------------------------*\
| =========                 |                                                 |
| \\      /  F ield         | OpenFOAM: The Open Source CFD Toolbox           |
|  \\    /   O peration     | Version:  2412                                  |
|   \\  /    A nd           | Website:  www.openfoam.com                      |
|    \\/     M anipulation  |                                                 |
\*---------------------------------------------------------------------------*/
FoamFile
{
    version     2.0;
    format      ascii;
    arch        "LSB;label=32;scalar=64";
    class       volScalarField;
    location    "3.5";
    object      Ma;
}
// * * * * * * * * * * * * * * * * * * * * * * * * * * * * * * * * * * * * * //

dimensions      [0 0 0 0 0 0 0];

internalField   nonuniform List<scalar> 
5250
(
2.99999
2.99996
2.99987
2.99973
2.99919
2.9984
2.99541
2.99041
2.97412
2.93768
2.84758
2.59623
2.12773
1.14454
0.510828
0.287334
0.323774
0.330435
0.295947
0.241366
0.191326
0.151013
0.110837
0.0671571
0.0345167
2.99999
2.99997
2.99987
2.99974
2.9992
2.99843
2.99549
2.99057
2.97454
2.93873
2.85003
2.60277
2.14042
1.16321
0.521462
0.288159
0.325936
0.333619
0.299483
0.245871
0.197127
0.158275
0.120411
0.0816649
0.0566356
2.99999
2.99997
2.99987
2.99975
2.99923
2.99848
2.99564
2.9909
2.9754
2.94093
2.85516
2.61686
2.16827
1.20592
0.546434
0.292775
0.333111
0.343103
0.309962
0.258548
0.212444
0.17653
0.142929
0.111119
0.0922156
2.99999
2.99997
2.99988
2.99976
2.99926
2.99855
2.99583
2.99137
2.97656
2.94441
2.86286
2.63866
2.21129
1.27413
0.584971
0.301729
0.345693
0.359254
0.327497
0.278956
0.235783
0.203169
0.173888
0.147364
0.131473
2.99999
2.99997
2.99989
2.99977
2.99931
2.99864
2.99605
2.99197
2.97799
2.94901
2.87284
2.66751
2.26872
1.37032
0.637018
0.318245
0.365028
0.382301
0.351858
0.306495
0.266053
0.23629
0.210657
0.188128
0.174018
2.99999
2.99997
2.9999
2.99979
2.99936
2.99875
2.99633
2.99266
2.97969
2.95429
2.88443
2.70119
2.33736
1.49015
0.702122
0.34823
0.394453
0.413487
0.384106
0.341644
0.303447
0.276458
0.254038
0.234855
0.222834
2.99999
2.99998
2.99991
2.99981
2.99942
2.99886
2.99664
2.99338
2.98145
2.95985
2.89612
2.73753
2.41097
1.65228
0.780422
0.3928
0.435621
0.453234
0.425588
0.385954
0.348961
0.324011
0.305006
0.290123
0.282109
3
2.99998
2.99992
2.99983
2.99947
2.99897
2.99694
2.99401
2.98297
2.9641
2.90526
2.76729
2.46479
1.76814
0.851617
0.429278
0.466345
0.483555
0.464954
0.432795
0.400392
0.379209
0.364844
0.356288
0.358026
3
2.99998
2.99993
2.99985
2.99952
2.99907
2.99722
2.9946
2.98433
2.96789
2.91321
2.79433
2.51127
1.8614
0.951933
0.487211
0.489347
0.502934
0.499164
0.476184
0.452852
0.438941
0.433222
0.438227
0.463696
3
2.99999
2.99994
2.99987
2.99959
2.99919
2.9976
2.99524
2.98648
2.97154
2.9237
2.81504
2.563
1.95181
1.06096
0.552969
0.503345
0.520876
0.528722
0.517905
0.506224
0.501635
0.511149
0.545289
0.63887
3
2.99999
2.99996
2.99987
2.99974
2.99926
2.9984
2.99578
2.98986
2.97483
2.93542
2.84832
2.5864
2.11034
1.15153
0.628884
0.513895
0.536209
0.554517
0.556114
0.556133
0.566094
0.598613
0.675543
0.847167
3
2.99999
2.99995
2.9999
2.99969
2.99939
2.99822
2.99641
2.99012
2.97819
2.94346
2.85853
2.67065
2.15891
1.35313
0.721546
0.534661
0.556449
0.580978
0.59262
0.603558
0.62759
0.679
0.777849
0.961679
3
2.99999
2.99996
2.99991
2.99973
2.99947
2.9984
2.99689
2.99086
2.98178
2.94929
2.88644
2.71892
2.31135
1.55531
0.827912
0.570803
0.588685
0.611868
0.629832
0.649127
0.68434
0.74574
0.845158
1.00266
3
3
2.99997
2.99993
2.99977
2.99955
2.99866
2.99741
2.9924
2.98494
2.95773
2.90908
2.76619
2.45399
1.77319
0.949426
0.629545
0.634663
0.651487
0.670643
0.692931
0.731879
0.79629
0.887276
1.01941
3
3
2.99998
2.99994
2.99982
2.99964
2.99892
2.99791
2.99387
2.98786
2.96624
2.9257
2.81492
2.53643
1.98482
1.064
0.693056
0.672369
0.689891
0.710277
0.734444
0.772986
0.83541
0.918689
1.03013
3
3
2.99998
2.99996
2.99986
2.99972
2.99916
2.99837
2.99535
2.99041
2.97422
2.93927
2.85123
2.6125
2.16493
1.24819
0.795603
0.701373
0.717529
0.739465
0.769481
0.807184
0.863858
0.9415
1.03897
3
3
2.99999
2.99997
2.99989
2.99978
2.99932
2.99869
2.99614
2.99237
2.97885
2.95331
2.88134
2.69655
2.32884
1.49918
0.932022
0.742394
0.745722
0.766852
0.800356
0.840055
0.890107
0.95855
1.04467
3.00001
3
2.99999
2.99998
2.99991
2.99983
2.99948
2.99899
2.99702
2.9942
2.98353
2.96559
2.9096
2.77977
2.50069
1.84141
1.10783
0.816013
0.791805
0.803443
0.831033
0.869829
0.917897
0.977207
1.05129
3.00001
3
3
2.99998
2.99994
2.99987
2.99961
2.99924
2.99777
2.99561
2.98759
2.97405
2.93101
2.83362
2.61287
2.061
1.27197
0.892139
0.835191
0.843664
0.86503
0.898608
0.942194
0.996382
1.06112
3.00001
3
3
2.99999
2.99997
2.99989
2.99977
2.99934
2.99867
2.99634
2.99214
2.97945
2.95021
2.87968
2.68531
2.31121
1.50047
1.01408
0.876178
0.876657
0.896422
0.927227
0.965916
1.01346
1.07086
3.00001
3.00001
3
2.99999
2.99998
2.99992
2.99983
2.99949
2.999
2.99707
2.99425
2.98387
2.96596
2.91141
2.7837
2.50994
1.87859
1.19593
0.942347
0.919692
0.930774
0.958309
0.994557
1.03439
1.08284
3.00001
3.00001
3
3
2.99998
2.99995
2.99985
2.99969
2.99911
2.99823
2.99496
2.98973
2.97198
2.93833
2.84468
2.62892
2.13422
1.39036
1.02497
0.956758
0.963204
0.984999
1.01897
1.05695
1.0995
3.00001
3.00001
3
3
2.99999
2.99996
2.99991
2.99974
2.99947
2.99848
2.99698
2.99151
2.98236
2.95302
2.88975
2.73626
2.35808
1.65536
1.16253
1.01007
0.998474
1.01058
1.03743
1.07446
1.11497
3.00001
3.00001
3.00001
3
2.99999
2.99998
2.99993
2.99985
2.99957
2.99914
2.99756
2.99509
2.98658
2.97113
2.9256
2.81929
2.58601
2.04608
1.33914
1.0817
1.042
1.04591
1.06393
1.09308
1.12971
3.00001
3.00001
3.00001
3
3
2.99998
2.99996
2.99988
2.99976
2.99929
2.99859
2.99603
2.99188
2.97829
2.95062
2.87806
2.69353
2.32855
1.58085
1.18487
1.07912
1.07529
1.08868
1.11391
1.14641
3.00001
3.00001
3.00001
3
3
2.99999
2.99998
2.99992
2.99983
2.99951
2.99904
2.99721
2.99455
2.98455
2.96861
2.91685
2.80792
2.55222
1.99385
1.36997
1.13949
1.11102
1.11601
1.1379
1.16773
3.00001
3.00001
3.00001
3.00001
3
3
2.99998
2.99996
2.99987
2.99973
2.99922
2.99845
2.99562
2.99114
2.97592
2.94775
2.8689
2.6896
2.27469
1.60116
1.23245
1.14693
1.1433
1.15667
1.18312
3.00001
3.00001
3.00001
3.00001
3.00001
3
2.99999
2.99997
2.99993
2.99979
2.99957
2.99877
2.99756
2.99316
2.98604
2.96266
2.91765
2.79601
2.52718
1.93341
1.3983
1.20364
1.17666
1.18231
1.20235
3.00001
3.00001
3.00001
3.00001
3.00001
3
3
2.99999
2.99995
2.99989
2.99967
2.99935
2.99813
2.9963
2.98986
2.97865
2.94506
2.8684
2.70192
2.26551
1.62148
1.29236
1.21573
1.21084
1.22121
3.00001
3.00001
3.00001
3.00001
3.00001
3.00001
3
2.99999
2.99997
2.99993
2.99978
2.99957
2.99876
2.99758
2.9931
2.98631
2.96264
2.91994
2.79989
2.54136
1.96704
1.45703
1.27081
1.243
1.24643
3.00001
3.00001
3.00001
3.00001
3.00001
3.00001
3
3
2.99999
2.99995
2.99989
2.99968
2.99937
2.99822
2.99648
2.99037
2.97975
2.94804
2.87599
2.71876
2.30636
1.68848
1.36354
1.28031
1.27353
3.00001
3.00001
3.00001
3.00001
3.00001
3.00001
3.00001
3
2.99999
2.99997
2.99993
2.9998
2.9996
2.99885
2.99777
2.99367
2.98745
2.96594
2.92748
2.81839
2.58985
2.05845
1.54182
1.33681
1.30411
3.00001
3.00001
3.00001
3.00001
3.00001
3.00001
3.00001
3
3
2.99999
2.99995
2.9999
2.99972
2.99943
2.99841
2.99683
2.9914
2.98182
2.95346
2.88926
2.74572
2.37364
1.77615
1.43162
1.34099
3.00001
3.00001
3.00001
3.00001
3.00001
3.00001
3.00001
3.00001
3
2.99999
2.99998
2.99993
2.99986
2.99958
2.99918
2.99768
2.9954
2.98745
2.97391
2.9334
2.84568
2.64376
2.20125
1.62629
1.40409
3.00001
3.00001
3.00001
3.00001
3.00001
3.00001
3.00001
3.00001
3
3
2.99999
2.99996
2.99991
2.99974
2.9995
2.99855
2.9972
2.99207
2.98435
2.95797
2.90813
2.78175
2.47349
1.92308
1.51914
3.00001
3.00001
3.00001
3.00001
3.00001
3.00001
3.00001
3.00001
3.00001
3
3
2.99998
2.99995
2.99985
2.9997
2.99914
2.99832
2.99527
2.99063
2.97451
2.94715
2.8631
2.70387
2.27285
1.75202
3.00001
3.00001
3.00001
3.00001
3.00001
3.00001
3.00001
3.00001
3.00001
3
3
2.99999
2.99997
2.99993
2.99979
2.99959
2.99884
2.99772
2.99371
2.98734
2.9666
2.92741
2.82568
2.59411
2.10851
3.00001
3.00001
3.00001
3.00001
3.00001
3.00001
3.00001
3.00001
3.00001
3.00001
3
3
2.99998
2.99996
2.99988
2.99976
2.99932
2.99867
2.99627
2.99263
2.9801
2.95863
2.89501
2.76715
2.44603
3.00001
3.00001
3.00001
3.00001
3.00001
3.00001
3.00001
3.00001
3.00001
3.00001
3.00001
3
3
2.99998
2.99995
2.99984
2.99968
2.99911
2.99822
2.99516
2.99016
2.97416
2.94496
2.86126
2.69841
3.00001
3.00001
3.00001
3.00001
3.00001
3.00001
3.00001
3.00001
3.00001
3.00001
3.00001
3
3
2.99999
2.99997
2.99993
2.99979
2.99957
2.99881
2.99766
2.99358
2.98711
2.96618
2.92657
2.82615
3.00001
3.00001
3.00001
3.00001
3.00001
3.00001
3.00001
3.00001
3.00001
3.00001
3.00001
3.00001
3
3
2.99998
2.99996
2.99988
2.99976
2.99932
2.99868
2.99633
2.99276
2.98052
2.95977
2.89771
3.00001
3.00001
3.00001
3.00001
3.00001
3.00001
3.00001
3.00001
3.00001
3.00001
3.00001
3.00001
3.00001
3
3
2.99998
2.99995
2.99985
2.99969
2.99915
2.99831
2.99542
2.99069
2.97573
2.94841
3.00001
3.00001
3.00001
3.00001
3.00001
3.00001
3.00001
3.00001
3.00001
3.00001
3.00001
3.00001
3.00001
3
3
2.99999
2.99997
2.99993
2.9998
2.99961
2.99892
2.99786
2.99421
2.98834
2.96977
3.00001
3.00001
3.00001
3.00001
3.00001
3.00001
3.00001
3.00001
3.00001
3.00001
3.00001
3.00001
3.00001
3.00001
3
3
2.99999
2.99996
2.99991
2.99975
2.9995
2.99861
2.99727
2.99262
2.985
3.00001
3.00001
3.00001
3.00001
3.00001
3.00001
3.00001
3.00001
3.00001
3.00001
3.00001
3.00001
3.00001
3.00001
3.00001
3
3
2.99998
2.99995
2.99986
2.99971
2.99919
2.99842
2.99564
2.9914
3.00001
3.00001
3.00001
3.00001
3.00001
3.00001
3.00001
3.00001
3.00001
3.00001
3.00001
3.00001
3.00001
3.00001
3.00001
3
3
2.99999
2.99997
2.99993
2.99979
2.99959
2.99883
2.9977
2.99365
3.00001
3.00001
3.00001
3.00001
3.00001
3.00001
3.00001
3.00001
3.00001
3.00001
3.00001
3.00001
3.00001
3.00001
3.00001
3.00001
3
3
2.99998
2.99995
2.99984
2.99969
2.99909
2.99823
2.99482
3.00001
3.00001
3.00001
3.00001
3.00001
3.00001
3.00001
3.00001
3.00001
3.00001
3.00001
3.00001
3.00001
3.00001
3.00001
3.00001
3
3
2.99998
2.99996
2.99987
2.99975
2.99926
2.99849
2.99585
3.00001
3.00001
3.00001
3.00001
3.00001
3.00001
3.00001
3.00001
3.00001
3.00001
3.00001
3.00001
3.00001
3.00001
3.00001
3.00001
3
3
2.99999
2.99996
2.99991
2.99973
2.99942
2.99842
2.99631
3.00001
3.00001
3.00001
3.00001
3.00001
3.00001
3.00001
3.00001
3.00001
3.00001
3.00001
3.00001
3.00001
3.00001
3.00001
3.00001
3
3
2.99999
2.99997
2.99989
2.99977
2.99932
2.99858
2.99609
1.0875
1.28053
1.33937
1.31024
1.24142
1.16519
1.09291
1.05479
1.04855
1.05117
1.05258
1.0518
1.04896
1.04339
1.03356
1.01731
0.987996
0.928398
0.807171
0.571993
0.300038
0.129217
0.0874462
0.165756
0.263283
0.34837
0.415352
0.462982
0.494672
0.515422
0.528585
0.535889
0.536898
0.527397
0.502791
0.461375
0.407513
0.347161
0.285836
0.223318
0.165017
0.110454
0.0624203
0.0309579
0.0535862
0.091293
0.130033
0.166246
0.199557
0.229869
0.260709
0.291915
0.32176
0.349388
0.376199
0.401401
0.426213
0.449579
0.472744
0.494549
0.516324
0.536831
0.557438
0.576909
0.596484
0.615173
0.633803
0.651812
0.669659
0.686982
0.704168
0.720856
0.737452
0.753562
0.769643
0.785228
0.800869
0.815992
0.83124
0.845941
0.860823
0.875133
0.889657
0.903605
0.917779
0.931385
0.945229
0.95851
0.97207
0.985003
0.998295
1.01085
1.02384
1.03593
1.04843
1.05981
1.07125
1.08083
1.08888
1.09389
1.13248
1.25252
1.32169
1.3655
1.40841
1.44238
1.45522
1.45251
1.43985
1.41993
1.40108
1.39356
1.39234
1.3914
1.38813
1.37922
1.35658
1.30554
1.19844
0.988786
0.703062
0.504464
0.396005
0.309092
0.231556
0.158109
0.093878
0.0712562
0.12357
0.193428
0.250023
0.27877
0.28788
0.274861
0.243959
0.20125
0.153262
0.106283
0.0777316
0.0780338
0.108495
0.14656
0.185531
0.221166
0.255645
0.288924
0.322278
0.353644
0.383691
0.410751
0.437667
0.464781
0.491878
0.516534
0.540699
0.563221
0.585812
0.606937
0.628159
0.648078
0.668081
0.686987
0.705986
0.724042
0.742241
0.759568
0.777117
0.793786
0.81078
0.826841
0.843325
0.858853
0.874852
0.889931
0.905481
0.920177
0.935305
0.949642
0.964381
0.978347
0.992739
1.00632
1.02042
1.03363
1.04746
1.06036
1.07394
1.08656
1.09989
1.11225
1.12536
1.13749
1.15037
1.1622
1.17471
1.1859
1.19742
1.20692
1.21521
1.22015
1.13574
1.2446
1.34269
1.43611
1.52115
1.58757
1.62197
1.62656
1.62233
1.60968
1.59161
1.57585
1.56609
1.5612
1.55776
1.55118
1.5368
1.5041
1.43496
1.27769
1.02838
0.813701
0.69388
0.616801
0.545733
0.475828
0.406492
0.335962
0.267149
0.199541
0.135405
0.078612
0.0376543
0.0222966
0.0712334
0.121381
0.16982
0.215866
0.257817
0.294373
0.328898
0.361485
0.392477
0.421226
0.448946
0.475378
0.501819
0.5269
0.551446
0.573599
0.595303
0.617108
0.639952
0.660963
0.681557
0.700749
0.72015
0.738414
0.756971
0.774479
0.792218
0.80903
0.826037
0.842229
0.858664
0.874317
0.890316
0.905498
0.921116
0.935888
0.951101
0.965519
0.980311
0.994425
1.00886
1.02271
1.03689
1.05051
1.06446
1.07784
1.09153
1.10465
1.118
1.13085
1.14387
1.15647
1.16926
1.18172
1.19437
1.20668
1.2192
1.23131
1.24366
1.2555
1.26752
1.27884
1.28999
1.29987
1.30804
1.31352
1.14427
1.25349
1.35294
1.44403
1.525
1.59269
1.64559
1.68321
1.70477
1.71059
1.70938
1.70305
1.69225
1.68085
1.67232
1.66569
1.65612
1.63489
1.59072
1.48922
1.30228
1.05219
0.912696
0.8483
0.784352
0.722517
0.667692
0.607654
0.543831
0.4801
0.418685
0.366342
0.326944
0.310513
0.32837
0.367614
0.411855
0.453888
0.489521
0.517453
0.541706
0.563537
0.58442
0.6041
0.623534
0.642333
0.661449
0.679945
0.698592
0.715522
0.732146
0.748599
0.766854
0.784477
0.801764
0.817804
0.834145
0.849604
0.865568
0.880635
0.89627
0.911018
0.92628
0.940721
0.955554
0.969697
0.984143
0.998034
1.01218
1.02586
1.03976
1.05327
1.06695
1.08031
1.09372
1.10691
1.12004
1.13299
1.14589
1.1586
1.17134
1.18383
1.19646
1.20876
1.22133
1.23352
1.24593
1.25792
1.2701
1.28193
1.29391
1.30557
1.31736
1.32878
1.3403
1.35126
1.3621
1.37182
1.38001
1.38541
1.14473
1.25183
1.34821
1.43563
1.51526
1.58622
1.64896
1.7015
1.74292
1.77034
1.78214
1.78264
1.78074
1.77465
1.76517
1.75563
1.74512
1.72962
1.699
1.63852
1.50525
1.29312
1.10643
1.01563
0.960177
0.91407
0.865281
0.815217
0.762364
0.704821
0.646962
0.593891
0.545579
0.527964
0.544694
0.58257
0.625113
0.664008
0.693098
0.711777
0.724286
0.734159
0.744226
0.754471
0.765933
0.777458
0.790085
0.802577
0.815942
0.82843
0.840699
0.852582
0.866485
0.881119
0.895963
0.909727
0.923655
0.936929
0.950672
0.963942
0.977815
0.991105
1.00497
1.01808
1.03174
1.04464
1.05817
1.07108
1.08456
1.09746
1.11078
1.12354
1.13666
1.1493
1.16233
1.17492
1.18791
1.20038
1.21322
1.22548
1.23808
1.2502
1.26265
1.27473
1.28702
1.29903
1.31125
1.32319
1.33534
1.34715
1.35916
1.37078
1.38254
1.39391
1.40526
1.41623
1.42684
1.43675
1.44498
1.45068
1.14266
1.24116
1.3336
1.41842
1.49655
1.56746
1.63152
1.68752
1.73558
1.77451
1.80469
1.82425
1.83273
1.83331
1.83179
1.82647
1.81782
1.8047
1.78475
1.74543
1.66662
1.50453
1.2899
1.16148
1.10036
1.05296
1.01281
0.973339
0.926437
0.873801
0.817444
0.755284
0.698639
0.682162
0.699856
0.738261
0.783796
0.823376
0.851953
0.869592
0.876561
0.877544
0.877729
0.879923
0.884057
0.889548
0.89665
0.904513
0.91402
0.923539
0.933117
0.941895
0.951789
0.962881
0.975392
0.987494
0.999867
1.01172
1.02394
1.03568
1.04793
1.05995
1.07256
1.08494
1.0977
1.11005
1.12263
1.13479
1.14736
1.1596
1.17235
1.18467
1.19738
1.20954
1.22198
1.23395
1.24623
1.25816
1.27048
1.28253
1.29489
1.30683
1.31899
1.33071
1.34264
1.35417
1.36595
1.37736
1.38907
1.40042
1.41204
1.4233
1.43479
1.44589
1.45717
1.46793
1.47867
1.48845
1.497
1.50261
1.1384
1.23017
1.31721
1.39835
1.47373
1.54346
1.60735
1.66556
1.71752
1.76347
1.80229
1.83388
1.85693
1.87116
1.8759
1.87568
1.87343
1.86766
1.85534
1.82961
1.77985
1.67297
1.50024
1.30358
1.20852
1.16722
1.1284
1.08994
1.04757
0.99916
0.932751
0.854103
0.794808
0.784271
0.806094
0.84624
0.895375
0.93979
0.969505
0.989033
0.998172
0.995948
0.988435
0.98161
0.978263
0.977409
0.979609
0.983429
0.988957
0.995198
1.00209
1.00846
1.01566
1.02398
1.0345
1.04543
1.05675
1.06771
1.07904
1.09009
1.10159
1.11285
1.12467
1.13629
1.14847
1.16042
1.17278
1.1848
1.1971
1.20906
1.22131
1.23334
1.2457
1.25784
1.27024
1.28229
1.29453
1.30638
1.31851
1.33019
1.34231
1.35397
1.36615
1.37778
1.38983
1.40129
1.41304
1.42427
1.43573
1.44679
1.45809
1.46905
1.48026
1.49106
1.50207
1.51257
1.52304
1.53268
1.5412
1.54677
1.13452
1.21883
1.30028
1.37752
1.45002
1.51772
1.58071
1.63881
1.69205
1.7402
1.78279
1.82002
1.85096
1.87589
1.8934
1.90367
1.90632
1.90503
1.89997
1.88791
1.85886
1.80178
1.67333
1.49217
1.32431
1.24949
1.21518
1.18184
1.13655
1.07918
0.99652
0.904308
0.85192
0.848985
0.873317
0.916932
0.971109
1.02048
1.05311
1.07079
1.08146
1.08482
1.07852
1.06697
1.05705
1.05035
1.04728
1.04739
1.05008
1.05441
1.0601
1.06584
1.0721
1.07898
1.0879
1.098
1.10884
1.11941
1.13042
1.14118
1.15248
1.16358
1.17522
1.18668
1.19863
1.21034
1.22245
1.23421
1.24632
1.25798
1.27002
1.28161
1.29363
1.30527
1.31735
1.32911
1.34127
1.35301
1.36497
1.3765
1.38818
1.39943
1.41092
1.42202
1.43349
1.44457
1.45605
1.46708
1.47845
1.48926
1.50035
1.51082
1.52161
1.53178
1.54235
1.55229
1.56252
1.57187
1.58044
1.58601
1.1339
1.2101
1.28566
1.35818
1.42727
1.49244
1.55353
1.61094
1.66376
1.7132
1.75757
1.79849
1.83391
1.86522
1.89096
1.91104
1.92486
1.93016
1.92931
1.92487
1.9127
1.88142
1.81709
1.67105
1.48387
1.34375
1.28196
1.24375
1.19625
1.1217
1.01128
0.912158
0.876824
0.88376
0.91217
0.961328
1.02018
1.06942
1.1047
1.12555
1.13743
1.1433
1.14406
1.13721
1.12519
1.11466
1.10665
1.10335
1.10313
1.10571
1.11049
1.11578
1.12173
1.12779
1.13553
1.14464
1.15531
1.16585
1.17689
1.18757
1.19879
1.20964
1.22103
1.23205
1.24361
1.25482
1.26656
1.27797
1.28989
1.30143
1.31343
1.32498
1.3369
1.34834
1.36015
1.37144
1.38305
1.3942
1.40575
1.41687
1.42839
1.4394
1.4508
1.46157
1.47272
1.4832
1.49413
1.50444
1.51527
1.52553
1.53629
1.54656
1.55717
1.56733
1.57764
1.58751
1.59735
1.60644
1.61478
1.61998
1.1356
1.20439
1.27383
1.34198
1.40718
1.46972
1.52848
1.58433
1.63651
1.68531
1.73088
1.77245
1.81104
1.8449
1.8757
1.90086
1.92271
1.938
1.94662
1.94677
1.94248
1.92964
1.89591
1.82364
1.66275
1.47514
1.35411
1.29164
1.22432
1.1209
0.984183
0.896477
0.879934
0.894661
0.933488
0.989165
1.04675
1.09384
1.13006
1.15614
1.1732
1.18204
1.18634
1.18745
1.18307
1.17405
1.16495
1.15831
1.15534
1.15568
1.15902
1.16393
1.17033
1.17632
1.18348
1.19145
1.20146
1.21164
1.22251
1.23298
1.24402
1.25466
1.26581
1.27652
1.28768
1.29839
1.30957
1.32034
1.33159
1.34248
1.35389
1.36492
1.37648
1.38761
1.39909
1.41002
1.42128
1.43197
1.44299
1.45349
1.46438
1.4748
1.48565
1.49603
1.50683
1.51709
1.52775
1.53781
1.54825
1.55808
1.56833
1.578
1.58811
1.59768
1.60768
1.61711
1.62683
1.63573
1.64409
1.64937
1.13974
1.20129
1.26456
1.32798
1.38963
1.44923
1.5061
1.56004
1.61134
1.65948
1.70476
1.74732
1.78625
1.82305
1.85539
1.8857
1.91076
1.93333
1.94959
1.96011
1.96093
1.9565
1.94247
1.90528
1.82342
1.65385
1.45712
1.33392
1.23594
1.07439
0.925107
0.869955
0.871044
0.893115
0.940147
1.0008
1.05395
1.09821
1.13509
1.16578
1.18969
1.20666
1.21682
1.22394
1.22805
1.22975
1.22564
1.21898
1.21397
1.2115
1.2122
1.21567
1.22132
1.22726
1.23372
1.24021
1.24857
1.25763
1.26775
1.27741
1.28764
1.29735
1.30768
1.31759
1.32811
1.3382
1.34884
1.35906
1.36977
1.38005
1.39081
1.40117
1.41201
1.42234
1.43314
1.44344
1.45418
1.46439
1.47501
1.48505
1.4955
1.50537
1.51567
1.52541
1.5356
1.54529
1.55541
1.56509
1.57515
1.58482
1.5948
1.60442
1.61427
1.62378
1.63347
1.64278
1.65217
1.66088
1.66906
1.67418
1.14811
1.20216
1.25917
1.31702
1.37456
1.43065
1.48526
1.53728
1.58739
1.63468
1.67983
1.72203
1.76223
1.799
1.83416
1.8652
1.89472
1.91948
1.94216
1.95905
1.9697
1.97022
1.96475
1.94769
1.90405
1.8059
1.62243
1.39953
1.21599
1.00004
0.857423
0.833368
0.845614
0.88353
0.939223
0.99474
1.04338
1.08766
1.12806
1.16531
1.19734
1.22389
1.24429
1.25941
1.27077
1.28005
1.28509
1.28488
1.28037
1.27485
1.27213
1.2717
1.2743
1.27841
1.28392
1.28876
1.29495
1.30186
1.31068
1.31934
1.32861
1.33735
1.34668
1.35563
1.36525
1.37451
1.38436
1.39388
1.40395
1.41369
1.42396
1.43381
1.44404
1.45384
1.46404
1.47379
1.48398
1.4937
1.50385
1.51351
1.52361
1.53319
1.54321
1.55272
1.56265
1.57209
1.5819
1.59127
1.60095
1.61024
1.6198
1.62902
1.63851
1.64768
1.65711
1.66617
1.67542
1.68397
1.69212
1.69719
1.15943
1.20755
1.25813
1.31072
1.36369
1.41599
1.46725
1.51709
1.56496
1.61125
1.65509
1.6973
1.73684
1.77472
1.80966
1.84303
1.87306
1.90134
1.92619
1.94786
1.96564
1.97337
1.97138
1.9628
1.93896
1.87648
1.75235
1.50701
1.2011
0.912485
0.785734
0.784102
0.808259
0.859453
0.921343
0.977876
1.03032
1.07997
1.12787
1.1719
1.21216
1.24611
1.27499
1.29765
1.31533
1.32757
1.33751
1.34254
1.3441
1.34051
1.33523
1.33045
1.32842
1.32854
1.33124
1.33489
1.33926
1.34385
1.35043
1.35795
1.3664
1.37454
1.38318
1.39153
1.40041
1.409
1.41813
1.42695
1.43634
1.44549
1.45514
1.46438
1.47411
1.48343
1.49325
1.50264
1.51249
1.52184
1.53164
1.54088
1.55058
1.55971
1.56935
1.57841
1.58801
1.59705
1.60659
1.6156
1.62502
1.63399
1.6433
1.65221
1.66146
1.67033
1.67954
1.68832
1.6974
1.70572
1.7138
1.71877
1.16979
1.21366
1.25988
1.30789
1.35684
1.40599
1.45395
1.50143
1.5469
1.59155
1.6338
1.67509
1.71372
1.75138
1.78618
1.81997
1.8507
1.8803
1.90653
1.93106
1.95124
1.96517
1.96601
1.96002
1.94141
1.8954
1.79046
1.58473
1.22556
0.874713
0.743809
0.765106
0.808013
0.870202
0.937788
1.00122
1.05873
1.11068
1.15783
1.2017
1.24192
1.27807
1.30882
1.33467
1.35476
1.3706
1.38175
1.39064
1.39546
1.39761
1.39534
1.3897
1.38363
1.37966
1.37808
1.37907
1.38184
1.3849
1.38911
1.39421
1.40138
1.40866
1.41672
1.42449
1.43278
1.44078
1.44934
1.45762
1.46658
1.47513
1.48426
1.49294
1.5022
1.51104
1.52044
1.5294
1.53891
1.5479
1.55744
1.56639
1.57592
1.58477
1.59425
1.60302
1.61243
1.62117
1.63048
1.6392
1.64839
1.65708
1.66619
1.67483
1.68389
1.69246
1.70151
1.70998
1.71891
1.72697
1.73496
1.73979
1.18152
1.22051
1.26309
1.30691
1.35217
1.39832
1.44386
1.48886
1.5326
1.57524
1.61627
1.65607
1.69394
1.73076
1.76511
1.79891
1.82949
1.86003
1.88653
1.91269
1.93377
1.94905
1.94995
1.9436
1.92588
1.88055
1.78559
1.60686
1.33994
1.03762
0.863441
0.861012
0.891726
0.939494
0.999318
1.05621
1.10709
1.1519
1.19222
1.23048
1.2668
1.30066
1.33092
1.35786
1.38094
1.40014
1.41498
1.42643
1.43479
1.44052
1.44269
1.44235
1.43807
1.43249
1.42709
1.42422
1.42297
1.42444
1.42711
1.43009
1.43473
1.44057
1.44809
1.45544
1.46337
1.47088
1.47894
1.48674
1.4951
1.50313
1.51173
1.51999
1.52886
1.5373
1.5464
1.55498
1.56423
1.57286
1.58217
1.59079
1.60008
1.60867
1.61789
1.62646
1.63557
1.64413
1.65316
1.6617
1.67068
1.67918
1.68813
1.69656
1.70546
1.71381
1.72265
1.73089
1.7396
1.74744
1.75528
1.76
1.19872
1.23137
1.26899
1.30969
1.35086
1.39326
1.43633
1.47876
1.52066
1.56167
1.60098
1.63997
1.67622
1.71276
1.74604
1.77957
1.81007
1.84009
1.86755
1.89267
1.91451
1.925
1.92245
1.91248
1.88708
1.82625
1.70399
1.53288
1.38809
1.22858
1.04646
0.961831
0.959186
0.982655
1.02054
1.07114
1.12149
1.16648
1.20668
1.244
1.27943
1.31258
1.34339
1.37144
1.39691
1.41927
1.4385
1.45378
1.46606
1.4754
1.48161
1.48414
1.48481
1.4823
1.47687
1.47122
1.46696
1.46468
1.46512
1.46695
1.46956
1.47297
1.47857
1.48531
1.49287
1.50013
1.50791
1.51537
1.52334
1.53092
1.53908
1.54687
1.55528
1.56329
1.5719
1.58006
1.58882
1.59708
1.60596
1.6143
1.62322
1.63161
1.64051
1.64893
1.65777
1.66619
1.675
1.68338
1.69216
1.70047
1.70921
1.71745
1.72612
1.7343
1.7429
1.75101
1.75949
1.76721
1.77489
1.77955
1.21658
1.24874
1.27986
1.3155
1.35364
1.39199
1.43157
1.47148
1.51067
1.55028
1.58783
1.62568
1.66127
1.69639
1.72997
1.7621
1.79327
1.82209
1.84986
1.8735
1.89139
1.89435
1.88738
1.86864
1.82388
1.72634
1.58021
1.47091
1.40502
1.34353
1.23885
1.11945
1.04934
1.03771
1.05469
1.08203
1.12409
1.16947
1.21245
1.2513
1.28736
1.3207
1.35195
1.38089
1.40785
1.43239
1.45454
1.4736
1.48943
1.50197
1.51215
1.51915
1.52323
1.5245
1.52379
1.51966
1.51458
1.50956
1.50674
1.50539
1.50652
1.50839
1.51133
1.51554
1.52204
1.52894
1.53649
1.5437
1.55125
1.55842
1.56603
1.57337
1.58126
1.58887
1.59706
1.60491
1.61329
1.62134
1.62981
1.63798
1.64648
1.65469
1.66319
1.67137
1.67988
1.68802
1.69655
1.70466
1.71318
1.72127
1.72974
1.7378
1.74621
1.75423
1.76259
1.77053
1.7788
1.78639
1.79392
1.79857
1.23193
1.26332
1.29496
1.32561
1.3591
1.39435
1.43009
1.467
1.50327
1.54024
1.57639
1.61189
1.64705
1.68053
1.7138
1.74511
1.77582
1.80431
1.83029
1.85184
1.85988
1.8546
1.8401
1.80575
1.72494
1.58988
1.47985
1.43085
1.4144
1.39526
1.35899
1.29175
1.20524
1.13173
1.1069
1.11599
1.1347
1.16683
1.20852
1.24968
1.28836
1.32422
1.35701
1.38755
1.41589
1.44212
1.46608
1.48794
1.50697
1.5233
1.53645
1.54765
1.55614
1.56147
1.56337
1.56398
1.56186
1.55706
1.55228
1.54802
1.54602
1.54592
1.54752
1.54948
1.55285
1.55798
1.565
1.57183
1.57913
1.58595
1.59326
1.60022
1.60771
1.61501
1.62276
1.63041
1.63836
1.6462
1.65429
1.66219
1.67038
1.67826
1.68653
1.69437
1.70268
1.71051
1.71882
1.72664
1.73491
1.74271
1.75092
1.75868
1.76683
1.77455
1.78265
1.79031
1.79832
1.80568
1.813
1.81755
1.24435
1.27619
1.30726
1.33753
1.36808
1.39997
1.43252
1.46617
1.50028
1.53417
1.56834
1.60197
1.63499
1.66771
1.6991
1.72997
1.75899
1.78615
1.80933
1.82166
1.81943
1.80723
1.77725
1.71042
1.58382
1.46993
1.42059
1.4118
1.41733
1.42203
1.41759
1.39744
1.35204
1.28373
1.20906
1.17281
1.17057
1.18519
1.20893
1.24473
1.28404
1.32325
1.35886
1.39186
1.42185
1.4497
1.47542
1.49916
1.52073
1.54006
1.55689
1.57097
1.58298
1.59288
1.59927
1.60252
1.60358
1.60297
1.59931
1.59481
1.58984
1.58689
1.5853
1.58598
1.58747
1.5898
1.59411
1.59986
1.60672
1.61346
1.62069
1.62748
1.63474
1.64163
1.64908
1.6562
1.66387
1.67121
1.67908
1.68656
1.69455
1.70212
1.71015
1.71774
1.72577
1.73333
1.74133
1.74884
1.7568
1.76432
1.77222
1.77975
1.78761
1.79513
1.80294
1.81039
1.81812
1.82522
1.83232
1.83666
1.26341
1.28861
1.31766
1.34645
1.37545
1.4052
1.4359
1.46717
1.49884
1.53111
1.56278
1.59491
1.62627
1.65724
1.6875
1.71656
1.74404
1.76767
1.78289
1.78324
1.7723
1.74545
1.68806
1.56912
1.45195
1.39783
1.39179
1.40368
1.41983
1.43781
1.4478
1.44814
1.43719
1.40721
1.35315
1.28799
1.2424
1.22815
1.23759
1.25439
1.2825
1.31893
1.35587
1.3919
1.42498
1.45497
1.48279
1.5084
1.5322
1.55368
1.57335
1.5906
1.60543
1.61799
1.6288
1.63657
1.64084
1.64217
1.64235
1.6404
1.63586
1.63126
1.62668
1.62449
1.62379
1.62488
1.62656
1.62949
1.6346
1.64078
1.64778
1.65443
1.66148
1.66813
1.67523
1.682
1.68928
1.69623
1.7037
1.71078
1.71839
1.72551
1.7332
1.74034
1.74805
1.75524
1.76291
1.77018
1.7778
1.78512
1.79273
1.80004
1.80765
1.81494
1.8225
1.82975
1.83721
1.84419
1.85102
1.85539
1.28192
1.30224
1.33017
1.35744
1.38446
1.41226
1.44057
1.4699
1.49953
1.52943
1.55995
1.58977
1.6199
1.64931
1.67786
1.70495
1.72922
1.74577
1.74794
1.73774
1.7134
1.66047
1.55275
1.43252
1.37325
1.36598
1.37928
1.39843
1.42333
1.45037
1.46871
1.47719
1.4792
1.47446
1.45619
1.41848
1.36714
1.31579
1.29222
1.29153
1.30367
1.32323
1.35376
1.38829
1.42295
1.45588
1.48679
1.51491
1.54065
1.56448
1.58623
1.60608
1.62376
1.63921
1.65237
1.66383
1.6727
1.67809
1.6804
1.68086
1.68004
1.67675
1.67184
1.66708
1.66374
1.6619
1.66223
1.66335
1.66557
1.66937
1.67525
1.68139
1.68819
1.69471
1.7015
1.70799
1.7148
1.72137
1.72832
1.735
1.74213
1.74891
1.75623
1.76311
1.77052
1.77744
1.78485
1.79178
1.79917
1.80612
1.81351
1.82051
1.8279
1.83496
1.8423
1.84934
1.85655
1.86325
1.8698
1.87395
1.30312
1.31728
1.33991
1.36742
1.39372
1.41983
1.44658
1.47376
1.50182
1.53002
1.55826
1.58708
1.61493
1.64293
1.6692
1.69313
1.71039
1.71389
1.70398
1.68128
1.63004
1.53375
1.41063
1.34579
1.33711
1.35076
1.37095
1.39914
1.42987
1.45749
1.48036
1.49675
1.50627
1.51072
1.51109
1.50246
1.47951
1.44006
1.39471
1.36115
1.34825
1.35522
1.36823
1.38933
1.42031
1.45332
1.48644
1.51699
1.54553
1.57178
1.59585
1.61805
1.63814
1.65637
1.67227
1.6862
1.69813
1.70801
1.7147
1.71811
1.71894
1.71892
1.71697
1.71264
1.70801
1.70323
1.70074
1.69961
1.70037
1.70175
1.70455
1.70896
1.71507
1.72128
1.72788
1.73415
1.74066
1.74688
1.75345
1.75976
1.76651
1.77297
1.7799
1.78648
1.79351
1.80016
1.80723
1.81391
1.821
1.82768
1.83478
1.84146
1.84855
1.85523
1.86226
1.86886
1.87571
1.8819
1.88797
1.89167
1.32899
1.33548
1.35247
1.37733
1.4026
1.42762
1.45299
1.47892
1.50521
1.5321
1.55891
1.58553
1.61226
1.6374
1.66082
1.67798
1.68193
1.67201
1.65022
1.6018
1.51067
1.38505
1.31497
1.30568
1.32005
1.34231
1.37198
1.40493
1.43467
1.46105
1.48518
1.50627
1.52374
1.53553
1.54416
1.5474
1.54622
1.53456
1.50915
1.47257
1.43423
1.41296
1.40785
1.41634
1.4306
1.45391
1.48414
1.51511
1.54633
1.5753
1.60193
1.62666
1.64923
1.66998
1.68862
1.70527
1.71962
1.73217
1.7428
1.75068
1.75528
1.7571
1.75732
1.75628
1.75309
1.74776
1.7429
1.7389
1.73714
1.73675
1.73758
1.73939
1.74304
1.74821
1.75429
1.76029
1.7666
1.77258
1.77879
1.78475
1.79105
1.79716
1.80365
1.80989
1.81654
1.82287
1.82963
1.83598
1.84278
1.84911
1.85592
1.86222
1.86898
1.8752
1.88182
1.88783
1.89414
1.89958
1.90489
1.90795
1.36398
1.36059
1.37059
1.38847
1.41298
1.43663
1.46022
1.48445
1.50925
1.53451
1.56008
1.58524
1.60941
1.63188
1.64839
1.65241
1.642
1.62028
1.57307
1.48289
1.3617
1.28919
1.27832
1.29215
1.31474
1.34533
1.37902
1.40934
1.43709
1.46269
1.48742
1.51059
1.53248
1.55137
1.56639
1.57731
1.58588
1.58812
1.58517
1.57164
1.54567
1.51327
1.48241
1.46778
1.46807
1.47715
1.49184
1.51579
1.54521
1.575
1.60426
1.6316
1.6569
1.68012
1.70147
1.7206
1.73784
1.7526
1.7659
1.77697
1.78613
1.79182
1.79476
1.7951
1.79472
1.79261
1.78805
1.7827
1.77764
1.77497
1.77353
1.77398
1.7751
1.77747
1.78176
1.78704
1.79302
1.79876
1.80476
1.81041
1.81644
1.82212
1.82831
1.83411
1.8404
1.84629
1.85261
1.85855
1.86489
1.87079
1.87716
1.88294
1.88929
1.89487
1.90101
1.90621
1.9117
1.91603
1.92015
1.92261
1.39846
1.38414
1.38742
1.4032
1.42449
1.44865
1.47076
1.49217
1.5147
1.53787
1.56141
1.58449
1.6057
1.62166
1.62537
1.61423
1.59202
1.54482
1.45382
1.33583
1.26114
1.24976
1.26319
1.28658
1.31861
1.3528
1.38379
1.4117
1.43829
1.46388
1.4889
1.51375
1.53714
1.56027
1.5805
1.59802
1.612
1.62311
1.63074
1.63229
1.62826
1.61386
1.58837
1.56013
1.53607
1.52481
1.52838
1.53712
1.55196
1.57552
1.60448
1.63321
1.66126
1.68689
1.71077
1.73229
1.75217
1.7698
1.78554
1.79926
1.81098
1.82086
1.82759
1.83173
1.83281
1.8327
1.83129
1.82761
1.82188
1.81692
1.81271
1.81082
1.81
1.81056
1.81207
1.81512
1.82003
1.82518
1.83093
1.83638
1.84211
1.84751
1.85325
1.85868
1.86451
1.86997
1.87593
1.88136
1.88741
1.89271
1.89874
1.90384
1.90966
1.91435
1.91957
1.92339
1.92765
1.93083
1.93397
1.93561
1.48341
1.41831
1.41036
1.41659
1.43441
1.45782
1.48114
1.50288
1.52327
1.54378
1.56396
1.5832
1.59747
1.59997
1.58788
1.56473
1.51615
1.4234
1.3064
1.23121
1.2196
1.2331
1.25751
1.29118
1.32655
1.35816
1.38662
1.41353
1.43956
1.46562
1.49121
1.51675
1.54172
1.56607
1.58972
1.61142
1.63118
1.64721
1.66164
1.6724
1.67893
1.67991
1.67521
1.66067
1.63618
1.61082
1.59158
1.58244
1.58751
1.59559
1.61024
1.63349
1.66214
1.69007
1.71615
1.74044
1.76272
1.78322
1.80126
1.8177
1.83165
1.84428
1.85445
1.86231
1.86732
1.8693
1.86929
1.86844
1.86555
1.86107
1.85537
1.85072
1.84744
1.84598
1.84601
1.84676
1.84879
1.85228
1.85741
1.86247
1.86808
1.87311
1.87872
1.88361
1.88926
1.89406
1.89976
1.90449
1.91018
1.9148
1.92026
1.9245
1.92928
1.93266
1.93637
1.93913
1.94217
1.94377
1.94459
1.94546
1.64753
1.46914
1.43902
1.43678
1.44599
1.46425
1.48753
1.51001
1.53108
1.5498
1.56754
1.57879
1.57893
1.56487
1.5398
1.48825
1.39211
1.27422
1.20217
1.19189
1.20598
1.23111
1.26597
1.30193
1.33401
1.36284
1.38979
1.41615
1.44242
1.4688
1.49513
1.52122
1.54721
1.57249
1.59766
1.6216
1.64469
1.66551
1.68371
1.69954
1.71335
1.72329
1.72816
1.72863
1.72348
1.709
1.68559
1.6626
1.64636
1.63863
1.64387
1.65177
1.6662
1.68884
1.71547
1.74332
1.76914
1.79209
1.81279
1.83157
1.84856
1.86314
1.87614
1.88667
1.89541
1.90093
1.90416
1.9046
1.90405
1.90208
1.8979
1.89235
1.8872
1.88316
1.8809
1.88
1.88021
1.88133
1.88424
1.88803
1.89328
1.89788
1.90344
1.9079
1.91334
1.91764
1.92292
1.9271
1.93207
1.93595
1.94018
1.94326
1.94631
1.94875
1.95111
1.95252
1.95294
1.95224
1.94883
1.94955
1.9196
1.57606
1.47522
1.46036
1.46154
1.47415
1.49372
1.51615
1.537
1.55415
1.56474
1.56315
1.54722
1.51943
1.46311
1.36153
1.24223
1.17477
1.16665
1.18079
1.20714
1.24332
1.27927
1.31143
1.34041
1.3676
1.39419
1.42068
1.44743
1.47426
1.50111
1.52775
1.55414
1.5801
1.60563
1.63063
1.65475
1.67797
1.69933
1.71867
1.73564
1.751
1.76403
1.77336
1.77662
1.77673
1.77139
1.75745
1.73528
1.71377
1.69921
1.69183
1.6965
1.70468
1.71946
1.74119
1.76593
1.79159
1.8167
1.83908
1.85962
1.87738
1.89304
1.90648
1.91767
1.92711
1.93369
1.93804
1.93904
1.93864
1.93706
1.93353
1.92843
1.9229
1.91816
1.91473
1.91314
1.91282
1.9132
1.91471
1.91812
1.92183
1.9269
1.93097
1.93588
1.93978
1.9442
1.94771
1.95126
1.95386
1.95615
1.95795
1.95964
1.96055
1.96049
1.9594
1.95659
1.95146
1.94255
1.93914
2.26576
1.79383
1.55333
1.49483
1.48474
1.48799
1.50155
1.52143
1.53947
1.55193
1.54893
1.53241
1.50149
1.44012
1.33117
1.21186
1.15131
1.14533
1.15924
1.18678
1.22397
1.25956
1.29115
1.31985
1.3471
1.37381
1.40046
1.42731
1.45431
1.48141
1.50842
1.5351
1.56145
1.58736
1.61288
1.63799
1.66249
1.68649
1.70952
1.7314
1.7516
1.76964
1.78638
1.8012
1.8132
1.82198
1.82429
1.82382
1.81827
1.80472
1.78403
1.76347
1.7495
1.74251
1.74714
1.75536
1.77035
1.79124
1.81494
1.83909
1.86217
1.88371
1.90299
1.92045
1.93516
1.94803
1.95811
1.96573
1.97061
1.97219
1.97178
1.97038
1.96743
1.96246
1.95673
1.9511
1.94703
1.94417
1.9431
1.9428
1.94342
1.94522
1.94861
1.95196
1.95591
1.9593
1.96247
1.96475
1.96628
1.96715
1.96789
1.96788
1.96708
1.96497
1.96148
1.95538
1.94661
1.934
1.91785
1.91053
2.59251
2.12235
1.70499
1.54249
1.51211
1.50764
1.5128
1.52472
1.5379
1.53515
1.51653
1.48232
1.41509
1.29745
1.17875
1.12609
1.1239
1.13815
1.16759
1.20657
1.2418
1.2725
1.30033
1.32703
1.35358
1.38033
1.4073
1.4344
1.4615
1.48851
1.51535
1.54189
1.56813
1.59403
1.61952
1.64474
1.66948
1.69385
1.71763
1.74061
1.76276
1.78332
1.80235
1.81977
1.83615
1.8504
1.86152
1.86957
1.87115
1.87042
1.86467
1.85159
1.83223
1.81243
1.7985
1.79162
1.79652
1.80488
1.81967
1.84018
1.86171
1.8846
1.90601
1.92632
1.94445
1.96027
1.97389
1.98501
1.99388
1.99962
2.00264
2.00278
2.00163
1.99889
1.99487
1.98859
1.98313
1.97771
1.97417
1.97144
1.97048
1.96999
1.97042
1.97169
1.97382
1.97572
1.97647
1.97682
1.97665
1.97564
1.97387
1.97033
1.96572
1.95769
1.94869
1.93424
1.91901
1.90072
1.8805
1.87183
2.77668
2.4632
1.97511
1.64897
1.54809
1.52822
1.52601
1.52745
1.52378
1.50276
1.463
1.38567
1.26041
1.14261
1.09924
1.10263
1.11838
1.14972
1.18973
1.22462
1.25425
1.28098
1.30687
1.333
1.3597
1.38686
1.41421
1.44159
1.46885
1.49597
1.52284
1.54945
1.5757
1.60165
1.62719
1.65243
1.67726
1.70164
1.72563
1.74896
1.77175
1.7937
1.81462
1.83433
1.8524
1.86972
1.88553
1.89931
1.90934
1.91655
1.9178
1.91663
1.91038
1.89767
1.87878
1.85871
1.84493
1.8385
1.8436
1.85211
1.86664
1.88633
1.90656
1.92751
1.9479
1.96652
1.98367
1.99776
2.01014
2.01993
2.02702
2.03127
2.03225
2.03121
2.0293
2.02531
2.01993
2.01323
2.00727
2.00192
1.99796
1.99506
1.99268
1.99116
1.98985
1.98779
1.98627
1.98383
1.98093
1.97577
1.97017
1.9606
1.95021
1.93372
1.91747
1.89908
1.88041
1.86461
1.84874
1.84355
2.87089
2.71956
2.31862
1.86942
1.62946
1.562
1.54045
1.52628
1.49862
1.44495
1.34719
1.21379
1.10707
1.07427
1.08161
1.1024
1.13684
1.17573
1.20888
1.23704
1.26265
1.28775
1.31336
1.33982
1.36698
1.39456
1.42227
1.44991
1.47735
1.5045
1.53134
1.55784
1.58398
1.60976
1.63515
1.66017
1.6848
1.70906
1.73293
1.7564
1.77938
1.80194
1.8238
1.84499
1.86503
1.88384
1.90154
1.91821
1.93324
1.9462
1.95518
1.96076
1.96149
1.95994
1.95293
1.93954
1.92102
1.90024
1.88774
1.88193
1.88736
1.89617
1.91097
1.92937
1.94878
1.9681
1.98722
2.00468
2.01981
2.03274
2.04325
2.05174
2.05693
2.05899
2.05834
2.05659
2.05305
2.04757
2.04004
2.03261
2.02564
2.01898
2.01325
2.00724
2.00083
1.99492
1.98993
1.98266
1.97543
1.96364
1.9506
1.93374
1.91603
1.89793
1.88021
1.86554
1.85283
1.84531
1.8393
1.83836
2.9346
2.84519
2.64319
2.21391
1.79852
1.61043
1.55657
1.511
1.43482
1.30993
1.16456
1.06853
1.04628
1.05804
1.08778
1.12912
1.1665
1.19753
1.22405
1.24852
1.27281
1.29785
1.32381
1.35056
1.3778
1.40525
1.43269
1.45995
1.48696
1.51369
1.54016
1.56637
1.59228
1.61786
1.64309
1.66794
1.6924
1.71645
1.74008
1.76338
1.78625
1.80872
1.83069
1.85208
1.87282
1.89269
1.91148
1.92923
1.94619
1.96176
1.97548
1.98711
1.99508
1.99861
1.9988
1.99685
1.98933
1.97552
1.95666
1.93653
1.92605
1.92108
1.92706
1.93611
1.95103
1.96874
1.98657
2.00518
2.02225
2.03844
2.05176
2.06264
2.07207
2.07798
2.08101
2.0808
2.07904
2.07547
2.06937
2.06023
2.05086
2.03938
2.02937
2.01629
2.00638
1.99482
1.98364
1.96898
1.95284
1.93511
1.91597
1.89835
1.88128
1.86819
1.85795
1.8521
1.84887
1.84885
1.84898
1.84994
2.96163
2.9133
2.80191
2.52559
2.05483
1.70329
1.55642
1.45384
1.27659
1.10244
1.01426
1.00721
1.027
1.0666
1.11407
1.15222
1.18205
1.20667
1.22974
1.25354
1.27851
1.30452
1.33121
1.35827
1.38554
1.41285
1.4401
1.46722
1.49412
1.52071
1.54693
1.57268
1.598
1.62291
1.6474
1.67153
1.69528
1.71871
1.74176
1.76452
1.78689
1.80893
1.83057
1.85178
1.87247
1.89265
1.91197
1.93052
1.94805
1.96473
1.98062
1.99507
2.00744
2.018
2.0252
2.02749
2.02731
2.02511
2.01727
2.00288
1.98498
1.96619
1.95708
1.95323
1.95982
1.96959
1.98437
2.00112
2.01803
2.03504
2.05118
2.06525
2.07611
2.08557
2.09183
2.09448
2.09387
2.09185
2.0875
2.07826
2.06644
2.05072
2.03433
2.01696
1.99994
1.98119
1.95997
1.93901
1.91798
1.89937
1.88326
1.87151
1.86379
1.85957
1.85866
1.85898
1.85983
1.86138
1.86242
1.86316
2.97692
2.9526
2.87902
2.74153
2.37347
1.90631
1.56452
1.2999
1.03216
0.942556
0.953983
0.987504
1.03711
1.08643
1.12557
1.15542
1.17956
1.20184
1.22507
1.25
1.27624
1.30313
1.33031
1.35759
1.38488
1.41212
1.43927
1.46621
1.49284
1.51905
1.54477
1.56998
1.59468
1.61888
1.64262
1.66595
1.68892
1.71161
1.73403
1.7562
1.77817
1.79985
1.82126
1.84234
1.86294
1.88321
1.9028
1.92176
1.94004
1.95722
1.97388
1.98955
2.004
2.01754
2.02852
2.03799
2.04439
2.04599
2.04552
2.04339
2.03593
2.02086
2.00412
1.98659
1.97926
1.97716
1.98409
1.99422
2.00912
2.02427
2.03992
2.05571
2.06927
2.0813
2.0891
2.09332
2.09335
2.092
2.08801
2.07865
2.06526
2.04767
2.02617
2.00256
1.97643
1.94994
1.92494
1.90342
1.88637
1.87443
1.86764
1.86505
1.86538
1.8662
1.86756
1.86906
1.86966
1.86898
1.86761
1.86824
2.98725
2.96609
2.92733
2.82101
2.59542
2.11003
1.50855
0.981818
0.769259
0.818601
0.881218
0.956966
1.01387
1.05641
1.08913
1.11621
1.14145
1.16743
1.19471
1.22311
1.25227
1.28147
1.31019
1.33847
1.36635
1.39388
1.42108
1.44794
1.47439
1.50041
1.52585
1.55071
1.57488
1.59842
1.62137
1.64389
1.66611
1.68818
1.71019
1.73215
1.75404
1.77579
1.79732
1.81849
1.83931
1.85956
1.87938
1.89846
1.91703
1.93472
1.95172
1.96802
1.98358
1.99855
2.01221
2.02511
2.036
2.04465
2.05094
2.05227
2.05166
2.04969
2.04138
2.02647
2.01158
1.99542
1.98895
1.98953
1.99642
2.00633
2.02076
2.03386
2.04709
2.06065
2.06966
2.07394
2.07445
2.07299
2.06774
2.05626
2.03906
2.01778
1.99223
1.96451
1.93692
1.91314
1.89432
1.88116
1.87309
1.86948
1.86924
1.86956
1.87019
1.87076
1.87047
1.86949
1.86781
1.86505
1.86093
1.85987
2.98981
2.97115
2.93835
2.84104
2.60863
2.1211
1.2792
0.634659
0.469771
0.584934
0.715703
0.809823
0.873375
0.921312
0.961241
0.997748
1.03305
1.06757
1.10133
1.13439
1.1668
1.19891
1.2307
1.26178
1.29217
1.32198
1.35121
1.37988
1.40791
1.43527
1.4619
1.48786
1.51316
1.53797
1.56241
1.58661
1.61069
1.63459
1.65835
1.68181
1.70499
1.72767
1.74997
1.77163
1.79284
1.81341
1.83344
1.85297
1.87194
1.89042
1.90832
1.92567
1.94238
1.95869
1.97416
1.98902
2.00292
2.01553
2.02685
2.03496
2.04055
2.04201
2.04156
2.03931
2.02986
2.01563
2.00235
1.9883
1.98302
1.98503
1.99147
2.00062
2.00938
2.01896
2.02664
2.02819
2.02822
2.02424
2.01444
1.99886
1.97928
1.9579
1.93664
1.9177
1.90188
1.88971
1.88058
1.87515
1.87179
1.8696
1.868
1.86639
1.86419
1.86076
1.85705
1.8527
1.84865
1.84447
1.83968
1.83864
2.9906
2.97557
2.93826
2.84969
2.59231
2.10565
1.14985
0.495928
0.276083
0.405825
0.537684
0.624731
0.688228
0.741961
0.791629
0.838591
0.88301
0.925029
0.964895
1.00297
1.03949
1.07461
1.10861
1.14174
1.17394
1.20539
1.23621
1.2665
1.2963
1.32572
1.3548
1.38361
1.41211
1.44034
1.4683
1.49594
1.52323
1.55001
1.57628
1.60191
1.6269
1.65126
1.67496
1.69803
1.72046
1.74228
1.76349
1.78421
1.80439
1.82411
1.8432
1.86156
1.87924
1.89618
1.91288
1.92878
1.94446
1.95918
1.97348
1.98591
1.99761
2.00562
2.00998
2.01266
2.01305
2.00988
1.99997
1.98622
1.97336
1.96049
1.95537
1.95314
1.95477
1.95582
1.95548
1.95171
1.94411
1.93425
1.92276
1.91035
1.89806
1.88733
1.88006
1.87516
1.87141
1.86852
1.86608
1.86252
1.85848
1.85339
1.84794
1.84158
1.83554
1.82887
1.82317
1.81708
1.81229
1.80846
1.805
1.80484
2.99044
2.9759
2.93971
2.83964
2.62669
2.02867
1.16647
0.44797
0.225389
0.326936
0.420909
0.484792
0.539505
0.593304
0.646419
0.697495
0.745872
0.791498
0.834593
0.875427
0.914311
0.951521
0.987333
1.02218
1.05635
1.08995
1.1231
1.15593
1.18843
1.22063
1.25242
1.28387
1.31484
1.34538
1.37528
1.40455
1.43313
1.46099
1.48816
1.51459
1.54033
1.56533
1.58966
1.61326
1.63624
1.65844
1.68004
1.70086
1.72112
1.74086
1.7604
1.77989
1.79949
1.81903
1.83843
1.85764
1.87623
1.89439
1.91162
1.92769
1.94276
1.95631
1.96674
1.97441
1.97831
1.98034
1.97907
1.97113
1.95702
1.93867
1.91982
1.89971
1.88467
1.87087
1.85802
1.84578
1.83479
1.82635
1.82124
1.81834
1.81935
1.82103
1.82357
1.8268
1.82824
1.82779
1.82655
1.82349
1.81769
1.80935
1.79981
1.79023
1.78103
1.77309
1.76589
1.76077
1.75643
1.75464
1.75254
1.75385
2.99078
2.97609
2.93831
2.84943
2.58502
2.08378
1.09347
0.442812
0.246493
0.339582
0.414539
0.45827
0.49656
0.539039
0.584682
0.630628
0.675135
0.717567
0.757888
0.796379
0.833414
0.869418
0.90468
0.939359
0.973643
1.00752
1.04101
1.07409
1.10675
1.13899
1.17076
1.20208
1.23287
1.26315
1.29287
1.32201
1.35055
1.37846
1.40575
1.4324
1.45844
1.48386
1.50875
1.5331
1.55704
1.58056
1.60382
1.62672
1.64952
1.67197
1.69433
1.71632
1.73808
1.75943
1.78034
1.80075
1.82049
1.83955
1.85778
1.87482
1.8909
1.90505
1.91713
1.927
1.93034
1.93216
1.93191
1.92794
1.91501
1.89268
1.86381
1.82961
1.7938
1.76137
1.7348
1.71533
1.70528
1.70229
1.70683
1.71261
1.72165
1.73147
1.74096
1.74855
1.75159
1.75185
1.75166
1.74865
1.74243
1.73358
1.72244
1.71204
1.70138
1.69291
1.68549
1.68063
1.67703
1.67574
1.67438
1.67618
)
;

boundaryField
{
    inlet
    {
        type            calculated;
        value           uniform 3.00001;
    }
    outlet
    {
        type            calculated;
        value           nonuniform List<scalar> 
40
(
1.09389
1.22015
1.31352
1.38541
1.45068
1.50261
1.54677
1.58601
1.61998
1.64937
1.67418
1.69719
1.71877
1.73979
1.76
1.77955
1.79857
1.81755
1.83666
1.85539
1.87395
1.89167
1.90795
1.92261
1.93561
1.94546
1.94955
1.93914
1.91053
1.87183
1.84355
1.83836
1.84994
1.86316
1.86824
1.85987
1.83864
1.80484
1.75385
1.67618
)
;
    }
    bottom
    {
        type            symmetryPlane;
    }
    top
    {
        type            symmetryPlane;
    }
    obstacle
    {
        type            calculated;
        value           uniform 0;
    }
    defaultFaces
    {
        type            empty;
    }
}


// ************************************************************************* //
