/*--------------------------------*- C++ -*----------------------------------*\
| =========                 |                                                 |
| \\      /  F ield         | OpenFOAM: The Open Source CFD Toolbox           |
|  \\    /   O peration     | Version:  2412                                  |
|   \\  /    A nd           | Website:  www.openfoam.com                      |
|    \\/     M anipulation  |                                                 |
\*---------------------------------------------------------------------------*/
FoamFile
{
    version     2.0;
    format      ascii;
    arch        "LSB;label=32;scalar=64";
    class       volScalarField;
    location    "3";
    object      Ma;
}
// * * * * * * * * * * * * * * * * * * * * * * * * * * * * * * * * * * * * * //

dimensions      [0 0 0 0 0 0 0];

internalField   nonuniform List<scalar> 
5250
(
2.99999
2.99997
2.99988
2.99976
2.99925
2.99853
2.99578
2.99115
2.97601
2.94213
2.85749
2.62146
2.17449
1.21194
0.522914
0.250874
0.309753
0.323548
0.286191
0.229419
0.180345
0.141476
0.103439
0.0629829
0.0348923
2.99999
2.99997
2.99988
2.99976
2.99926
2.99856
2.99584
2.9913
2.97639
2.94325
2.86001
2.62843
2.18795
1.23269
0.534323
0.252794
0.313024
0.328097
0.291631
0.236467
0.188874
0.151234
0.114662
0.0773937
0.0551947
2.99999
2.99997
2.99989
2.99977
2.99929
2.9986
2.99595
2.99161
2.97713
2.94565
2.86523
2.64343
2.21742
1.28022
0.561337
0.260841
0.322899
0.340537
0.305788
0.253361
0.208052
0.172598
0.139141
0.107369
0.0903096
2.99999
2.99997
2.99989
2.99978
2.99932
2.99867
2.99612
2.99206
2.97822
2.9492
2.87294
2.66589
2.26225
1.35571
0.603025
0.275923
0.339732
0.361109
0.328581
0.279439
0.236187
0.202985
0.17256
0.144824
0.130164
2.99999
2.99997
2.9999
2.99979
2.99936
2.99875
2.99634
2.99262
2.9796
2.95357
2.88255
2.69409
2.3197
1.45687
0.657622
0.302842
0.366358
0.390927
0.360403
0.314327
0.272516
0.240807
0.21265
0.187856
0.174742
2.99999
2.99998
2.99991
2.99981
2.99941
2.99885
2.99658
2.99324
2.98104
2.95852
2.89292
2.72639
2.38616
1.59179
0.73141
0.347034
0.403628
0.42731
0.398293
0.355112
0.314757
0.284813
0.25939
0.237756
0.226687
3
2.99998
2.99991
2.99982
2.99945
2.99894
2.99684
2.99379
2.98239
2.96243
2.90145
2.75449
2.43923
1.71714
0.790078
0.374401
0.429694
0.453437
0.430867
0.394727
0.358795
0.332837
0.312088
0.295707
0.289523
3
2.99998
2.99992
2.99984
2.99949
2.99902
2.99707
2.99428
2.98356
2.9658
2.90852
2.77873
2.48173
1.79739
0.872733
0.421627
0.452246
0.468705
0.458929
0.432039
0.403811
0.384408
0.371593
0.363734
0.368481
3
2.99998
2.99993
2.99985
2.99954
2.99911
2.99734
2.99482
2.98492
2.96913
2.91619
2.80146
2.52624
1.88565
0.974864
0.481888
0.467564
0.483042
0.485176
0.467706
0.449428
0.43946
0.437322
0.445274
0.475656
3
2.99999
2.99994
2.99987
2.99961
2.99922
2.9977
2.99543
2.98704
2.97253
2.92635
2.8198
2.57582
1.96794
1.08028
0.549208
0.481404
0.500309
0.51188
0.504446
0.496809
0.497352
0.511893
0.551115
0.65029
3
2.99999
2.99996
2.99988
2.99975
2.99929
2.99845
2.99592
2.99017
2.97558
2.93717
2.85218
2.5956
2.12718
1.17196
0.628
0.494468
0.517703
0.538502
0.541027
0.54327
0.557144
0.595141
0.67836
0.856368
3
2.99999
2.99996
2.99991
2.9997
2.99941
2.99828
2.99652
2.99037
2.97883
2.94486
2.86217
2.6778
2.17661
1.37401
0.722056
0.519273
0.54228
0.567525
0.577845
0.589184
0.615929
0.672253
0.777702
0.968766
3
2.99999
2.99996
2.99992
2.99974
2.99948
2.99844
2.99698
2.99111
2.98224
2.95047
2.8896
2.72477
2.32774
1.57665
0.829131
0.560725
0.579741
0.601662
0.616733
0.634688
0.671672
0.736825
0.842011
1.0065
3
3
2.99997
2.99993
2.99978
2.99957
2.9987
2.99747
2.99258
2.98528
2.9586
2.91094
2.77047
2.46237
1.78734
0.948128
0.621477
0.626952
0.642148
0.659151
0.67991
0.719328
0.786564
0.881883
1.01994
3
3
2.99998
2.99995
2.99982
2.99965
2.99895
2.99797
2.99403
2.98816
2.96719
2.92684
2.81819
2.54077
1.99682
1.06835
0.689145
0.663583
0.679944
0.69915
0.722512
0.761077
0.825021
0.911383
1.02759
3
3
2.99998
2.99996
2.99986
2.99973
2.99918
2.9984
2.99543
2.99059
2.97461
2.94035
2.85335
2.61761
2.17344
1.25856
0.794038
0.692586
0.707752
0.729108
0.758789
0.796462
0.853903
0.933345
1.03386
3
3
2.99999
2.99997
2.99989
2.99978
2.99934
2.99872
2.99623
2.99252
2.97926
2.95406
2.88321
2.70062
2.33664
1.50818
0.931457
0.735015
0.737291
0.757541
0.790823
0.830325
0.881088
0.950768
1.03898
3.00001
3
2.99999
2.99998
2.99992
2.99983
2.99949
2.99901
2.99707
2.99429
2.98371
2.96616
2.91068
2.78402
2.50587
1.86197
1.10669
0.809713
0.785138
0.79613
0.823077
0.861393
0.909106
0.970013
1.04564
3.00001
3
3
2.99998
2.99994
2.99987
2.99962
2.99925
2.99781
2.99568
2.9878
2.97441
2.93195
2.8353
2.61612
2.0654
1.2731
0.886131
0.827897
0.836753
0.85817
0.891623
0.934741
0.989091
1.05545
3.00001
3
3
2.99999
2.99997
2.99989
2.99978
2.99935
2.9987
2.9964
2.99225
2.97975
2.9508
2.88097
2.68784
2.31543
1.50515
1.01023
0.869137
0.869639
0.889277
0.921625
0.959993
1.00722
1.06523
3.00001
3.00001
3
2.99999
2.99998
2.99992
2.99983
2.99949
2.99901
2.99711
2.99433
2.98407
2.96632
2.91275
2.78576
2.51511
1.88787
1.19335
0.935812
0.913226
0.924523
0.952531
0.989947
1.02997
1.07811
3.00001
3.00001
3
3
2.99998
2.99995
2.99985
2.9997
2.99913
2.99826
2.99504
2.98989
2.97234
2.93893
2.84668
2.62893
2.13993
1.387
1.01775
0.950074
0.957477
0.97987
1.01472
1.05336
1.09611
3.00001
3.00001
3
3
2.99999
2.99996
2.99991
2.99974
2.99948
2.99849
2.997
2.99155
2.98247
2.95319
2.89043
2.73696
2.35956
1.65412
1.15675
1.00339
0.993265
1.00594
1.03346
1.07116
1.11234
3.00001
3.00001
3.00001
3
2.99999
2.99998
2.99993
2.99986
2.99957
2.99915
2.99758
2.99514
2.9867
2.97132
2.92597
2.81967
2.58656
2.04438
1.33417
1.07634
1.0369
1.04181
1.06026
1.08997
1.12741
3.00001
3.00001
3.00001
3
3
2.99998
2.99996
2.99988
2.99976
2.9993
2.99861
2.99609
2.99194
2.97856
2.95074
2.87844
2.69382
2.32763
1.57822
1.18116
1.07504
1.07146
1.08543
1.11075
1.14397
3.00001
3.00001
3.00001
3
3
2.99999
2.99998
2.99992
2.99984
2.99951
2.99905
2.99722
2.99459
2.98475
2.96834
2.91887
2.80597
2.55805
1.99213
1.36628
1.13621
1.10788
1.1131
1.1351
1.16493
3.00001
3.00001
3.00001
3.00001
3
3
2.99998
2.99996
2.99987
2.99973
2.99923
2.99847
2.99566
2.99124
2.97611
2.94811
2.86985
2.68956
2.27577
1.59901
1.22994
1.14433
1.14077
1.15431
1.18054
3.00001
3.00001
3.00001
3.00001
3.00001
3
2.99999
2.99997
2.99993
2.99979
2.99958
2.99879
2.99759
2.99324
2.98617
2.96297
2.91817
2.79688
2.52852
1.93445
1.3964
1.20146
1.17453
1.18019
1.20007
3.00001
3.00001
3.00001
3.00001
3.00001
3
3
2.99999
2.99995
2.99989
2.99967
2.99936
2.99816
2.99635
2.98999
2.97883
2.94554
2.86899
2.70313
2.26564
1.62004
1.28976
1.21349
1.20885
1.21948
3.00001
3.00001
3.00001
3.00001
3.00001
3.00001
3
2.99999
2.99997
2.99993
2.99979
2.99958
2.99877
2.99761
2.99318
2.98644
2.96295
2.92049
2.80087
2.54294
1.96846
1.45547
1.26861
1.24094
1.24459
3.00001
3.00001
3.00001
3.00001
3.00001
3.00001
3
3
2.99999
2.99995
2.99989
2.99969
2.99938
2.99825
2.99653
2.99051
2.97995
2.94854
2.87668
2.72007
2.30667
1.68758
1.3613
1.27824
1.27185
3.00001
3.00001
3.00001
3.00001
3.00001
3.00001
3.00001
3
2.99999
2.99997
2.99994
2.9998
2.99961
2.99887
2.9978
2.99375
2.9876
2.96627
2.92811
2.81958
2.59215
2.06155
1.54077
1.33484
1.30235
3.00001
3.00001
3.00001
3.00001
3.00001
3.00001
3.00001
3
3
2.99999
2.99996
2.99991
2.99972
2.99944
2.99843
2.99687
2.99148
2.982
2.95378
2.88995
2.7468
2.37616
1.77678
1.43002
1.33937
3.00001
3.00001
3.00001
3.00001
3.00001
3.00001
3.00001
3.00001
3
2.99999
2.99998
2.99993
2.99986
2.99959
2.99919
2.99771
2.99546
2.98757
2.97416
2.93384
2.84656
2.64538
2.20218
1.62564
1.40313
3.00001
3.00001
3.00001
3.00001
3.00001
3.00001
3.00001
3.00001
3
3
2.99999
2.99996
2.99992
2.99975
2.9995
2.99857
2.99724
2.99217
2.98453
2.95834
2.90899
2.78334
2.47702
1.92703
1.5202
3.00001
3.00001
3.00001
3.00001
3.00001
3.00001
3.00001
3.00001
3.00001
3
3
2.99998
2.99995
2.99985
2.99971
2.99915
2.99834
2.99534
2.99076
2.97481
2.94777
2.86437
2.70647
2.27731
1.75587
3.00001
3.00001
3.00001
3.00001
3.00001
3.00001
3.00001
3.00001
3.00001
3.00001
3
2.99999
2.99997
2.99993
2.9998
2.9996
2.99887
2.99777
2.99383
2.98758
2.9672
2.92864
2.82831
2.60018
2.11821
3.00001
3.00001
3.00001
3.00001
3.00001
3.00001
3.00001
3.00001
3.00001
3.00001
3
3
2.99998
2.99996
2.99988
2.99977
2.99933
2.9987
2.99635
2.9928
2.98048
2.9594
2.89698
2.77033
2.45492
3.00001
3.00001
3.00001
3.00001
3.00001
3.00001
3.00001
3.00001
3.00001
3.00001
3.00001
3
3
2.99998
2.99995
2.99985
2.99969
2.99913
2.99827
2.99527
2.99037
2.97463
2.94603
2.86321
2.70329
3.00001
3.00001
3.00001
3.00001
3.00001
3.00001
3.00001
3.00001
3.00001
3.00001
3.00001
3
3
2.99999
2.99997
2.99993
2.99979
2.99959
2.99885
2.99773
2.99378
2.9875
2.96717
2.92864
2.83066
3.00001
3.00001
3.00001
3.00001
3.00001
3.00001
3.00001
3.00001
3.00001
3.00001
3.00001
3.00001
3
3
2.99999
2.99996
2.99989
2.99977
2.99935
2.99873
2.99647
2.99302
2.98118
2.96105
2.90104
3.00001
3.00001
3.00001
3.00001
3.00001
3.00001
3.00001
3.00001
3.00001
3.00001
3.00001
3.00001
3.00001
3
3
2.99998
2.99995
2.99985
2.99971
2.99918
2.99837
2.99559
2.99103
2.9765
2.95012
3.00001
3.00001
3.00001
3.00001
3.00001
3.00001
3.00001
3.00001
3.00001
3.00001
3.00001
3.00001
3.00001
3.00001
3
2.99999
2.99997
2.99994
2.99981
2.99963
2.99897
2.99796
2.99449
2.98887
2.97113
3.00001
3.00001
3.00001
3.00001
3.00001
3.00001
3.00001
3.00001
3.00001
3.00001
3.00001
3.00001
3.00001
3.00001
3
3
2.99999
2.99996
2.99992
2.99976
2.99953
2.99869
2.99743
2.99302
2.98591
3.00001
3.00001
3.00001
3.00001
3.00001
3.00001
3.00001
3.00001
3.00001
3.00001
3.00001
3.00001
3.00001
3.00001
3.00001
3
3
2.99998
2.99996
2.99987
2.99975
2.99928
2.9986
2.99612
2.99234
3.00001
3.00001
3.00001
3.00001
3.00001
3.00001
3.00001
3.00001
3.00001
3.00001
3.00001
3.00001
3.00001
3.00001
3.00001
3.00001
3
3
2.99998
2.99995
2.99984
2.99968
2.99911
2.99824
2.99524
3.00001
3.00001
3.00001
3.00001
3.00001
3.00001
3.00001
3.00001
3.00001
3.00001
3.00001
3.00001
3.00001
3.00001
3.00001
3.00001
3
3
2.99999
2.99997
2.99991
2.99982
2.99947
2.99898
2.99715
3.00001
3.00001
3.00001
3.00001
3.00001
3.00001
3.00001
3.00001
3.00001
3.00001
3.00001
3.00001
3.00001
3.00001
3.00001
3.00001
3.00001
3
3
2.99998
2.99994
2.99988
2.99964
2.99929
2.99797
3.00001
3.00001
3.00001
3.00001
3.00001
3.00001
3.00001
3.00001
3.00001
3.00001
3.00001
3.00001
3.00001
3.00001
3.00001
3.00001
3.00001
3
3
2.99999
2.99997
2.99989
2.99977
2.99934
2.99867
3.00001
3.00001
3.00001
3.00001
3.00001
3.00001
3.00001
3.00001
3.00001
3.00001
3.00001
3.00001
3.00001
3.00001
3.00001
3.00001
3.00001
3
3
2.99999
2.99996
2.99991
2.99972
2.99944
2.99834
1.09629
1.29001
1.34904
1.31654
1.24165
1.15687
1.0777
1.0351
1.02703
1.02865
1.02929
1.02768
1.02434
1.01937
1.01381
1.01051
1.00934
1.00889
1.00828
1.00708
1.00445
0.998608
0.985729
0.95767
0.897209
0.769592
0.520112
0.235131
0.109546
0.127499
0.219543
0.314689
0.388242
0.427089
0.440741
0.438333
0.421475
0.390772
0.343423
0.283338
0.218747
0.155647
0.0969228
0.0506996
0.0397759
0.0769135
0.118438
0.157319
0.193572
0.225464
0.255882
0.286819
0.317451
0.345693
0.372804
0.398234
0.423212
0.446808
0.470265
0.492496
0.514778
0.535964
0.5573
0.577632
0.598183
0.617797
0.637678
0.656659
0.675951
0.694345
0.713095
0.73096
0.749213
0.766626
0.784454
0.801478
0.818973
0.835625
0.85285
0.869123
0.886089
0.901955
0.91866
0.934089
0.950526
0.965531
0.981685
0.996357
1.01218
1.02664
1.04204
1.05638
1.07134
1.08548
1.09992
1.1136
1.12705
1.13914
1.14899
1.15602
1.14059
1.25956
1.32697
1.36778
1.40785
1.43905
1.44991
1.44577
1.43054
1.40753
1.38825
1.38163
1.3816
1.38179
1.38178
1.38127
1.37993
1.3779
1.37597
1.37446
1.37224
1.36763
1.35743
1.33487
1.2849
1.17807
0.956515
0.657223
0.453645
0.354524
0.271063
0.190947
0.113206
0.0615394
0.0842612
0.12532
0.142233
0.105701
0.0799104
0.077554
0.107897
0.149119
0.193232
0.233635
0.270564
0.305368
0.339953
0.372635
0.40434
0.432676
0.459504
0.486007
0.513626
0.539152
0.563829
0.586814
0.609797
0.631473
0.653303
0.67392
0.69479
0.714544
0.73464
0.753681
0.773111
0.79152
0.810368
0.828204
0.846565
0.863891
0.881852
0.898702
0.916327
0.932715
0.950036
0.965976
0.983005
0.998526
1.01528
1.03043
1.04691
1.06176
1.07798
1.09259
1.1085
1.12292
1.1385
1.15267
1.16793
1.18185
1.19679
1.21053
1.22518
1.23871
1.25301
1.26604
1.27947
1.29099
1.30114
1.30757
1.14035
1.24913
1.34575
1.43827
1.52301
1.58963
1.6226
1.62558
1.62045
1.60617
1.58656
1.57035
1.56079
1.55682
1.55605
1.55622
1.55628
1.55614
1.55566
1.55467
1.55294
1.5496
1.54222
1.5272
1.49258
1.42149
1.2599
1.00468
0.766168
0.660911
0.582374
0.503838
0.423575
0.345145
0.277912
0.224387
0.198588
0.223844
0.272107
0.320367
0.361478
0.397215
0.430371
0.459841
0.487614
0.513419
0.539181
0.56384
0.588345
0.61093
0.632459
0.65333
0.675895
0.697816
0.719354
0.739218
0.759326
0.778242
0.797697
0.816008
0.834956
0.852706
0.871213
0.888477
0.906593
0.923386
0.941086
0.957422
0.974718
0.99068
1.00762
1.02329
1.03989
1.05533
1.07162
1.08681
1.10284
1.11772
1.1335
1.14802
1.16359
1.17773
1.1931
1.20688
1.22205
1.23555
1.25053
1.26393
1.27874
1.29207
1.30663
1.31982
1.33402
1.34698
1.36073
1.37323
1.38615
1.39734
1.40732
1.41356
1.14629
1.25554
1.35494
1.44619
1.52723
1.595
1.64779
1.68531
1.70584
1.71064
1.7088
1.70144
1.68995
1.67884
1.67183
1.66916
1.66916
1.66961
1.66997
1.66994
1.66944
1.66774
1.66356
1.65374
1.63223
1.58421
1.48322
1.27238
1.01988
0.89417
0.812715
0.739142
0.669581
0.597634
0.526444
0.470048
0.455519
0.478203
0.518883
0.56018
0.594477
0.62062
0.63985
0.655755
0.671797
0.68758
0.704496
0.721001
0.73865
0.755324
0.772005
0.787789
0.805495
0.823474
0.841969
0.858968
0.876493
0.892913
0.910207
0.926496
0.943702
0.959846
0.976833
0.9927
1.00936
1.02494
1.0413
1.05664
1.07275
1.08787
1.10375
1.11866
1.1343
1.14893
1.16428
1.17856
1.19364
1.20759
1.22251
1.23623
1.25105
1.26461
1.27933
1.29281
1.30749
1.32086
1.33539
1.34845
1.36272
1.3754
1.38944
1.40181
1.41564
1.42773
1.44131
1.45306
1.46599
1.47672
1.48692
1.49294
1.14559
1.25269
1.34898
1.43663
1.51652
1.58772
1.6507
1.70362
1.74495
1.7721
1.78288
1.78289
1.7806
1.77406
1.76466
1.75651
1.7507
1.74766
1.74669
1.74669
1.74654
1.74588
1.74369
1.73822
1.72546
1.69549
1.63521
1.49033
1.2801
1.07504
0.978263
0.916957
0.849259
0.772638
0.697145
0.642933
0.633558
0.655516
0.69651
0.73922
0.771552
0.793547
0.805477
0.810946
0.8163
0.823552
0.833486
0.844345
0.857036
0.869625
0.883171
0.895728
0.910072
0.925159
0.942092
0.957864
0.974128
0.989384
1.00546
1.02063
1.0366
1.05156
1.06741
1.08226
1.0981
1.11287
1.12856
1.14304
1.15835
1.17245
1.18742
1.20126
1.21605
1.22974
1.24441
1.25789
1.27237
1.28553
1.29976
1.31255
1.3266
1.3392
1.35319
1.36562
1.37946
1.39174
1.40541
1.41756
1.431
1.443
1.45613
1.46795
1.48078
1.49236
1.5049
1.51608
1.52813
1.53826
1.5481
1.55359
1.14013
1.24121
1.33468
1.42003
1.49818
1.56965
1.63359
1.69009
1.73796
1.77725
1.80741
1.82684
1.83476
1.8351
1.83346
1.82859
1.82111
1.81413
1.80893
1.80599
1.80496
1.80472
1.80393
1.80171
1.79486
1.78008
1.74251
1.66591
1.49164
1.27219
1.12369
1.04367
0.970793
0.886817
0.800713
0.748521
0.744819
0.77067
0.814447
0.861539
0.896672
0.91846
0.932087
0.936034
0.934867
0.93494
0.938223
0.944177
0.952992
0.963007
0.974495
0.985046
0.996719
1.00922
1.02429
1.03914
1.05441
1.0686
1.08341
1.09744
1.11229
1.12624
1.14089
1.15449
1.16889
1.18231
1.19669
1.21003
1.22435
1.23745
1.25153
1.26432
1.27823
1.29081
1.30459
1.31694
1.33056
1.34266
1.35615
1.36822
1.38163
1.39361
1.40683
1.4187
1.43167
1.44337
1.45603
1.46755
1.47995
1.49132
1.50356
1.51481
1.52697
1.53806
1.55014
1.56097
1.57267
1.58274
1.59244
1.59822
1.13451
1.22825
1.31662
1.39888
1.47503
1.54534
1.60982
1.66832
1.72081
1.76694
1.80588
1.83755
1.86047
1.87431
1.87902
1.87891
1.87727
1.87298
1.86706
1.8617
1.85787
1.8554
1.85388
1.85194
1.84761
1.83861
1.81772
1.77234
1.67203
1.48274
1.26171
1.14682
1.05709
0.94327
0.84415
0.803272
0.807226
0.837447
0.887218
0.941719
0.980925
1.00411
1.01853
1.02678
1.02872
1.02673
1.02613
1.02826
1.03395
1.04165
1.05174
1.06157
1.07187
1.08209
1.09469
1.10818
1.12271
1.1362
1.15009
1.16274
1.17614
1.18856
1.20213
1.21469
1.22834
1.24073
1.25414
1.26625
1.27945
1.29143
1.30458
1.3165
1.32954
1.34127
1.35407
1.3655
1.37816
1.38951
1.40217
1.41344
1.42606
1.43727
1.44977
1.46086
1.47315
1.48413
1.49623
1.50714
1.51905
1.52992
1.54162
1.55242
1.56393
1.57461
1.58594
1.59641
1.60741
1.61719
1.62654
1.63219
1.13047
1.21613
1.29885
1.37701
1.45039
1.51881
1.58243
1.64114
1.69483
1.74341
1.7864
1.82373
1.85491
1.87984
1.89731
1.90779
1.91143
1.9113
1.90986
1.9062
1.90096
1.89584
1.89169
1.88882
1.88621
1.88062
1.86929
1.84203
1.787
1.6536
1.4585
1.24658
1.10114
0.949342
0.845277
0.820056
0.831711
0.872743
0.929978
0.985464
1.02897
1.05994
1.0798
1.0928
1.10217
1.10759
1.10878
1.10847
1.11045
1.1153
1.12293
1.13151
1.14129
1.14997
1.15989
1.17033
1.18268
1.19452
1.20724
1.219
1.23157
1.24298
1.25524
1.2663
1.27838
1.28939
1.30159
1.31269
1.32497
1.33599
1.34816
1.35902
1.37113
1.38193
1.39411
1.40497
1.41715
1.42787
1.43986
1.45048
1.46226
1.47282
1.48441
1.49491
1.50634
1.5168
1.5281
1.53853
1.54974
1.56017
1.57129
1.58172
1.59277
1.60315
1.61413
1.62435
1.6351
1.64468
1.65396
1.65951
1.12974
1.20741
1.28396
1.35755
1.42729
1.49315
1.55482
1.61263
1.66609
1.71566
1.76062
1.80149
1.83735
1.86859
1.89441
1.91485
1.92858
1.93641
1.93892
1.9387
1.93742
1.93441
1.93016
1.92598
1.92195
1.91713
1.90922
1.89153
1.85716
1.7786
1.63177
1.377
1.12489
0.918748
0.814237
0.805627
0.827693
0.88206
0.947216
1.00498
1.05443
1.0952
1.12645
1.14908
1.16449
1.17723
1.18521
1.1883
1.1878
1.18833
1.19101
1.19569
1.20279
1.21014
1.21804
1.22573
1.23555
1.24545
1.25647
1.26647
1.27741
1.28744
1.29858
1.3088
1.32008
1.33024
1.34141
1.35141
1.36258
1.37261
1.38394
1.39408
1.40556
1.4158
1.42728
1.4374
1.44873
1.45878
1.47003
1.48012
1.49131
1.50148
1.5126
1.52284
1.53391
1.54415
1.55516
1.56535
1.57626
1.5864
1.59722
1.60731
1.61804
1.62805
1.63873
1.64857
1.65906
1.66833
1.67751
1.68287
1.13125
1.2013
1.27203
1.34107
1.40736
1.47038
1.52996
1.58615
1.63878
1.68808
1.73368
1.77591
1.81418
1.84881
1.87901
1.90506
1.92632
1.94323
1.95443
1.96075
1.96268
1.96237
1.96104
1.9579
1.95332
1.94729
1.94017
1.92647
1.90076
1.84257
1.72857
1.4996
1.16234
0.861542
0.752826
0.764508
0.812397
0.882675
0.955237
1.02179
1.08099
1.13054
1.17124
1.20222
1.2243
1.24025
1.25152
1.25851
1.2608
1.25926
1.25721
1.25585
1.25788
1.26175
1.26733
1.27264
1.27957
1.28715
1.29705
1.30609
1.31614
1.32506
1.33512
1.34409
1.35428
1.36344
1.37389
1.38335
1.39407
1.40376
1.41465
1.42447
1.4355
1.44528
1.45623
1.46596
1.47684
1.4866
1.49745
1.50728
1.51807
1.52793
1.53865
1.54855
1.55926
1.5692
1.5799
1.58984
1.6005
1.61036
1.62101
1.63076
1.6414
1.65106
1.66166
1.67119
1.68162
1.69063
1.69983
1.70505
1.13569
1.19802
1.26244
1.32676
1.38932
1.44974
1.50703
1.5618
1.61312
1.66192
1.70726
1.75005
1.78933
1.82595
1.85888
1.88884
1.91472
1.93709
1.95498
1.96909
1.97813
1.9829
1.98369
1.98302
1.98093
1.97648
1.96864
1.95564
1.93002
1.87832
1.77113
1.57015
1.21767
0.882655
0.76902
0.801897
0.854444
0.928192
1.00343
1.06885
1.12511
1.17352
1.21394
1.24652
1.27072
1.28826
1.3001
1.30854
1.31387
1.31605
1.31468
1.311
1.30921
1.3086
1.31101
1.3146
1.31929
1.3243
1.33165
1.33957
1.34907
1.35759
1.36731
1.37588
1.38572
1.39446
1.40449
1.4134
1.42359
1.43272
1.44316
1.45256
1.46304
1.47244
1.48285
1.49223
1.50262
1.51208
1.52251
1.5321
1.54252
1.5522
1.5626
1.57233
1.58274
1.59246
1.60288
1.61256
1.62298
1.63258
1.64302
1.65252
1.66299
1.67236
1.68283
1.69201
1.70232
1.71099
1.72012
1.72512
1.14472
1.19936
1.25702
1.31576
1.37387
1.43087
1.48583
1.53856
1.5889
1.63659
1.6819
1.72442
1.7646
1.80187
1.83674
1.86852
1.89766
1.92334
1.94601
1.96471
1.98005
1.99118
1.99811
1.99983
1.99883
1.99562
1.98855
1.97361
1.94385
1.88596
1.7678
1.57341
1.31108
1.03983
0.895453
0.893357
0.925272
0.972645
1.03377
1.09182
1.14369
1.19029
1.23077
1.26466
1.29249
1.31486
1.33135
1.34339
1.3524
1.35816
1.36119
1.36159
1.35924
1.35632
1.35483
1.35585
1.3589
1.36263
1.36744
1.37302
1.38099
1.38884
1.39812
1.40622
1.41552
1.42367
1.43313
1.44153
1.45128
1.46006
1.47008
1.47899
1.48901
1.498
1.50803
1.51714
1.52721
1.53646
1.54653
1.55586
1.56593
1.57531
1.58544
1.59486
1.60505
1.61451
1.62469
1.63416
1.64432
1.65375
1.66394
1.67326
1.68354
1.69272
1.70306
1.71209
1.72233
1.7309
1.74001
1.74498
1.15712
1.20558
1.25633
1.3094
1.3628
1.41557
1.4673
1.51751
1.56586
1.61238
1.65666
1.69901
1.73894
1.77694
1.81231
1.84574
1.87631
1.90474
1.93012
1.95286
1.97234
1.9883
2.00077
2.0068
2.00631
2.00329
1.99504
1.97517
1.93519
1.85224
1.70221
1.50108
1.34727
1.20611
1.05782
0.982336
0.977977
1.00242
1.03926
1.09018
1.14065
1.18941
1.23283
1.2705
1.30279
1.33002
1.35251
1.36973
1.38305
1.39271
1.39997
1.40395
1.40573
1.40496
1.40218
1.40068
1.39984
1.40168
1.40483
1.40823
1.41327
1.41947
1.42798
1.43569
1.44469
1.45254
1.46168
1.46972
1.47912
1.48745
1.49695
1.50543
1.51507
1.52373
1.53348
1.54229
1.55203
1.56095
1.57064
1.57968
1.58944
1.59858
1.60846
1.61757
1.62754
1.63658
1.6466
1.65564
1.6657
1.67478
1.68488
1.69399
1.70412
1.71316
1.72329
1.73215
1.74217
1.75051
1.7595
1.7643
1.16802
1.21212
1.25877
1.30681
1.35604
1.40527
1.45363
1.50114
1.54717
1.59179
1.63469
1.67597
1.71524
1.75298
1.78837
1.82234
1.85363
1.88352
1.91044
1.93572
1.95777
1.97725
1.99326
2.0022
2.0021
1.99797
1.9857
1.95722
1.89589
1.7736
1.59305
1.44847
1.37031
1.31708
1.2316
1.13513
1.07135
1.05878
1.07571
1.10178
1.13959
1.18417
1.22883
1.26968
1.30599
1.33799
1.36509
1.38814
1.40658
1.42078
1.43189
1.44045
1.44552
1.44844
1.44899
1.44738
1.44458
1.44321
1.44379
1.44579
1.44888
1.45256
1.45832
1.46494
1.4735
1.48126
1.49028
1.49811
1.50715
1.51506
1.52426
1.53244
1.54189
1.55031
1.55987
1.56836
1.57788
1.58642
1.59597
1.60462
1.6143
1.62307
1.63286
1.64167
1.65153
1.66035
1.67026
1.67908
1.68906
1.69781
1.70783
1.71645
1.72645
1.735
1.7449
1.75341
1.76312
1.77127
1.78002
1.78478
1.17972
1.21901
1.2618
1.30592
1.35139
1.3976
1.44341
1.48845
1.53253
1.57539
1.6167
1.65689
1.69508
1.73224
1.76716
1.80102
1.8326
1.86285
1.89092
1.91716
1.94119
1.96225
1.98038
1.98892
1.98692
1.98006
1.96096
1.91449
1.82047
1.65367
1.50265
1.4264
1.39655
1.37881
1.35054
1.29895
1.22955
1.16633
1.13882
1.14159
1.15885
1.18645
1.22446
1.26322
1.30271
1.33857
1.37054
1.39838
1.422
1.4416
1.45744
1.46933
1.47879
1.48565
1.48881
1.4903
1.49011
1.48782
1.48628
1.4849
1.48619
1.48846
1.49165
1.49577
1.50249
1.50958
1.51838
1.52596
1.53482
1.54239
1.55126
1.55899
1.56806
1.57603
1.58531
1.59351
1.60294
1.61128
1.62076
1.62914
1.63864
1.64702
1.6566
1.66503
1.67472
1.68319
1.69292
1.70138
1.71111
1.71956
1.7293
1.73774
1.74749
1.75593
1.7657
1.77411
1.78384
1.79196
1.80076
1.80566
1.19636
1.22955
1.26746
1.30839
1.34986
1.3925
1.43569
1.47849
1.52038
1.56184
1.60138
1.64063
1.67749
1.71404
1.74818
1.78167
1.81306
1.84333
1.87173
1.89846
1.92322
1.94499
1.96194
1.96711
1.9626
1.94891
1.91612
1.83582
1.69567
1.54052
1.45335
1.42487
1.4202
1.42225
1.41987
1.40563
1.37457
1.32417
1.26555
1.22044
1.20614
1.21708
1.23457
1.26157
1.2978
1.33313
1.36876
1.40071
1.42919
1.45381
1.47454
1.49154
1.50467
1.51536
1.52321
1.52824
1.53069
1.53141
1.53036
1.52773
1.5266
1.5263
1.52804
1.53044
1.53391
1.53862
1.54597
1.55329
1.56202
1.56944
1.57793
1.58523
1.59378
1.60133
1.61021
1.61813
1.62722
1.63533
1.64445
1.6526
1.66176
1.66992
1.67915
1.6873
1.69659
1.70472
1.71409
1.72224
1.73168
1.73994
1.74943
1.75787
1.76737
1.77592
1.78536
1.79387
1.80316
1.81125
1.81968
1.8245
1.21379
1.2463
1.27797
1.31405
1.35241
1.39134
1.43092
1.47141
1.51078
1.55055
1.5887
1.6264
1.6628
1.69786
1.7321
1.76438
1.79611
1.82556
1.85448
1.88092
1.90558
1.92708
1.93869
1.93773
1.92861
1.904
1.845
1.72247
1.56336
1.464
1.43271
1.43106
1.44066
1.45217
1.46289
1.46663
1.46264
1.44521
1.4107
1.36138
1.31039
1.2803
1.2737
1.28614
1.30445
1.33149
1.36387
1.39614
1.42853
1.45741
1.48319
1.5053
1.52381
1.53895
1.55031
1.55995
1.56668
1.56987
1.57152
1.5717
1.57009
1.56825
1.56656
1.56743
1.56947
1.57193
1.57589
1.58131
1.5891
1.59633
1.60464
1.61199
1.62022
1.62752
1.63577
1.64323
1.65165
1.65936
1.66795
1.67584
1.68459
1.69257
1.70142
1.70939
1.71834
1.7263
1.73535
1.74339
1.7525
1.76062
1.76973
1.77789
1.78696
1.79514
1.80421
1.81243
1.82149
1.82943
1.83778
1.8426
1.22933
1.26062
1.29246
1.32403
1.35774
1.39378
1.42976
1.46707
1.504
1.54097
1.57778
1.61341
1.64892
1.68281
1.71632
1.74817
1.77931
1.80887
1.83701
1.8637
1.88695
1.90486
1.90833
1.90159
1.88266
1.83759
1.73623
1.57743
1.4652
1.42756
1.42736
1.44002
1.45681
1.47522
1.49363
1.50582
1.51202
1.51251
1.50459
1.48365
1.44865
1.40473
1.36368
1.34282
1.34018
1.35232
1.37005
1.39575
1.4254
1.45489
1.48431
1.51114
1.53468
1.5551
1.5718
1.58516
1.59541
1.60354
1.60899
1.61121
1.61203
1.61163
1.60955
1.60829
1.60726
1.60846
1.61025
1.61288
1.61746
1.62342
1.63123
1.6386
1.64668
1.65391
1.66186
1.66911
1.67716
1.68455
1.69274
1.70028
1.7086
1.71626
1.72476
1.73254
1.74118
1.74898
1.75768
1.76546
1.7742
1.78201
1.79089
1.79874
1.80773
1.81559
1.82459
1.83239
1.84132
1.84882
1.85704
1.86158
1.24246
1.27406
1.30476
1.3355
1.36649
1.399
1.43255
1.46629
1.50123
1.53532
1.57008
1.6039
1.63741
1.67031
1.70212
1.7335
1.7634
1.79269
1.82007
1.84528
1.86662
1.87485
1.86988
1.85498
1.819
1.73578
1.58288
1.46062
1.41428
1.41277
1.42685
1.44636
1.46955
1.49407
1.51403
1.5301
1.54277
1.55227
1.55705
1.55701
1.54807
1.52793
1.49669
1.45874
1.42476
1.40796
1.40619
1.41713
1.43311
1.45646
1.48393
1.51079
1.53759
1.56285
1.5846
1.60334
1.61837
1.6299
1.63957
1.64612
1.64996
1.65129
1.65155
1.65041
1.64787
1.64649
1.64601
1.64749
1.64947
1.65258
1.65803
1.66454
1.67244
1.67967
1.6877
1.69483
1.70271
1.70977
1.71763
1.72472
1.73269
1.73985
1.74801
1.7553
1.76367
1.77112
1.77964
1.78717
1.79578
1.80332
1.81201
1.81956
1.82836
1.83597
1.84486
1.85248
1.86135
1.8687
1.87682
1.88129
1.26175
1.2876
1.31599
1.34496
1.37409
1.40437
1.43564
1.46771
1.49983
1.53256
1.56477
1.59728
1.62899
1.66036
1.69115
1.72091
1.75013
1.77783
1.80389
1.82658
1.83906
1.83714
1.82481
1.79325
1.72473
1.58327
1.4522
1.3954
1.39156
1.40659
1.42767
1.45371
1.48233
1.5077
1.52961
1.54843
1.56472
1.57917
1.59149
1.60071
1.60499
1.60484
1.59645
1.57742
1.54906
1.51582
1.48608
1.47069
1.46835
1.4783
1.49242
1.51345
1.53946
1.56441
1.58902
1.61272
1.63286
1.64936
1.66285
1.67302
1.6813
1.68681
1.68881
1.68936
1.6891
1.68739
1.68559
1.68386
1.68454
1.68601
1.68853
1.69233
1.69855
1.70501
1.71276
1.71958
1.72722
1.7339
1.74141
1.74803
1.75566
1.76234
1.77013
1.77689
1.78485
1.7918
1.80001
1.80725
1.81568
1.8232
1.83179
1.83947
1.84814
1.85586
1.86459
1.87225
1.88093
1.88824
1.89622
1.90062
1.28052
1.3012
1.32945
1.35683
1.38385
1.41166
1.44029
1.4701
1.50057
1.53092
1.56187
1.59219
1.62295
1.65274
1.6824
1.71122
1.739
1.7654
1.7886
1.80433
1.80513
1.79435
1.76713
1.70736
1.57771
1.43843
1.37154
1.36518
1.38106
1.40314
1.4314
1.46296
1.4911
1.51663
1.53967
1.56157
1.58102
1.59868
1.61394
1.6286
1.64078
1.65012
1.6542
1.65431
1.64716
1.63027
1.60528
1.57658
1.55011
1.53503
1.53075
1.53958
1.55097
1.56864
1.59201
1.61531
1.63818
1.65989
1.67841
1.69337
1.70563
1.71524
1.72216
1.72637
1.7274
1.72771
1.72698
1.7246
1.72328
1.72245
1.72358
1.72504
1.72771
1.73193
1.73839
1.74456
1.75184
1.75829
1.76548
1.77169
1.77882
1.78509
1.79259
1.79915
1.80703
1.81383
1.82191
1.82896
1.83711
1.8444
1.85259
1.86004
1.86828
1.8758
1.88408
1.89154
1.89983
1.90696
1.91468
1.91903
1.30195
1.31659
1.33958
1.36745
1.39411
1.42043
1.44732
1.47439
1.50264
1.53151
1.56009
1.58937
1.61782
1.64694
1.67477
1.7026
1.72876
1.75279
1.77025
1.77377
1.76414
1.74029
1.68624
1.57303
1.42676
1.34844
1.338
1.35346
1.37547
1.40544
1.439
1.46957
1.49716
1.5229
1.54731
1.57051
1.59258
1.61314
1.63199
1.64882
1.66475
1.67952
1.69189
1.7014
1.70631
1.70689
1.7014
1.68697
1.66448
1.63931
1.6145
1.59813
1.59111
1.59808
1.60678
1.62085
1.64161
1.66449
1.68618
1.70592
1.72319
1.73754
1.74849
1.7569
1.76208
1.7643
1.76483
1.76471
1.76336
1.76128
1.76006
1.76024
1.76113
1.7628
1.76609
1.77063
1.77719
1.78333
1.79052
1.79671
1.80379
1.80977
1.81681
1.82283
1.8301
1.83642
1.84393
1.85062
1.85831
1.86529
1.8731
1.88024
1.88814
1.89538
1.90337
1.9106
1.91865
1.92557
1.9331
1.93741
1.32778
1.33471
1.35229
1.37761
1.40326
1.42866
1.45435
1.48063
1.50671
1.53363
1.56079
1.58791
1.61554
1.64215
1.66941
1.69455
1.71856
1.7373
1.74256
1.73375
1.7125
1.66369
1.5647
1.41083
1.32109
1.30756
1.32249
1.34558
1.3771
1.41253
1.44492
1.47417
1.50158
1.5276
1.55288
1.57711
1.60072
1.62301
1.64458
1.66449
1.68318
1.70025
1.71687
1.73194
1.74453
1.75393
1.75932
1.76038
1.75682
1.74529
1.72553
1.70273
1.67891
1.66078
1.65169
1.65445
1.66173
1.67292
1.69063
1.71263
1.73296
1.75159
1.7676
1.78084
1.79049
1.79738
1.80163
1.80279
1.80295
1.80214
1.80029
1.79881
1.79746
1.79804
1.79901
1.8009
1.80468
1.80943
1.81571
1.82146
1.82829
1.83407
1.8409
1.84661
1.8535
1.85943
1.86653
1.87282
1.88011
1.88671
1.89409
1.90091
1.90832
1.91526
1.92278
1.92972
1.93734
1.94402
1.95119
1.95534
1.36332
1.36014
1.3705
1.38897
1.41384
1.43778
1.4617
1.48629
1.51131
1.53669
1.56257
1.58844
1.61412
1.63993
1.66449
1.68804
1.70677
1.71336
1.70508
1.6857
1.64113
1.54895
1.39516
1.29598
1.27921
1.29358
1.31664
1.34872
1.38562
1.41926
1.44968
1.47799
1.50523
1.53174
1.5577
1.58292
1.60737
1.63107
1.65415
1.67646
1.69781
1.71767
1.73596
1.75323
1.76954
1.78442
1.79735
1.80745
1.81397
1.81562
1.81388
1.80494
1.78765
1.76622
1.74315
1.72361
1.71248
1.70935
1.71605
1.72455
1.73869
1.75724
1.77675
1.79561
1.81164
1.82406
1.83346
1.83934
1.84206
1.8422
1.84169
1.83976
1.83705
1.8357
1.83445
1.83499
1.83609
1.83831
1.84257
1.84733
1.85359
1.85905
1.86557
1.87111
1.8776
1.88325
1.88986
1.8958
1.90258
1.90881
1.91573
1.92217
1.92924
1.93574
1.94298
1.94945
1.95681
1.96302
1.96999
1.97375
1.39887
1.38437
1.3879
1.40368
1.42565
1.44998
1.47216
1.49397
1.51698
1.54063
1.56478
1.58947
1.61378
1.63748
1.66013
1.67879
1.68623
1.67839
1.65964
1.61744
1.52898
1.38066
1.27289
1.25251
1.26546
1.28786
1.32037
1.35823
1.39287
1.42407
1.45322
1.48129
1.5089
1.53599
1.56251
1.58833
1.61361
1.6384
1.66261
1.68631
1.70902
1.73097
1.75145
1.7708
1.7888
1.80664
1.82339
1.83878
1.85198
1.86236
1.86947
1.87155
1.87099
1.86441
1.84987
1.82953
1.80698
1.78621
1.77165
1.76392
1.76813
1.77476
1.78541
1.80196
1.8206
1.83753
1.85208
1.86332
1.87172
1.87636
1.87786
1.87768
1.87651
1.87443
1.87159
1.87041
1.86941
1.86996
1.87129
1.87394
1.87857
1.88333
1.8895
1.89485
1.90116
1.9066
1.91296
1.91861
1.92509
1.93096
1.93758
1.94357
1.95036
1.95637
1.9633
1.96927
1.9763
1.98203
1.98874
1.99213
1.48547
1.41939
1.41142
1.41762
1.4352
1.45886
1.48256
1.50411
1.52531
1.54692
1.56874
1.59137
1.61427
1.63519
1.6535
1.66103
1.65374
1.63506
1.59374
1.50626
1.36311
1.24804
1.22506
1.23699
1.25932
1.29255
1.33121
1.36662
1.39858
1.42835
1.45713
1.48544
1.51336
1.54081
1.5677
1.59416
1.6201
1.64566
1.67067
1.69518
1.71892
1.742
1.76415
1.78557
1.80586
1.82511
1.8435
1.86125
1.87798
1.8931
1.90624
1.91647
1.92399
1.92626
1.92616
1.92165
1.90966
1.89025
1.868
1.84625
1.8281
1.81717
1.8151
1.8214
1.83059
1.84503
1.86109
1.8757
1.88881
1.89877
1.90582
1.90958
1.91043
1.90993
1.90851
1.90633
1.90392
1.90272
1.9025
1.90306
1.90466
1.90775
1.91283
1.9177
1.9238
1.92911
1.93534
1.94085
1.94718
1.9528
1.95926
1.96488
1.97149
1.97709
1.98382
1.9893
1.99613
2.00129
2.00779
2.01074
1.65254
1.47158
1.44091
1.43865
1.44771
1.46571
1.48924
1.51235
1.53327
1.55434
1.57505
1.5951
1.61473
1.6318
1.63808
1.63068
1.61154
1.57022
1.48344
1.3411
1.22058
1.19598
1.20847
1.23157
1.26596
1.30558
1.34166
1.3741
1.40422
1.43334
1.46208
1.49058
1.51877
1.54655
1.5739
1.60085
1.62744
1.65364
1.67935
1.70444
1.72887
1.75258
1.77567
1.79803
1.81972
1.84042
1.86014
1.87871
1.89679
1.91404
1.93028
1.94495
1.95786
1.96814
1.97587
1.97827
1.97836
1.97517
1.96491
1.94688
1.92501
1.90233
1.88063
1.86518
1.85901
1.86409
1.87182
1.88403
1.89781
1.91098
1.92228
1.93087
1.93678
1.93977
1.94028
1.9395
1.93801
1.93598
1.93432
1.9334
1.93341
1.93436
1.93667
1.94015
1.94545
1.95036
1.95646
1.96174
1.96807
1.97345
1.97988
1.98522
1.99167
1.99694
2.00352
2.0087
2.01537
2.02028
2.02656
2.02929
1.9284
1.57962
1.47744
1.46241
1.46368
1.4764
1.49577
1.51937
1.54163
1.56173
1.58178
1.59958
1.61488
1.61966
1.61139
1.59097
1.5485
1.46022
1.31618
1.19586
1.17115
1.18409
1.20748
1.24237
1.28206
1.31818
1.35062
1.38086
1.41019
1.4393
1.46833
1.49717
1.52566
1.55376
1.5815
1.60885
1.63581
1.66223
1.68807
1.71323
1.73782
1.76177
1.78523
1.80803
1.83031
1.85182
1.87269
1.89252
1.91147
1.92944
1.94703
1.96373
1.97944
1.99358
2.00593
2.01614
2.02359
2.0264
2.02688
2.02475
2.0164
1.99996
1.97912
1.95511
1.92999
1.91073
1.90108
1.90497
1.9113
1.92058
1.9333
1.94479
1.95414
1.96117
1.96586
1.96818
1.96828
1.96731
1.96585
1.96402
1.96297
1.96234
1.96271
1.96397
1.96702
1.97085
1.97644
1.98136
1.98763
1.9928
1.99917
2.00433
2.01075
2.0158
2.0223
2.02728
2.03381
2.03858
2.04464
2.04737
2.27296
1.80117
1.55761
1.49823
1.48765
1.49112
1.50513
1.52559
1.54785
1.568
1.58594
1.601
1.60465
1.59514
1.57333
1.52873
1.43771
1.29039
1.17194
1.14719
1.16097
1.18521
1.22117
1.26051
1.29642
1.32869
1.35891
1.38832
1.41766
1.44699
1.47628
1.50527
1.53396
1.56218
1.59003
1.61734
1.6442
1.67048
1.69624
1.72143
1.74611
1.77023
1.79383
1.81688
1.83939
1.86131
1.88259
1.90321
1.92301
1.94199
1.96003
1.97757
1.99455
2.01074
2.02594
2.03985
2.05213
2.06254
2.06993
2.0738
2.07461
2.07314
2.0664
2.05155
2.03149
2.00585
1.97773
1.95508
1.94268
1.9439
1.94887
1.95674
1.9679
1.97684
1.98426
1.99012
1.99385
1.99534
1.99515
1.99391
1.99273
1.99134
1.99054
1.99014
1.99087
1.99276
1.99667
2.00074
2.00656
2.0114
2.0176
2.02257
2.02892
2.03386
2.04021
2.04507
2.05136
2.05603
2.06179
2.06456
2.60308
2.13945
1.71448
1.54738
1.51721
1.51268
1.51879
1.53285
1.55268
1.57127
1.58639
1.59049
1.57956
1.55651
1.50869
1.41321
1.2625
1.14746
1.12468
1.13902
1.16509
1.20195
1.24082
1.27604
1.30806
1.33816
1.36764
1.39706
1.4265
1.45592
1.48512
1.51401
1.54249
1.57052
1.59816
1.62534
1.65208
1.67829
1.704
1.72915
1.75376
1.77788
1.80149
1.82462
1.84724
1.86938
1.89096
1.91205
1.93251
1.95242
1.97156
1.98996
2.00763
2.02493
2.04156
2.05748
2.07233
2.08601
2.09815
2.1086
2.11603
2.12075
2.12163
2.12037
2.11487
2.10146
2.0815
2.05411
2.02374
1.99713
1.98304
1.98085
1.98519
1.99122
1.99999
2.00692
2.01317
2.01786
2.02054
2.02137
2.02106
2.01992
2.01881
2.01769
2.01721
2.01734
2.01874
2.02135
2.02592
2.03004
2.03565
2.04028
2.04624
2.05103
2.05698
2.0617
2.06743
2.07184
2.07689
2.07946
2.78268
2.4792
1.99105
1.65683
1.55374
1.53582
1.53522
1.54349
1.55727
1.57308
1.57714
1.56452
1.53853
1.48595
1.38367
1.23285
1.12478
1.10355
1.11767
1.14562
1.18417
1.22236
1.25684
1.28806
1.31775
1.34684
1.37604
1.40537
1.43481
1.46418
1.49329
1.5221
1.5505
1.57853
1.60613
1.63326
1.65991
1.68605
1.71166
1.73677
1.76137
1.78549
1.80913
1.83233
1.85511
1.87745
1.89936
1.92084
1.94181
1.96229
1.98215
2.00136
2.01985
2.03756
2.05479
2.07156
2.08768
2.10306
2.11749
2.13083
2.14281
2.15308
2.16057
2.16577
2.16653
2.16537
2.16064
2.14868
2.12838
2.09917
2.06753
2.03715
2.02091
2.01659
2.01974
2.02377
2.02924
2.03539
2.04063
2.04389
2.04582
2.04642
2.04599
2.04496
2.04395
2.04329
2.04299
2.04377
2.04615
2.0491
2.05352
2.05758
2.06275
2.06715
2.07255
2.07674
2.08195
2.08543
2.08909
2.09071
2.87446
2.72776
2.33376
1.88459
1.63921
1.57128
1.55638
1.55532
1.56094
1.56457
1.55267
1.5228
1.46221
1.34814
1.19932
1.10105
1.08431
1.09854
1.12879
1.16883
1.20615
1.23891
1.26909
1.29796
1.3268
1.35572
1.38504
1.41448
1.44399
1.47334
1.50241
1.53116
1.55948
1.58742
1.6149
1.64194
1.66852
1.69458
1.72016
1.74517
1.76973
1.79374
1.81736
1.84051
1.86332
1.88572
1.90778
1.92943
1.95064
1.97139
1.99157
2.01117
2.03016
2.04846
2.06611
2.08322
2.09997
2.11617
2.13176
2.14653
2.16051
2.1734
2.1851
2.19511
2.20263
2.20821
2.20882
2.20774
2.20344
2.19192
2.17125
2.14039
2.10674
2.07465
2.05564
2.0491
2.05021
2.05279
2.05654
2.06144
2.0651
2.06755
2.06911
2.06951
2.06903
2.06816
2.0675
2.06697
2.06757
2.06905
2.0718
2.07474
2.07885
2.08227
2.08691
2.09021
2.09387
2.09588
2.09743
2.09838
2.93749
2.85148
2.65863
2.23959
1.81854
1.62809
1.58603
1.57186
1.56346
1.54696
1.51008
1.4354
1.30622
1.1615
1.07772
1.06708
1.08101
1.11289
1.15505
1.19187
1.2234
1.25183
1.27972
1.30775
1.33659
1.36579
1.39552
1.42521
1.4549
1.4842
1.51318
1.54166
1.56978
1.59745
1.62477
1.65164
1.67808
1.70398
1.7294
1.75423
1.7786
1.80245
1.82588
1.84893
1.87158
1.89392
1.91583
1.9374
1.9585
1.97915
1.99934
2.019
2.03821
2.05686
2.07499
2.09251
2.10951
2.12611
2.14222
2.15767
2.17255
2.18672
2.20015
2.2126
2.22408
2.23385
2.24148
2.24708
2.24755
2.24658
2.24214
2.23049
2.20926
2.17738
2.1413
2.10803
2.08657
2.07889
2.0768
2.07879
2.08098
2.08357
2.08647
2.08874
2.0898
2.09005
2.08971
2.08918
2.08861
2.08886
2.08985
2.09133
2.09369
2.09603
2.09839
2.10017
2.10104
2.10141
2.10056
2.10062
2.96373
2.91892
2.81341
2.55363
2.09408
1.74198
1.61646
1.58232
1.55496
1.50433
1.4103
1.25883
1.11885
1.05564
1.05435
1.06983
1.10276
1.14444
1.18037
1.21051
1.23784
1.26437
1.29169
1.31982
1.34889
1.37826
1.40783
1.43713
1.46627
1.49503
1.52358
1.55186
1.57987
1.60757
1.63485
1.66166
1.68792
1.71356
1.73859
1.76304
1.78696
1.81043
1.83349
1.8562
1.87858
1.90063
1.9223
1.94363
1.96456
1.98509
2.00522
2.02487
2.0441
2.06279
2.08099
2.09862
2.11571
2.13225
2.14844
2.16411
2.17935
2.19411
2.20831
2.22199
2.23497
2.24701
2.25813
2.26776
2.27498
2.28032
2.28068
2.27941
2.27477
2.2629
2.24002
2.20693
2.17116
2.13599
2.11199
2.10354
2.0999
2.09997
2.10104
2.10261
2.10516
2.10697
2.1079
2.10829
2.10811
2.10775
2.10735
2.1073
2.1074
2.10717
2.10648
2.10515
2.10368
2.10059
2.09573
2.09298
2.97942
2.9579
2.89195
2.77045
2.43443
1.99765
1.70312
1.59446
1.523
1.39324
1.20671
1.06141
1.01713
1.02722
1.05189
1.09156
1.13358
1.16824
1.19757
1.22399
1.25008
1.27669
1.30445
1.33285
1.36192
1.39103
1.42032
1.44931
1.4782
1.50668
1.53492
1.56271
1.59012
1.61707
1.64356
1.66952
1.69496
1.71987
1.74426
1.76814
1.79159
1.81461
1.83729
1.85962
1.88162
1.90329
1.92461
1.9456
1.9662
1.98643
2.00627
2.02566
2.04465
2.06315
2.08118
2.09874
2.1158
2.13236
2.14853
2.16431
2.17972
2.19477
2.20936
2.22363
2.23736
2.25054
2.26317
2.27481
2.28556
2.29517
2.302
2.30709
2.30732
2.30595
2.30089
2.28819
2.26401
2.22913
2.1926
2.15693
2.1327
2.12192
2.11748
2.11605
2.1174
2.11855
2.11984
2.12152
2.12253
2.12226
2.1213
2.11986
2.11717
2.11331
2.10916
2.10394
2.09747
2.08704
2.07236
2.06332
2.99041
2.97504
2.9469
2.87001
2.71255
2.32945
1.88305
1.62014
1.43417
1.16342
0.996646
0.963861
0.984786
1.02222
1.0703
1.1097
1.14282
1.17141
1.19797
1.22439
1.25165
1.27949
1.30811
1.33693
1.36612
1.39515
1.42431
1.45317
1.48191
1.51011
1.53795
1.56518
1.59199
1.61828
1.6441
1.6694
1.69417
1.71839
1.74209
1.76531
1.78816
1.81065
1.83288
1.85483
1.87656
1.89799
1.91916
1.93998
1.96047
1.98054
2.00022
2.01944
2.03821
2.05651
2.07432
2.09174
2.10867
2.12529
2.14147
2.15744
2.17304
2.18845
2.20345
2.21825
2.23258
2.24653
2.26004
2.27283
2.28513
2.29641
2.30658
2.31576
2.32203
2.32599
2.32629
2.32454
2.31879
2.3041
2.27873
2.24372
2.20575
2.17002
2.14607
2.1335
2.12869
2.12651
2.12688
2.12764
2.12818
2.1275
2.12564
2.12214
2.11683
2.10976
2.10047
2.0869
2.07069
2.04747
2.0165
1.99964
2.99444
2.98484
2.96955
2.92021
2.83352
2.58544
2.18951
1.64886
1.17843
0.876902
0.849224
0.892485
0.952527
1.01338
1.05964
1.09545
1.12647
1.15555
1.18489
1.21443
1.24426
1.27352
1.30239
1.33088
1.35969
1.38848
1.41755
1.44615
1.4745
1.50206
1.52919
1.5556
1.58158
1.6069
1.63171
1.65587
1.67949
1.7026
1.72536
1.74786
1.77022
1.79247
1.81463
1.83666
1.85852
1.88011
1.90142
1.92236
1.94288
1.96296
1.98255
2.00167
2.02026
2.03845
2.05614
2.07352
2.09054
2.10731
2.12383
2.14012
2.1562
2.17205
2.18759
2.20287
2.21775
2.23225
2.24631
2.25984
2.27288
2.28525
2.29692
2.30784
2.31734
2.32607
2.33204
2.33466
2.33492
2.33308
2.32674
2.30961
2.28327
2.24864
2.21003
2.17418
2.14972
2.13669
2.13025
2.12718
2.12532
2.12196
2.11775
2.11035
2.1001
2.08398
2.066
2.03742
2.00823
1.96779
1.92371
1.90225
2.99603
2.98882
2.97742
2.93934
2.86615
2.6732
2.25351
1.54335
0.810108
0.525133
0.609601
0.707965
0.798073
0.864568
0.915844
0.959589
1.00063
1.04043
1.07944
1.11724
1.15401
1.1898
1.22533
1.25988
1.29383
1.32683
1.35916
1.39028
1.42063
1.44978
1.47825
1.50569
1.53256
1.55856
1.58407
1.60891
1.63339
1.65744
1.68124
1.70479
1.72814
1.7513
1.77422
1.79693
1.81933
1.84143
1.86314
1.88445
1.90531
1.92567
1.94555
1.96492
1.98384
2.00233
2.02049
2.03832
2.05595
2.07335
2.09056
2.1076
2.12433
2.14093
2.15708
2.173
2.18846
2.20351
2.21815
2.23226
2.24591
2.25907
2.27162
2.28368
2.29494
2.30564
2.31485
2.32323
2.32939
2.33144
2.33193
2.33045
2.32336
2.30622
2.27624
2.24102
2.20213
2.1654
2.13838
2.12132
2.10936
2.09673
2.08553
2.06743
2.04805
2.01763
1.98527
1.94492
1.90198
1.86572
1.8334
1.82273
2.99639
2.99199
2.97948
2.94879
2.87734
2.66828
2.27356
1.40842
0.60546
0.273169
0.400724
0.519901
0.598281
0.658734
0.713557
0.765849
0.816367
0.864958
0.911984
0.957121
1.00058
1.04216
1.08225
1.1212
1.1594
1.19633
1.23224
1.26673
1.30029
1.33248
1.36389
1.39408
1.42368
1.45228
1.48047
1.5079
1.53503
1.56161
1.5879
1.61375
1.63929
1.66449
1.68937
1.71397
1.73823
1.76224
1.78591
1.80925
1.83223
1.85477
1.87691
1.89853
1.91972
1.94036
1.96054
1.98019
1.99935
2.01802
2.03621
2.05398
2.07128
2.08825
2.10478
2.12106
2.13695
2.15258
2.16789
2.18287
2.19757
2.21186
2.22588
2.23938
2.25255
2.26529
2.2771
2.28874
2.29885
2.30737
2.31372
2.31654
2.31704
2.31488
2.30572
2.28382
2.25516
2.21175
2.16908
2.12171
2.08473
2.04807
2.01642
1.9812
1.94411
1.90589
1.86764
1.83811
1.81537
1.80294
1.79715
1.79682
2.99672
2.99058
2.9803
2.94696
2.87112
2.69069
2.21349
1.38979
0.508792
0.149409
0.304132
0.392886
0.448286
0.499363
0.552493
0.605935
0.658647
0.710061
0.760295
0.808901
0.856039
0.901353
0.945137
0.987144
1.02764
1.06657
1.10436
1.14074
1.17614
1.21021
1.24347
1.27555
1.30704
1.33759
1.36777
1.39724
1.42649
1.45521
1.48371
1.51177
1.53952
1.56681
1.59368
1.62005
1.64591
1.67123
1.69601
1.72025
1.74399
1.76722
1.78999
1.81231
1.8342
1.85571
1.87677
1.8975
1.91777
1.9377
1.95718
1.9763
1.99497
2.01327
2.03115
2.04864
2.06575
2.08243
2.09882
2.11472
2.13035
2.14548
2.16026
2.17455
2.18835
2.20166
2.21427
2.22626
2.23728
2.24755
2.25551
2.26175
2.26393
2.26449
2.26297
2.25486
2.2357
2.20383
2.15555
2.09389
2.02864
1.95696
1.89129
1.83736
1.79493
1.76522
1.74981
1.7467
1.74841
1.75149
1.75639
1.75895
)
;

boundaryField
{
    inlet
    {
        type            calculated;
        value           uniform 3.00001;
    }
    outlet
    {
        type            calculated;
        value           nonuniform List<scalar> 
40
(
1.15602
1.30757
1.41356
1.49294
1.55359
1.59822
1.63219
1.65951
1.68287
1.70505
1.72512
1.74498
1.7643
1.78478
1.80566
1.8245
1.8426
1.86158
1.88129
1.90062
1.91903
1.93741
1.95534
1.97375
1.99213
2.01074
2.02929
2.04737
2.06456
2.07946
2.09071
2.09838
2.10062
2.09298
2.06332
1.99964
1.90225
1.82273
1.79682
1.75895
)
;
    }
    bottom
    {
        type            symmetryPlane;
    }
    top
    {
        type            symmetryPlane;
    }
    obstacle
    {
        type            calculated;
        value           uniform 0;
    }
    defaultFaces
    {
        type            empty;
    }
}


// ************************************************************************* //
