/*--------------------------------*- C++ -*----------------------------------*\
| =========                 |                                                 |
| \\      /  F ield         | OpenFOAM: The Open Source CFD Toolbox           |
|  \\    /   O peration     | Version:  2412                                  |
|   \\  /    A nd           | Website:  www.openfoam.com                      |
|    \\/     M anipulation  |                                                 |
\*---------------------------------------------------------------------------*/
FoamFile
{
    version     2.0;
    format      ascii;
    arch        "LSB;label=32;scalar=64";
    class       volScalarField;
    location    "3";
    object      p;
}
// * * * * * * * * * * * * * * * * * * * * * * * * * * * * * * * * * * * * * //

dimensions      [1 -1 -2 0 0 0 0];

internalField   nonuniform List<scalar> 
5250
(
1.00001
1.00003
1.00008
1.00025
1.00051
1.00146
1.00286
1.00892
1.01564
1.05815
1.09476
1.37829
1.78327
3.60691
8.07135
11.7101
11.2738
11.049
11.1439
11.3823
11.5888
11.7102
11.8048
11.8765
11.9291
1.00001
1.00003
1.00008
1.00024
1.0005
1.00144
1.00282
1.00876
1.01542
1.05703
1.09307
1.37083
1.76697
3.55236
7.93735
11.7321
11.279
11.0415
11.1361
11.3744
11.5818
11.7049
11.8017
11.8758
11.9312
1
1.00003
1.00008
1.00023
1.00048
1.00139
1.00274
1.00843
1.01503
1.05462
1.08978
1.35498
1.73221
3.43437
7.63381
11.777
11.2862
11.0153
11.1061
11.3404
11.549
11.6734
11.7721
11.8483
11.9065
1
1.00003
1.00008
1.00022
1.00046
1.00132
1.00263
1.00795
1.01445
1.05106
1.08497
1.33153
1.68064
3.25876
7.16402
11.8422
11.3003
10.9707
11.0536
11.2789
11.4899
11.6153
11.7145
11.7931
11.8569
1
1.00003
1.00007
1.00021
1.00044
1.00124
1.00248
1.00736
1.0137
1.04667
1.07895
1.30245
1.61666
3.04072
6.55971
11.9074
11.3235
10.9158
10.9855
11.1932
11.4065
11.5315
11.6296
11.7093
11.7795
1
1.00003
1.00007
1.0002
1.0004
1.00115
1.00232
1.00671
1.01294
1.04173
1.07248
1.2702
1.54366
2.79567
5.83723
11.8814
11.3224
10.8497
10.9011
11.079
11.29
11.4111
11.5037
11.5812
11.6588
1
1.00003
1.00006
1.00018
1.00037
1.00106
1.00214
1.00615
1.01201
1.03772
1.06682
1.24255
1.48099
2.60654
5.3075
11.6393
11.2302
10.7639
10.7932
10.9292
11.1302
11.2429
11.3226
11.3879
11.4662
1
1.00002
1.00006
1.00017
1.00035
1.00098
1.00198
1.00566
1.01118
1.03421
1.06227
1.21974
1.4264
2.48798
4.81771
11.0802
10.9887
10.6989
10.6691
10.7489
10.9185
11.0142
11.0668
11.101
11.1593
1
1.00002
1.00005
1.00015
1.00031
1.00088
1.0018
1.00513
1.01021
1.03079
1.0571
1.19753
1.3777
2.3521
4.35989
10.3271
10.7906
10.6178
10.5096
10.5531
10.6627
10.7214
10.7195
10.6819
10.6438
1
1.00002
1.00004
1.00013
1.00027
1.00077
1.00157
1.0045
1.00885
1.02743
1.04925
1.17887
1.32519
2.22068
3.9493
9.43864
10.6537
10.5128
10.3219
10.3301
10.3681
10.3588
10.2816
10.0759
9.72893
1
1.00001
1.00004
1.00009
1.00026
1.0005
1.00155
1.0027
1.00978
1.01576
1.06158
1.10079
1.40398
1.83694
3.782
8.36035
10.5318
10.3991
10.1283
10.0746
10.0491
9.9596
9.70963
9.11106
7.57004
1
1.00001
1.00003
1.0001
1.00021
1.00059
1.00118
1.00343
1.00663
1.02109
1.03682
1.13605
1.23817
1.91701
3.11835
7.23527
10.441
10.283
9.94322
9.81617
9.73142
9.54364
9.13677
8.31086
6.696
1
1.00001
1.00003
1.00009
1.00018
1.00052
1.00105
1.00299
1.00602
1.01752
1.03422
1.10893
1.2065
1.72175
2.69027
5.97979
10.3077
10.1516
9.7831
9.56834
9.421
9.15232
8.64401
7.78566
6.46897
1
1.00001
1.00003
1.00007
1.00015
1.00043
1.00089
1.0025
1.00505
1.0145
1.02872
1.08748
1.17269
1.56327
2.31489
4.83574
9.93604
9.915
9.65646
9.34331
9.1246
8.80721
8.282
7.48638
6.42064
1
1.00001
1.00002
1.00006
1.00013
1.00035
1.00072
1.00201
1.00406
1.01173
1.02258
1.07259
1.13098
1.46556
2.04121
4.16953
9.02243
9.61751
9.46219
9.13672
8.86054
8.51752
8.01784
7.30642
6.41063
1
1.00001
1.00002
1.00005
1.0001
1.00028
1.00056
1.00159
1.00313
1.00944
1.01691
1.05995
1.09905
1.38398
1.7845
3.56687
7.56931
9.33668
9.2463
8.98604
8.64568
8.28162
7.80928
7.17551
6.40549
1
1.00001
1.00001
1.00004
1.00008
1.00022
1.00045
1.00127
1.00257
1.00742
1.01414
1.04613
1.07936
1.29603
1.59623
2.94567
6.0263
9.1523
9.10765
8.88388
8.48057
8.0963
7.64508
7.07193
6.39534
1
1
1.00001
1.00003
1.00006
1.00017
1.00035
1.00099
1.002
1.00565
1.01116
1.03386
1.06151
1.21295
1.41702
2.35651
4.35844
8.77564
8.98156
8.79543
8.38277
7.95245
7.50927
6.98839
6.38492
1
1
1.00001
1.00002
1.00005
1.00013
1.00027
1.00074
1.00151
1.00427
1.00839
1.02558
1.04606
1.16356
1.2943
2.0768
3.49194
7.72792
8.73483
8.61457
8.29326
7.83381
7.39363
6.91335
6.37275
1
1
1.00001
1.00001
1.00004
1.00008
1.00023
1.00046
1.00129
1.0025
1.00776
1.01347
1.04897
1.08024
1.30786
1.61884
2.98748
6.03192
8.46634
8.4255
8.20742
7.75472
7.30154
6.84726
6.35811
1
1
1
1.00001
1.00003
1.00006
1.00017
1.00035
1.00098
1.00198
1.0056
1.01098
1.03363
1.06011
1.21087
1.40683
2.31639
4.20473
8.00748
8.2921
8.12918
7.73476
7.24635
6.80249
6.34748
1
1
1
1.00001
1.00002
1.00005
1.00011
1.0003
1.00061
1.00171
1.00345
1.0099
1.0195
1.05959
1.11322
1.37089
1.83389
3.38414
6.87565
8.04114
7.96031
7.69219
7.21939
6.77355
6.34638
1
1
1
1.00001
1.00002
1.00003
1.00009
1.00019
1.00052
1.00105
1.00295
1.00587
1.01734
1.03226
1.10779
1.19633
1.68371
2.54717
5.26249
7.71027
7.73701
7.59454
7.23196
6.77491
6.3491
1
1
1
1
1.00001
1.00003
1.00005
1.00015
1.0003
1.00084
1.00169
1.00478
1.00934
1.02853
1.05106
1.17744
1.33164
2.09412
3.51868
7.04051
7.61638
7.51441
7.23448
6.792
6.36115
1
1
1
1
1.00001
1.00002
1.00004
1.00009
1.00024
1.00049
1.00138
1.00273
1.00801
1.0147
1.0493
1.08341
1.30547
1.60117
2.88974
5.52996
7.36478
7.35719
7.21266
6.85502
6.39316
1
1
1
1
1.00001
1.00001
1.00003
1.00006
1.00017
1.00034
1.00095
1.00192
1.00535
1.0106
1.03133
1.05734
1.19116
1.37094
2.15473
3.70834
6.84114
7.25965
7.1645
6.90521
6.45817
1
1
1
1
1
1.00001
1.00002
1.00005
1.0001
1.00027
1.00054
1.00151
1.00305
1.00859
1.01699
1.0506
1.09713
1.30629
1.68023
2.89292
5.60384
7.03591
7.03036
6.89323
6.56594
1
1
1
1
1
1
1.00001
1.00003
1.00008
1.00015
1.00042
1.00086
1.00237
1.00477
1.01353
1.02665
1.07972
1.15643
1.48498
2.0907
3.8535
6.53238
6.91412
6.83552
6.60642
1
1
1
1
1
1
1.00001
1.00002
1.00004
1.00012
1.00023
1.00064
1.0013
1.0036
1.00707
1.0211
1.038
1.1289
1.23091
1.78956
2.74206
5.40814
6.68197
6.68812
6.58321
1
1
1
1
1
1
1
1.00001
1.00003
1.00008
1.00015
1.00042
1.00086
1.00236
1.00477
1.01336
1.02645
1.07775
1.15437
1.46806
2.04364
3.68332
6.1589
6.5754
6.52032
1
1
1
1
1
1
1
1.00001
1.00002
1.00004
1.00011
1.00022
1.00061
1.00124
1.00343
1.00673
1.02
1.03598
1.12149
1.21617
1.73711
2.59855
5.02416
6.33851
6.39296
1
1
1
1
1
1
1
1
1.00001
1.00003
1.00007
1.00014
1.00039
1.0008
1.00218
1.0044
1.01222
1.02427
1.07007
1.14116
1.41311
1.91658
3.2959
5.78926
6.28104
1
1
1
1
1
1
1
1
1.00001
1.00002
1.00004
1.0001
1.0002
1.00055
1.00112
1.00309
1.00606
1.01795
1.03225
1.10892
1.19096
1.65823
2.39199
4.58297
6.0025
1
1
1
1
1
1
1
1
1
1.00001
1.00003
1.00005
1.00015
1.0003
1.00081
1.00163
1.00447
1.0089
1.02552
1.04797
1.14959
1.29448
1.85705
2.92227
5.35186
1
1
1
1
1
1
1
1
1
1.00001
1.00002
1.00003
1.00009
1.00018
1.0005
1.00101
1.00274
1.00551
1.01531
1.02993
1.09004
1.16733
1.53694
2.15147
3.91469
1
1
1
1
1
1
1
1
1
1
1.00001
1.00002
1.00005
1.00011
1.0003
1.0006
1.00164
1.00331
1.00907
1.01829
1.05081
1.1052
1.29344
1.65029
2.6574
1
1
1
1
1
1
1
1
1
1
1.00001
1.00001
1.00003
1.00007
1.00015
1.0004
1.00082
1.00221
1.00444
1.01221
1.02407
1.06968
1.13497
1.40044
1.86404
1
1
1
1
1
1
1
1
1
1
1
1.00001
1.00002
1.00004
1.00009
1.00024
1.00048
1.00129
1.00261
1.00709
1.01418
1.03953
1.07999
1.22503
1.49209
1
1
1
1
1
1
1
1
1
1
1
1
1.00001
1.00002
1.00006
1.00012
1.00031
1.00063
1.00171
1.00344
1.00939
1.01893
1.05212
1.1085
1.29619
1
1
1
1
1
1
1
1
1
1
1
1
1.00001
1.00001
1.00003
1.00008
1.00015
1.00041
1.00083
1.00224
1.00451
1.01231
1.02424
1.06986
1.13373
1
1
1
1
1
1
1
1
1
1
1
1
1
1.00001
1.00002
1.00004
1.00009
1.00023
1.00047
1.00126
1.00255
1.00688
1.01382
1.03791
1.07753
1
1
1
1
1
1
1
1
1
1
1
1
1
1
1.00001
1.00002
1.00005
1.00011
1.0003
1.0006
1.00161
1.00323
1.00876
1.01765
1.04817
1
1
1
1
1
1
1
1
1
1
1
1
1
1
1
1.00001
1.00003
1.00007
1.00014
1.00037
1.00075
1.00201
1.00404
1.01094
1.02159
1
1
1
1
1
1
1
1
1
1
1
1
1
1
1
1.00001
1.00002
1.00003
1.00009
1.00018
1.00047
1.00096
1.00254
1.00509
1.01399
1
1
1
1
1
1
1
1
1
1
1
1
1
1
1
1
1.00001
1.00002
1.00005
1.0001
1.00026
1.00053
1.0014
1.00282
1.00755
1
1
1
1
1
1
1
1
1
1
1
1
1
1
1
1
1
1.00001
1.00002
1.00006
1.00012
1.00032
1.00066
1.00174
1.00351
1
1
1
1
1
1
1
1
1
1
1
1
1
1
1
1
1
1.00001
1.00001
1.00004
1.00007
1.00019
1.00039
1.00102
1.00207
1
1
1
1
1
1
1
1
1
1
1
1
1
1
1
1
1
1
1.00001
1.00002
1.00005
1.00013
1.00026
1.00071
1.00144
1
1
1
1
1
1
1
1
1
1
1
1
1
1
1
1
1
1
1.00001
1.00002
1.00004
1.00009
1.00023
1.00047
1.00134
1
1
1
1
1
1
1
1
1
1
1
1
1
1
1
1
1
1
1.00001
1.00002
1.00004
1.0001
1.0002
1.00057
1.00115
3.10585
1.57375
1.05639
0.944039
0.968878
1.04593
1.20883
1.34353
1.38709
1.38564
1.38078
1.38104
1.38327
1.38918
1.4012
1.41021
1.41389
1.41433
1.41492
1.41634
1.41975
1.42759
1.44516
1.48387
1.56878
1.75494
2.16416
2.96618
3.44437
3.46053
3.43906
3.38566
3.36066
3.35478
3.36356
3.39708
3.46098
3.56443
3.70899
3.87852
4.0469
4.19577
4.31725
4.41101
4.49178
4.55151
4.58787
4.60931
4.61746
4.61669
4.61029
4.59475
4.56929
4.54009
4.50668
4.47018
4.42993
4.38742
4.34237
4.29613
4.2484
4.20013
4.15096
4.10148
4.05134
4.00098
3.95011
3.89908
3.84768
3.7962
3.74448
3.69278
3.64103
3.58946
3.53805
3.48701
3.43636
3.38621
3.3366
3.28758
3.23917
3.19135
3.14418
3.09759
3.05168
3.00634
2.96169
2.91759
2.87419
2.83138
2.78934
2.74794
2.70733
2.66745
2.62868
2.59106
2.55511
2.52197
2.49346
2.47676
3.76084
2.338
1.72851
1.47183
1.35356
1.28107
1.26447
1.27223
1.29417
1.33955
1.38616
1.40577
1.40558
1.40441
1.40389
1.40455
1.40657
1.41088
1.41556
1.41853
1.42175
1.42835
1.44271
1.47422
1.54497
1.70156
2.05156
2.80514
3.43076
3.46791
3.43303
3.37574
3.35977
3.36594
3.37157
3.39281
3.44211
3.52954
3.67292
3.83929
4.01236
4.16509
4.28849
4.38878
4.46966
4.531
4.5704
4.59404
4.60357
4.6033
4.59909
4.58664
4.56077
4.52994
4.49678
4.46131
4.42223
4.38062
4.33641
4.29073
4.24353
4.19559
4.14673
4.09744
4.04752
3.99731
3.94662
3.89571
3.84448
3.79311
3.74157
3.68998
3.63841
3.58695
3.53572
3.48477
3.43427
3.38418
3.3347
3.28571
3.23741
3.18962
3.14255
3.09598
3.05015
3.00478
2.9602
2.91614
2.87285
2.83009
2.78821
2.74692
2.70647
2.66669
2.62776
2.58983
2.55358
2.52001
2.49056
2.47349
4.58368
3.26634
2.44012
1.91888
1.58598
1.37989
1.26106
1.24529
1.25254
1.27382
1.31831
1.36148
1.39017
1.40431
1.40817
1.40803
1.40771
1.40796
1.40881
1.41072
1.414
1.41923
1.42967
1.45297
1.50166
1.61433
1.85299
2.38212
3.27886
3.44297
3.43046
3.39579
3.37662
3.37384
3.37768
3.40171
3.45941
3.55029
3.67592
3.82829
3.98589
4.13471
4.25894
4.36009
4.43992
4.50113
4.54272
4.56852
4.58022
4.58075
4.57807
4.5689
4.54798
4.51574
4.48189
4.44698
4.40929
4.36907
4.32621
4.28156
4.23524
4.18791
4.13959
4.09069
4.04117
3.99123
3.94087
3.8902
3.83925
3.78807
3.73679
3.68541
3.6341
3.58285
3.53187
3.48111
3.43081
3.38088
3.33158
3.28271
3.23456
3.18687
3.13994
3.09349
3.04783
3.00248
2.95808
2.91414
2.87104
2.82843
2.78658
2.74523
2.70477
2.6649
2.62599
2.58798
2.55149
2.51745
2.48694
2.46855
5.03468
3.84899
2.97165
2.36086
1.95103
1.67566
1.50208
1.39494
1.33213
1.31588
1.31928
1.33076
1.35526
1.38445
1.40524
1.41665
1.41773
1.41728
1.41607
1.41608
1.41672
1.41907
1.42508
1.4396
1.47065
1.54524
1.70042
2.06304
2.83606
3.35972
3.43649
3.43227
3.42313
3.42961
3.45647
3.51485
3.58534
3.65139
3.73538
3.84276
3.96509
4.08253
4.19882
4.30292
4.38729
4.45206
4.49739
4.52668
4.54196
4.54568
4.54422
4.53855
4.5244
4.49572
4.46164
4.42666
4.39009
4.35149
4.31038
4.26718
4.22213
4.17573
4.12823
4.07994
4.03101
3.98156
3.93169
3.88142
3.83089
3.78009
3.7292
3.67817
3.62724
3.57631
3.52567
3.4752
3.42521
3.37552
3.32648
3.27783
3.22993
3.18243
3.13562
3.08938
3.04393
2.99901
2.95475
2.91089
2.8679
2.82533
2.78362
2.74235
2.702
2.66216
2.62331
2.5852
2.54848
2.5139
2.48238
2.46205
5.30706
4.27053
3.42818
2.7901
2.32404
1.98514
1.73939
1.56381
1.44138
1.36446
1.32291
1.32291
1.32645
1.3367
1.35795
1.37959
1.39584
1.40592
1.41047
1.41065
1.41088
1.4117
1.41503
1.42194
1.44316
1.4838
1.58665
1.79381
2.24689
3.10679
3.40521
3.47361
3.49741
3.54431
3.63673
3.74357
3.81399
3.85173
3.88457
3.91795
3.96305
4.03032
4.10999
4.21218
4.30802
4.38422
4.43849
4.47412
4.4946
4.50279
4.50224
4.49921
4.49043
4.47092
4.43854
4.40356
4.36754
4.33019
4.29076
4.24915
4.20552
4.16026
4.11376
4.06626
4.01807
3.96921
3.91994
3.87017
3.82017
3.76982
3.71943
3.66883
3.61838
3.56787
3.51768
3.46757
3.418
3.36863
3.31997
3.27162
3.22405
3.17686
3.13061
3.08458
3.03937
2.99454
2.9505
2.90681
2.86396
2.82153
2.77995
2.73883
2.69856
2.6588
2.61998
2.58184
2.54495
2.50993
2.47765
2.45532
5.49495
4.59499
3.81217
3.17823
2.68311
2.30295
2.01341
1.79509
1.63192
1.51402
1.42963
1.37523
1.3467
1.34547
1.34811
1.35588
1.37211
1.38997
1.40442
1.41361
1.41802
1.41858
1.41944
1.42321
1.43095
1.45537
1.50661
1.63309
1.90238
2.49726
3.23442
3.46574
3.58633
3.72158
3.9262
4.09311
4.14857
4.14464
4.12078
4.05892
4.0047
4.0117
4.03927
4.10033
4.19633
4.28635
4.35642
4.40498
4.43528
4.45034
4.453
4.45159
4.44657
4.43449
4.40961
4.37616
4.34069
4.30422
4.26619
4.22618
4.18416
4.14032
4.09507
4.0486
4.00133
3.95327
3.90477
3.8557
3.8064
3.75668
3.70694
3.65692
3.60707
3.55707
3.50742
3.45777
3.4087
3.35965
3.3115
3.26366
3.21664
3.16992
3.12397
3.07828
3.03332
2.98869
2.94485
2.90138
2.85871
2.81647
2.77505
2.7341
2.69397
2.65435
2.6156
2.57749
2.54052
2.50519
2.47242
2.44816
5.62317
4.84079
4.12632
3.5156
3.01342
2.60959
2.2885
2.03496
1.83523
1.67974
1.55894
1.47107
1.40592
1.36754
1.34829
1.34851
1.35098
1.35754
1.37098
1.3844
1.39514
1.40212
1.40606
1.40931
1.41516
1.43065
1.45819
1.53636
1.68457
2.04148
2.76746
3.36655
3.66119
3.98313
4.35781
4.55883
4.55861
4.52395
4.4202
4.21641
4.07305
4.01408
4.01742
4.03521
4.07851
4.16181
4.24248
4.31005
4.35783
4.38591
4.39791
4.39771
4.39536
4.38851
4.37331
4.34444
4.31074
4.27515
4.23819
4.19957
4.15917
4.11691
4.07313
4.02792
3.98177
3.93467
3.88708
3.83883
3.79035
3.74139
3.6924
3.64307
3.59389
3.54449
3.49548
3.44637
3.39791
3.3498
3.30225
3.25496
3.20839
3.16203
3.11638
3.07097
3.0263
2.98193
2.93832
2.8951
2.85266
2.81065
2.76942
2.72868
2.68872
2.64927
2.61064
2.57263
2.53567
2.50014
2.46712
2.44138
5.71387
5.02683
4.37815
3.80086
3.30663
2.89364
2.55349
2.27578
2.05002
1.8678
1.7213
1.60551
1.51507
1.448
1.39895
1.37069
1.35573
1.35593
1.35802
1.36358
1.37501
1.38727
1.39799
1.4061
1.41052
1.41882
1.43711
1.47653
1.56858
1.76384
2.186
3.04913
3.65257
4.35115
4.94431
5.08938
5.05611
4.93897
4.68433
4.3981
4.19261
4.06936
4.01376
4.00997
4.01773
4.04594
4.10648
4.18243
4.25088
4.29843
4.327
4.33758
4.33697
4.33362
4.32489
4.30627
4.27653
4.24235
4.20629
4.16879
4.1299
4.08929
4.04716
4.00343
3.95862
3.91271
3.86624
3.81902
3.77153
3.72347
3.67535
3.62681
3.57839
3.52971
3.48142
3.43328
3.38566
3.33818
3.2913
3.24453
3.19838
3.15243
3.10713
3.0621
3.01775
2.97374
2.93045
2.88754
2.84537
2.80365
2.76267
2.72216
2.68241
2.64317
2.6047
2.56683
2.52995
2.49433
2.46121
2.43441
5.78074
5.1696
4.57992
4.03952
3.56202
3.15055
2.80148
2.50861
2.26411
2.06128
1.89323
1.75505
1.64211
1.5511
1.47956
1.42575
1.38707
1.36557
1.35509
1.35537
1.3572
1.36182
1.37123
1.38052
1.38979
1.39862
1.41153
1.43725
1.4945
1.61296
1.87667
2.42332
3.51832
4.80258
5.63238
5.64184
5.55388
5.31166
4.91431
4.58543
4.34232
4.1711
4.06004
4.00285
3.98589
3.9884
4.00419
4.04278
4.11293
4.17676
4.22612
4.25673
4.2692
4.26865
4.26521
4.25602
4.23651
4.20629
4.1715
4.13481
4.09707
4.05797
4.01755
3.9755
3.93229
3.88785
3.84273
3.79674
3.75041
3.70341
3.65627
3.60863
3.5611
3.51342
3.46617
3.41892
3.37214
3.32536
3.27907
3.23285
3.18718
3.1417
3.09683
3.05223
3.00828
2.96465
2.92172
2.87916
2.83731
2.79588
2.75519
2.71494
2.67545
2.63642
2.59818
2.56047
2.52374
2.4881
2.45501
2.42747
5.82868
5.28115
4.74378
4.23991
3.78343
3.38006
3.02939
2.72831
2.47135
2.25349
2.06901
1.91364
1.78305
1.67425
1.58452
1.51159
1.45473
1.41123
1.38
1.36266
1.35457
1.35492
1.35683
1.36145
1.37098
1.38252
1.39677
1.41655
1.45952
1.54484
1.74793
2.16591
3.12141
5.07453
6.24956
6.1951
5.9921
5.57306
5.13776
4.78418
4.51227
4.30436
4.14957
4.04242
3.98005
3.95672
3.94819
3.95545
3.97968
4.03082
4.09045
4.14241
4.17571
4.19245
4.19342
4.19083
4.18268
4.16459
4.13386
4.09841
4.06146
4.02335
3.9843
3.94387
3.90242
3.85972
3.81627
3.77178
3.72679
3.68097
3.63488
3.58829
3.5419
3.49539
3.44919
3.40283
3.35682
3.31074
3.26507
3.21944
3.17432
3.12937
3.08499
3.04088
2.99739
2.95422
2.9117
2.86955
2.82808
2.78701
2.74666
2.70671
2.66752
2.62874
2.59076
2.55324
2.51673
2.48114
2.44815
2.42008
5.86625
5.37068
4.87883
4.40976
3.97608
3.58491
3.23765
2.93359
2.66908
2.4407
2.24381
2.0749
1.93002
1.80642
1.7013
1.61264
1.53901
1.47866
1.43168
1.39561
1.37052
1.35618
1.35181
1.35256
1.35544
1.36211
1.37576
1.39648
1.43726
1.51802
1.69858
2.08612
2.9867
4.98337
6.61986
6.56692
6.34704
5.89266
5.41678
5.02796
4.71936
4.47424
4.28016
4.13213
4.02444
3.95444
3.92168
3.90081
3.90295
3.91565
3.94632
4.00039
4.0498
4.08735
4.10821
4.11338
4.11153
4.10477
4.08923
4.05891
4.02419
3.98678
3.94837
3.90903
3.86917
3.82832
3.78675
3.74401
3.70059
3.65609
3.61135
3.56615
3.52107
3.47572
3.43053
3.3851
3.33989
3.29456
3.24957
3.20461
3.16009
3.11573
3.0719
3.02833
2.98535
2.94268
2.90065
2.85895
2.81793
2.77726
2.7373
2.69769
2.65884
2.62034
2.58266
2.54538
2.50913
2.47364
2.44083
2.41235
5.90156
5.44405
4.99061
4.55395
4.14371
3.76715
3.42699
3.12376
2.85566
2.62023
2.41428
2.23467
2.07837
1.94262
1.82508
1.72366
1.63684
1.56312
1.50183
1.45146
1.41269
1.38299
1.36324
1.35464
1.35563
1.35958
1.37043
1.39184
1.43788
1.52896
1.71884
2.10808
2.90349
4.44172
6.26683
6.56055
6.46252
6.19109
5.75148
5.32507
4.97071
4.6795
4.44616
4.26024
4.11359
4.00259
3.92508
3.88078
3.85252
3.84262
3.84792
3.86604
3.90493
3.95157
3.99117
4.01668
4.028
4.02698
4.02193
4.00915
3.98304
3.94871
3.91096
3.87207
3.83316
3.79376
3.75392
3.71303
3.67132
3.62866
3.58562
3.54198
3.49825
3.45406
3.40989
3.36541
3.32106
3.27655
3.2323
3.18806
3.14421
3.1005
3.05729
3.01431
2.97192
2.92981
2.88833
2.84715
2.80662
2.76641
2.72688
2.68768
2.64921
2.61106
2.57371
2.53671
2.50075
2.46542
2.43284
2.40404
5.92878
5.50749
5.08758
4.67859
4.29051
3.92934
3.59834
3.29876
3.02996
2.79052
2.57812
2.39051
2.22501
2.07953
1.95164
1.83976
1.742
1.6572
1.58422
1.52196
1.47059
1.42778
1.39749
1.37237
1.37197
1.37496
1.38727
1.4117
1.47416
1.5952
1.85531
2.37516
3.18752
3.92522
5.00921
5.9928
6.25624
6.19757
6.01128
5.64452
5.27977
4.93819
4.6566
4.4284
4.24354
4.09459
3.97865
3.89307
3.83805
3.80255
3.77973
3.78093
3.78958
3.81126
3.8521
3.89032
3.91998
3.93628
3.93685
3.9341
3.92506
3.90495
3.87166
3.83419
3.79589
3.75709
3.71823
3.67879
3.63897
3.59839
3.55734
3.51544
3.4732
3.4303
3.38727
3.34381
3.3004
3.25677
3.21334
3.16988
3.12678
3.08378
3.04128
2.99897
2.95724
2.91575
2.87488
2.83426
2.7943
2.75459
2.71555
2.67678
2.63873
2.60096
2.56399
2.52732
2.4917
2.45658
2.42429
2.39523
5.95816
5.56412
5.17278
4.78988
4.4216
4.07501
3.75346
3.45885
3.19121
2.94993
2.73336
2.53998
2.36743
2.21425
2.07801
1.95756
1.85084
1.75697
1.67457
1.60265
1.54132
1.48797
1.44802
1.41156
1.40887
1.4132
1.42674
1.47071
1.55328
1.74963
2.13468
2.81591
3.35348
3.69202
4.14049
4.83216
5.58731
5.94035
5.91462
5.79919
5.5403
5.23063
4.91896
4.64811
4.41901
4.22968
4.07546
3.95234
3.85877
3.79333
3.75175
3.71996
3.70659
3.70986
3.72216
3.7491
3.78557
3.81754
3.83732
3.84473
3.84325
3.83703
3.82229
3.79266
3.75778
3.71949
3.68071
3.64204
3.60382
3.56511
3.52603
3.48603
3.44552
3.40414
3.36245
3.32015
3.2778
3.2351
3.19259
3.14997
3.10771
3.06549
3.02377
2.98218
2.94119
2.90036
2.86017
2.82015
2.7808
2.74162
2.70313
2.66483
2.62726
2.58992
2.55337
2.51708
2.48185
2.44701
2.41506
2.38581
5.99383
5.61932
5.25197
4.89103
4.54053
4.20721
3.89486
3.6057
3.34034
3.09879
2.87971
2.68242
2.5046
2.34546
2.20256
2.07512
1.96111
1.8597
1.7696
1.68976
1.62025
1.55894
1.51102
1.46936
1.46979
1.47674
1.50411
1.5655
1.7144
2.01086
2.61835
3.14919
3.43557
3.5813
3.75093
4.03658
4.48431
5.08543
5.52508
5.62107
5.58033
5.44938
5.18376
4.92265
4.64719
4.41636
4.22007
4.05863
3.9282
3.82563
3.74888
3.69851
3.65998
3.63366
3.63237
3.63719
3.6513
3.68029
3.71119
3.73508
3.74838
3.74794
3.74458
3.73488
3.71438
3.68029
3.6427
3.60464
3.56695
3.52913
3.4915
3.45329
3.41466
3.37507
3.335
3.29411
3.25302
3.21143
3.16995
3.12827
3.08695
3.04561
3.00476
2.964
2.92381
2.88373
2.84426
2.80491
2.7662
2.72762
2.6897
2.65193
2.61487
2.57802
2.54193
2.50607
2.47126
2.43673
2.40516
2.37578
6.05446
5.68248
5.32595
4.98082
4.64712
4.32625
4.02309
3.74015
3.47807
3.23776
3.01769
2.81807
2.63658
2.47291
2.32484
2.19167
2.07171
1.96399
1.86744
1.78123
1.70469
1.6388
1.5831
1.55095
1.55415
1.56895
1.62236
1.7302
1.98659
2.49384
3.06238
3.36641
3.48376
3.53238
3.57792
3.67073
3.83593
4.10879
4.54985
5.03344
5.34443
5.33587
5.28011
5.14209
4.88796
4.65833
4.41695
4.21643
4.04744
3.90832
3.79621
3.70913
3.64631
3.602
3.56778
3.54903
3.55059
3.55804
3.57541
3.60385
3.62886
3.64629
3.65248
3.65098
3.64505
3.63098
3.60263
3.56741
3.52989
3.49206
3.4549
3.41775
3.3806
3.34274
3.30444
3.26525
3.22568
3.18548
3.14524
3.10471
3.06444
3.02412
2.98424
2.94439
2.90508
2.86583
2.82714
2.78853
2.7505
2.71258
2.67525
2.63808
2.60154
2.56522
2.52962
2.49425
2.4599
2.42575
2.39462
2.36519
6.12396
5.74499
5.39731
5.06135
4.73989
4.43232
4.13877
3.86305
3.60538
3.36738
3.14784
2.94694
2.76334
2.59613
2.44429
2.30635
2.18162
2.06858
1.96672
1.87527
1.79348
1.72522
1.66674
1.65792
1.66658
1.70421
1.78983
2.00747
2.43959
3.04798
3.38945
3.50652
3.52085
3.51703
3.50055
3.50411
3.53643
3.62458
3.80544
4.09813
4.53371
4.90067
5.09217
5.07599
5.00672
4.8476
4.63312
4.43113
4.22028
4.04318
3.8952
3.77194
3.67339
3.5975
3.54461
3.50258
3.47391
3.46553
3.46826
3.47727
3.49646
3.52138
3.54198
3.55458
3.55437
3.55149
3.54291
3.52382
3.49132
3.45539
3.41842
3.3812
3.34436
3.30747
3.27059
3.23312
3.1953
3.15681
3.11813
3.07906
3.04008
3.00097
2.96217
2.92337
2.88499
2.84665
2.80879
2.77099
2.73369
2.69647
2.6598
2.62326
2.58732
2.55158
2.51653
2.48167
2.44785
2.41411
2.38345
2.35404
6.18797
5.80296
5.45854
5.13651
4.82536
4.52782
4.24382
3.97593
3.72389
3.48892
3.27115
3.06998
2.88528
2.71571
2.56086
2.41929
2.29047
2.17314
2.06696
1.97111
1.88778
1.81637
1.77994
1.78498
1.81287
1.88051
2.06702
2.43612
3.08428
3.47564
3.60037
3.59752
3.57956
3.53394
3.46428
3.41925
3.4058
3.41732
3.46505
3.5724
3.76432
4.05142
4.42619
4.7099
4.83477
4.81659
4.74982
4.60151
4.41027
4.23082
4.04668
3.88672
3.75477
3.64369
3.5551
3.48898
3.44255
3.40504
3.38152
3.38112
3.38449
3.39421
3.41428
3.43637
3.45293
3.45876
3.45755
3.45235
3.4397
3.41387
3.3808
3.34416
3.30716
3.2704
3.23418
3.19792
3.16169
3.12504
3.0882
3.0509
3.01354
2.9759
2.93841
2.90079
2.86348
2.82614
2.78918
2.75224
2.71574
2.67928
2.64332
2.60746
2.57217
2.53703
2.5026
2.46829
2.43506
2.40176
2.37164
2.34233
6.30963
5.88531
5.52505
5.20587
4.90563
4.6182
4.34345
4.0819
3.83523
3.60358
3.38789
3.18743
3.00218
2.8313
2.67413
2.52988
2.39772
2.27707
2.16756
2.06959
1.98693
1.92427
1.92583
1.94539
1.99966
2.16421
2.4813
3.14613
3.59959
3.74509
3.73999
3.71346
3.64891
3.54074
3.45472
3.3946
3.3507
3.32273
3.32308
3.33799
3.38987
3.50133
3.67789
3.93854
4.25236
4.48692
4.58574
4.56976
4.51178
4.38282
4.20831
4.04745
3.8886
3.74157
3.62058
3.51991
3.43956
3.38266
3.33957
3.30825
3.29224
3.29332
3.29831
3.30993
3.3309
3.34897
3.36301
3.36277
3.36013
3.3522
3.33497
3.30413
3.26973
3.23356
3.19746
3.16157
3.12626
3.091
3.05587
3.02038
2.98482
2.94885
2.91289
2.87663
2.84054
2.80428
2.76832
2.73229
2.69664
2.66099
2.6258
2.59067
2.55609
2.52162
2.48786
2.45415
2.42155
2.38875
2.3592
2.33005
6.3383
5.96704
5.59826
5.27681
4.98298
4.70425
4.4374
4.18268
3.94134
3.71335
3.49962
3.30026
3.11491
2.94313
2.78437
2.63794
2.50334
2.38035
2.26888
2.17344
2.09409
2.07884
2.0922
2.14583
2.2842
2.59823
3.2302
3.75439
3.93356
3.92769
3.89576
3.81717
3.68275
3.56358
3.46828
3.39237
3.33758
3.29266
3.25755
3.22986
3.23034
3.24438
3.29164
3.39357
3.55744
3.78231
4.04972
4.24926
4.3463
4.33373
4.28684
4.18082
4.02286
3.87785
3.73936
3.60311
3.49064
3.39959
3.3292
3.27897
3.23988
3.21286
3.20535
3.2071
3.21335
3.22711
3.2457
3.26183
3.26818
3.26719
3.26281
3.2513
3.22789
3.19615
3.16145
3.12594
3.09096
3.05634
3.02226
2.98816
2.9542
2.9199
2.88557
2.85082
2.81612
2.7811
2.74626
2.71124
2.67651
2.64172
2.60733
2.57298
2.53914
2.50539
2.47231
2.43926
2.40732
2.37508
2.34614
2.31722
6.31368
6.0945
5.70238
5.36231
5.06427
4.78929
4.52794
4.2787
4.04222
3.81847
3.60727
3.40911
3.2241
3.05176
2.89184
2.74385
2.60767
2.48348
2.37458
2.28311
2.24572
2.25602
2.30235
2.42939
2.72565
3.33527
3.94666
4.16557
4.15889
4.12115
4.02689
3.86813
3.72633
3.60963
3.51144
3.42635
3.3516
3.2875
3.23957
3.19024
3.15276
3.12341
3.12143
3.13312
3.17386
3.26255
3.41173
3.60133
3.83415
4.00841
4.11633
4.10702
4.07148
3.99208
3.85551
3.72146
3.59423
3.46933
3.36555
3.28425
3.2224
3.1768
3.14218
3.12033
3.12067
3.12344
3.1306
3.14597
3.16172
3.17345
3.17329
3.17105
3.1642
3.149
3.12117
3.08934
3.05588
3.02193
2.9884
2.95513
2.92233
2.88942
2.85662
2.82339
2.79015
2.75647
2.72285
2.68894
2.65522
2.62138
2.58785
2.55435
2.52129
2.48833
2.45599
2.42366
2.39243
2.3608
2.33251
2.30388
6.24975
6.11363
5.81753
5.45964
5.15013
4.87409
4.61731
4.37298
4.13944
3.91892
3.71065
3.5143
3.32984
3.15754
2.99695
2.84827
2.71164
2.59015
2.48663
2.42921
2.43656
2.47648
2.59501
2.87848
3.4739
4.17017
4.43378
4.42664
4.38322
4.27278
4.09019
3.92675
3.79115
3.67558
3.57276
3.4787
3.3916
3.31188
3.23902
3.1798
3.12651
3.07682
3.03731
3.00732
3.00063
3.00983
3.04287
3.11591
3.24883
3.408
3.61054
3.77019
3.89148
3.88846
3.86748
3.81532
3.70457
3.57485
3.45254
3.34159
3.24784
3.17313
3.11714
3.07625
3.04885
3.03829
3.03923
3.04312
3.05194
3.06651
3.0779
3.08201
3.08113
3.07719
3.06722
3.04665
3.01864
2.98709
2.95462
2.92199
2.88985
2.85786
2.82623
2.79436
2.76254
2.73028
2.698
2.66535
2.63276
2.59998
2.56741
2.53483
2.50262
2.4705
2.43895
2.40738
2.37691
2.34594
2.31832
2.29005
6.15108
6.08806
5.91409
5.56509
5.24277
4.96087
4.70422
4.46345
4.23486
4.01702
3.81078
3.61587
3.43246
3.26037
3.10016
2.95178
2.81834
2.7037
2.62722
2.63185
2.66687
2.77574
3.05123
3.63002
4.42636
4.73599
4.7278
4.67763
4.5494
4.34343
4.15862
4.00461
3.87263
3.75432
3.64495
3.54216
3.44524
3.35396
3.26885
3.19065
3.12148
3.06358
3.00648
2.95598
2.91485
2.88446
2.87315
2.88
2.90548
2.96303
3.07511
3.21401
3.38818
3.54369
3.66593
3.69222
3.67894
3.64105
3.55851
3.43429
3.31918
3.21935
3.13413
3.06597
3.01512
2.97961
2.95763
2.95327
2.95472
2.95953
2.97005
2.98206
2.99221
2.9921
2.99038
2.98474
2.97207
2.94742
2.91929
2.88852
2.85725
2.8259
2.79503
2.76417
2.73352
2.70258
2.67163
2.64032
2.60899
2.5774
2.54593
2.51438
2.48312
2.4519
2.42122
2.39048
2.36081
2.33055
2.30366
2.27583
6.00749
6.00254
5.91284
5.69505
5.35503
5.05493
4.79155
4.55147
4.326
4.11143
3.90737
3.71459
3.53245
3.36147
3.20255
3.0572
2.93341
2.83842
2.84058
2.87124
2.97323
3.23926
3.80205
4.69517
5.05748
5.04918
4.99427
4.85177
4.62297
4.41684
4.24469
4.09672
3.96369
3.84007
3.72328
3.6122
3.50654
3.40622
3.31146
3.22242
3.14002
3.06387
2.9985
2.93866
2.88189
2.83132
2.78941
2.75881
2.74302
2.74767
2.76603
2.80999
2.8983
3.02396
3.17282
3.32735
3.44316
3.50913
3.50114
3.47277
3.41059
3.31392
3.20975
3.10986
3.02376
2.95792
2.91008
2.87945
2.86371
2.86437
2.86737
2.87442
2.88759
2.89852
2.90549
2.90485
2.90182
2.89393
2.87753
2.85228
2.82393
2.7939
2.76376
2.73353
2.70364
2.67369
2.6439
2.61387
2.58383
2.55354
2.5233
2.49291
2.46274
2.43252
2.40281
2.37294
2.34416
2.31465
2.28854
2.26123
5.62279
5.90435
5.87134
5.7443
5.47231
5.15825
4.88539
4.64191
4.41586
4.20312
4.00139
3.81058
3.63078
3.46189
3.30652
3.17286
3.06447
3.06146
3.08871
3.18895
3.45114
4.01673
4.99619
5.40263
5.39394
5.33345
5.17538
4.92422
4.69746
4.50743
4.34385
4.19642
4.05907
3.92878
3.80438
3.68546
3.57195
3.46387
3.36124
3.26417
3.17268
3.0871
3.00783
2.93572
2.87268
2.81173
2.75574
2.70578
2.66313
2.63239
2.61233
2.61532
2.62842
2.66063
2.72749
2.83852
2.96937
3.11696
3.23272
3.32821
3.32559
3.30882
3.27175
3.19358
3.09569
3.00525
2.92755
2.86828
2.82377
2.79702
2.78398
2.78478
2.78818
2.79595
2.80821
2.81742
2.8208
2.81966
2.81541
2.80552
2.78553
2.76017
2.73213
2.70284
2.67357
2.64429
2.61534
2.58633
2.55748
2.52845
2.49949
2.47035
2.44141
2.41232
2.3837
2.35481
2.327
2.29833
2.27304
2.24635
4.72865
5.68212
5.77874
5.72414
5.57376
5.27073
4.98389
4.73332
4.50713
4.29608
4.09606
3.90586
3.72814
3.56384
3.42064
3.3044
3.29201
3.31928
3.42178
3.69059
4.27498
5.3416
5.78464
5.77353
5.70313
5.52174
5.2459
4.99784
4.79008
4.61113
4.44966
4.29879
4.15525
4.01774
3.88587
3.75962
3.639
3.52406
3.4147
3.31091
3.21257
3.11973
3.03235
2.95085
2.87502
2.80695
2.74493
2.68496
2.62958
2.58063
2.53791
2.50751
2.48403
2.48516
2.49344
2.51576
2.56625
2.66052
2.77952
2.91265
3.03782
3.13622
3.17166
3.16121
3.12983
3.06409
2.98027
2.90379
2.83581
2.78338
2.7433
2.72002
2.70916
2.71004
2.71353
2.72093
2.73073
2.73863
2.7384
2.73645
2.73077
2.71847
2.69659
2.67071
2.64315
2.61482
2.58658
2.55833
2.53038
2.5024
2.47463
2.44673
2.41907
2.39121
2.36381
2.33602
2.3093
2.28159
2.2572
2.23126
3.10608
5.16278
5.65821
5.65413
5.57986
5.3993
5.10231
4.83551
4.60096
4.38741
4.18832
4.00202
3.82764
3.67643
3.55366
3.53488
3.56275
3.66964
3.95086
4.56434
5.70952
6.19472
6.18171
6.09968
5.89219
5.58893
5.31856
5.09274
4.89838
4.72274
4.55819
4.40115
4.25032
4.10534
3.96625
3.83313
3.70601
3.58484
3.46951
3.35987
3.25577
3.15709
3.06372
2.97564
2.89276
2.81553
2.74361
2.67912
2.61756
2.55964
2.50569
2.45807
2.4159
2.38475
2.36065
2.35651
2.36189
2.37904
2.41834
2.49503
2.60111
2.7218
2.85308
2.95739
3.02323
3.01552
2.99073
2.93864
2.87122
2.80553
2.7471
2.70037
2.66625
2.64705
2.63827
2.6391
2.64217
2.64866
2.65647
2.65996
2.65918
2.65599
2.6482
2.63216
2.60989
2.58425
2.55752
2.53024
2.50313
2.47597
2.44918
2.42235
2.39591
2.36929
2.34317
2.31659
2.29108
2.26446
2.24109
2.21609
2.28274
3.96449
5.33024
5.57001
5.54746
5.44923
5.23252
4.94933
4.70018
4.48035
4.28134
4.0988
3.94024
3.81077
3.78931
3.81884
3.93379
4.23433
4.89098
6.12212
6.62996
6.61399
6.51549
6.27736
5.95043
5.65933
5.41606
5.20627
5.0161
4.8373
4.66616
4.5014
4.34279
4.19042
4.04447
3.90495
3.77187
3.64504
3.52432
3.40949
3.30036
3.19671
3.09839
3.00521
2.91709
2.83391
2.7557
2.68258
2.61492
2.55333
2.49316
2.43711
2.38497
2.3386
2.29798
2.26602
2.24219
2.23361
2.23729
2.25074
2.28066
2.34272
2.43615
2.54957
2.6832
2.7936
2.87964
2.87523
2.85839
2.82696
2.76672
2.70948
2.66066
2.62184
2.59382
2.57777
2.57041
2.57111
2.5735
2.57847
2.58381
2.58366
2.58213
2.5776
2.56783
2.54868
2.52624
2.5013
2.47566
2.44954
2.42367
2.39776
2.37237
2.34687
2.32198
2.29666
2.2724
2.24708
2.22478
2.20106
1.6541
2.62067
4.55249
5.36588
5.47549
5.4329
5.31298
5.06628
4.80591
4.57905
4.38098
4.21114
4.0757
4.05604
4.08883
4.21535
4.54535
5.26383
6.58554
7.09908
7.07619
6.95281
6.67181
6.32455
6.01679
5.75835
5.53414
5.32957
5.13619
4.95028
4.77086
4.5979
4.43165
4.27226
4.11991
3.97448
3.83589
3.70386
3.5782
3.45863
3.34494
3.23687
3.13422
3.03678
2.94436
2.85678
2.77394
2.69567
2.62221
2.55305
2.48963
2.42961
2.37218
2.31829
2.26858
2.22357
2.18468
2.15252
2.12951
2.1171
2.11959
2.13015
2.15288
2.20391
2.28586
2.3958
2.52721
2.64579
2.73712
2.75031
2.7411
2.71582
2.66407
2.61778
2.57966
2.54788
2.52387
2.51039
2.50425
2.50488
2.50677
2.50982
2.51158
2.51097
2.50841
2.50188
2.4887
2.46893
2.44652
2.4225
2.39807
2.37329
2.34892
2.32448
2.30068
2.27662
2.25358
2.22978
2.20866
2.18682
1.39596
1.84141
3.0283
4.86409
5.34291
5.36937
5.31311
5.17524
4.92219
4.68936
4.49643
4.34966
4.33657
4.37489
4.51896
4.8916
5.69632
7.12112
7.60412
7.56995
7.41636
7.08361
6.71399
6.39139
6.11963
5.88177
5.6629
5.45456
5.25336
5.05865
4.8706
4.68964
4.51616
4.35031
4.19204
4.04116
3.89744
3.76059
3.63034
3.50642
3.38856
3.27651
3.17002
3.06885
2.97277
2.88157
2.79504
2.71302
2.63536
2.56197
2.49289
2.42812
2.36823
2.31021
2.25544
2.20397
2.15674
2.11365
2.07661
2.04466
2.02238
2.00717
2.00897
2.01712
2.03522
2.07675
2.14998
2.2575
2.38248
2.51268
2.60527
2.63765
2.63066
2.61071
2.57076
2.53578
2.50391
2.47633
2.45659
2.44555
2.44026
2.44063
2.44164
2.44315
2.44293
2.44157
2.43765
2.42883
2.41257
2.39266
2.37112
2.34845
2.32562
2.3025
2.27985
2.25715
2.23533
2.2135
2.19369
2.17535
1.21311
1.46426
2.18697
3.70173
4.9905
5.27731
5.27206
5.21068
5.06316
4.83412
4.64793
4.63023
4.67665
4.84887
5.28671
6.22442
7.67574
8.12078
8.07593
7.89321
7.51019
7.11665
6.78092
6.49776
6.2477
6.01494
5.79151
5.57449
5.36374
5.15992
4.96368
4.77551
4.59557
4.42385
4.26017
4.10425
3.95579
3.81448
3.68002
3.55209
3.43043
3.31475
3.20479
3.1003
3.00101
2.90668
2.81706
2.73195
2.65113
2.57447
2.50179
2.43315
2.36825
2.30785
2.25036
2.19541
2.14345
2.09482
2.05013
2.00935
1.97391
1.94276
1.92111
1.90423
1.90547
1.91171
1.92653
1.96158
2.02873
2.13326
2.24921
2.38815
2.48476
2.52898
2.52482
2.51212
2.4902
2.45987
2.43129
2.40925
2.39366
2.38386
2.37926
2.37889
2.37918
2.37916
2.37849
2.37595
2.36991
2.35714
2.34045
2.32156
2.30155
2.28071
2.2598
2.23908
2.21881
2.2003
2.18271
2.17219
1.10017
1.27002
1.59221
2.45025
4.17489
5.04311
5.20897
5.19502
5.13451
4.99741
4.95296
5.0065
5.21214
5.73541
6.84241
8.27877
8.66499
8.60226
8.38358
7.93942
7.52383
7.17896
6.88861
6.62893
6.38388
6.14566
5.91265
5.68536
5.46515
5.25298
5.04949
4.85491
4.6692
4.49219
4.32358
4.16304
4.01024
3.86481
3.72648
3.59488
3.46977
3.35081
3.23777
3.13033
3.02822
2.93117
2.8389
2.75117
2.66775
2.58844
2.51308
2.44155
2.37372
2.30957
2.24918
2.19229
2.1376
2.08575
2.03685
1.9914
1.9492
1.91078
1.87685
1.84711
1.8257
1.80842
1.80894
1.81374
1.82648
1.85894
1.92173
2.02042
2.13523
2.27216
2.37382
2.42433
2.43178
2.42589
2.41176
2.38695
2.36543
2.34791
2.33448
2.32577
2.32174
2.32051
2.32034
2.31974
2.31776
2.31307
2.30346
2.29039
2.27512
2.25828
2.24072
2.22343
2.20679
2.1946
2.18454
2.17845
1.06089
1.1186
1.33659
1.71125
2.66612
4.47935
5.05765
5.1771
5.1905
5.21941
5.32054
5.60893
6.26745
7.60941
8.9495
9.2309
9.14677
8.89236
8.38646
7.94373
7.58826
7.29204
7.02514
6.76892
6.51665
6.26739
6.02319
5.78584
5.55705
5.33749
5.1276
4.9273
4.73642
4.55461
4.38153
4.21678
4.06002
3.91088
3.76905
3.63416
3.50596
3.38409
3.26832
3.1583
3.05372
2.9543
2.85972
2.76975
2.68414
2.60267
2.52516
2.45141
2.38131
2.31471
2.25159
2.19181
2.13562
2.08165
2.03023
1.98179
1.93612
1.89354
1.85384
1.81772
1.78549
1.75729
1.73644
1.71967
1.71967
1.72349
1.736
1.76595
1.8253
1.9166
2.03367
2.16624
2.276
2.3284
2.34874
2.3452
2.33585
2.32375
2.30694
2.29085
2.27942
2.27217
2.26828
2.2665
2.26577
2.26414
2.26078
2.25418
2.24568
2.23489
2.22405
2.21297
2.20782
2.20098
2.1984
2.20036
1.02658
1.08019
1.14551
1.44799
1.92415
3.23443
4.65087
5.10403
5.28093
5.51503
5.98859
6.90916
8.52946
9.73661
9.82796
9.70854
9.38935
8.84057
8.38007
8.0171
7.71424
7.43816
7.17005
6.90295
6.6375
6.37608
6.12167
5.8759
5.64005
5.41434
5.19892
4.9935
4.79782
4.61151
4.4342
4.26546
4.10499
3.95243
3.80741
3.66959
3.53863
3.41419
3.29592
3.18351
3.07666
2.97508
2.87847
2.78658
2.69913
2.61588
2.53662
2.46115
2.38933
2.32095
2.25594
2.19417
2.13553
2.08016
2.02707
1.97668
1.92892
1.88379
1.84116
1.80139
1.76425
1.73038
1.7001
1.67352
1.65369
1.6379
1.6379
1.64165
1.65327
1.68357
1.74032
1.82981
1.94186
2.07208
2.18771
2.24233
2.26944
2.27537
2.27292
2.26636
2.25268
2.23961
2.23031
2.22386
2.22057
2.21885
2.21836
2.21723
2.21597
2.21409
2.21486
2.21687
2.21945
2.2248
2.23614
2.26108
1.01523
1.04115
1.08477
1.22791
1.49114
2.21569
3.68689
4.86679
5.39062
6.16596
7.47999
9.59887
10.6727
10.6314
10.3993
9.88914
9.30709
8.84409
8.47872
8.16915
7.88143
7.59661
7.31091
7.02595
6.74551
6.47221
6.20841
5.95489
5.71243
5.48086
5.26025
5.05012
4.85017
4.65991
4.47896
4.30696
4.14343
3.98797
3.84025
3.69991
3.56663
3.44002
3.31975
3.20545
3.09681
2.99349
2.8952
2.80167
2.71263
2.62784
2.54708
2.47015
2.39687
2.32706
2.26058
2.19732
2.13713
2.07996
2.02575
1.97395
1.92467
1.8779
1.8335
1.7916
1.75198
1.71499
1.68047
1.64889
1.62069
1.59574
1.5774
1.56284
1.56341
1.56762
1.58048
1.60734
1.6638
1.75539
1.86528
1.99464
2.10677
2.17097
2.20219
2.21735
2.21606
2.21211
2.20632
2.19716
2.18961
2.18641
2.18722
2.18983
2.19592
2.20813
2.22261
2.23796
2.25692
2.28893
2.32716
2.4067
1.00943
1.01885
1.05158
1.10525
1.28503
1.61772
2.4952
4.27793
5.58022
7.75548
10.6274
11.6269
11.5116
11.1212
10.3633
9.77466
9.3206
8.95348
8.64105
8.34126
8.03908
7.73389
7.42974
7.13019
6.83871
6.55682
6.28604
6.02649
5.77871
5.54222
5.31705
5.1026
4.89864
4.70461
4.52016
4.34483
4.17824
4.02002
3.86977
3.72712
3.59169
3.46308
3.34095
3.2249
3.11461
3.00972
2.90993
2.81494
2.72451
2.63838
2.55633
2.47817
2.40369
2.33274
2.26513
2.20074
2.13942
2.08101
2.02553
1.97262
1.92226
1.87436
1.82877
1.7855
1.74441
1.70561
1.66895
1.63469
1.60281
1.57354
1.54772
1.52458
1.5083
1.49561
1.49666
1.50186
1.51531
1.54406
1.60156
1.69144
1.80145
1.92886
2.03932
2.11201
2.14682
2.1673
2.17521
2.17449
2.17278
2.17364
2.17802
2.18827
2.20536
2.22744
2.25867
2.3029
2.35397
2.44036
2.53125
2.71988
1.00554
1.01116
1.03013
1.0614
1.16692
1.3546
1.93902
3.0973
5.86214
11.3609
12.7837
12.5196
11.8077
10.9427
10.2952
9.82895
9.46154
9.14
8.82092
8.49539
8.16683
7.84124
7.52275
7.21284
6.91322
6.62432
6.34719
6.08176
5.82869
5.58739
5.35799
5.13973
4.93244
4.73542
4.54837
4.37071
4.20209
4.04201
3.89009
3.74589
3.60902
3.47907
3.35566
3.23842
3.12698
3.02101
2.9202
2.82423
2.73285
2.64581
2.56288
2.48387
2.40857
2.33682
2.26842
2.20325
2.14113
2.08193
2.02553
1.97184
1.92068
1.87197
1.82557
1.78143
1.73943
1.69957
1.66173
1.62602
1.59235
1.56085
1.53175
1.5048
1.4815
1.46051
1.44599
1.43686
1.43816
1.44455
1.45894
1.49131
1.55176
1.64143
1.7542
1.87969
1.99261
2.06994
2.11441
2.14174
2.15877
2.17484
2.193
2.21618
2.25284
2.30354
2.36931
2.46823
2.57967
2.7676
2.92868
3.24969
1.00397
1.00798
1.02252
1.04427
1.13471
1.26335
1.8593
2.99626
6.55073
13.4341
13.1028
12.215
11.3725
10.7977
10.3748
10.0228
9.68793
9.34147
8.98512
8.62752
8.27519
7.93141
7.60013
7.28144
6.97551
6.6815
6.40002
6.13074
5.87409
5.62941
5.39681
5.17545
4.96527
4.76549
4.57593
4.39591
4.22517
4.06311
3.9094
3.76355
3.62517
3.49384
3.36915
3.25073
3.13818
3.03118
2.92939
2.83251
2.74026
2.65239
2.56868
2.48891
2.41289
2.34044
2.27138
2.20555
2.14278
2.08294
2.02589
1.97154
1.91972
1.87035
1.82329
1.77848
1.73581
1.69523
1.65667
1.62012
1.58551
1.55287
1.52224
1.49353
1.46727
1.44298
1.42204
1.40435
1.39087
1.38684
1.38873
1.3963
1.4119
1.44879
1.51667
1.61047
1.727
1.85735
1.97894
2.07128
2.13635
2.19207
2.24798
2.31132
2.39195
2.50212
2.63683
2.83051
3.04653
3.29276
3.47845
3.66704
1.00255
1.00813
1.01387
1.05162
1.08487
1.33538
1.69903
3.32477
7.46236
13.1264
12.352
11.54
11.1368
10.8524
10.5566
10.2142
9.84237
9.46077
9.08018
8.70654
8.34307
7.99109
7.6509
7.32384
7.01179
6.7126
6.42725
6.15512
5.8961
5.64933
5.41479
5.19162
4.97983
4.77857
4.58776
4.4066
4.2349
4.07197
3.91753
3.771
3.63202
3.50013
3.37492
3.25602
3.14301
3.03559
2.93338
2.8361
2.74348
2.65524
2.57118
2.49105
2.41469
2.3419
2.27253
2.20639
2.14336
2.08327
2.02598
1.97134
1.91921
1.86952
1.82212
1.77696
1.73394
1.69299
1.65404
1.61705
1.58196
1.54874
1.51739
1.48785
1.4603
1.43455
1.41106
1.38994
1.37128
1.35738
1.34687
1.34777
1.35201
1.3625
1.38585
1.4315
1.50884
1.61901
1.75693
1.91771
2.08153
2.2393
2.38427
2.53792
2.7074
2.91021
3.12428
3.32727
3.48668
3.59687
3.6383
3.65418
1.00328
1.00651
1.01984
1.03613
1.12982
1.23255
1.89327
3.14883
7.78036
12.9611
12.0311
11.4996
11.2282
10.9683
10.642
10.2711
9.88389
9.49535
9.11179
8.7365
8.37146
8.01772
7.6759
7.34683
7.03069
6.72995
6.44362
6.17068
5.91077
5.66309
5.42756
5.20342
4.99065
4.78848
4.59679
4.41483
4.2424
4.07879
3.92372
3.77659
3.63707
3.50465
3.37896
3.25959
3.14616
3.03832
2.93575
2.83813
2.74519
2.65666
2.57233
2.49196
2.41536
2.34236
2.27276
2.20643
2.14317
2.08288
2.02536
1.97053
1.91822
1.86834
1.82077
1.77544
1.73225
1.69112
1.65201
1.61482
1.57954
1.54609
1.51448
1.48463
1.45663
1.43035
1.40608
1.38359
1.36364
1.34573
1.33206
1.32178
1.32272
1.32673
1.33642
1.35775
1.39979
1.47764
1.59988
1.77754
2.00508
2.29683
2.61636
2.93566
3.21783
3.43491
3.57089
3.61842
3.61363
3.5986
3.56892
3.54945
)
;

boundaryField
{
    inlet
    {
        type            fixedValue;
        value           uniform 1;
    }
    outlet
    {
        type            waveTransmissive;
        gamma           1.4;
        fieldInf        1;
        lInf            3;
        value           nonuniform List<scalar> 
40
(
2.47085
2.46758
2.46265
2.45617
2.44946
2.44233
2.43558
2.42864
2.42174
2.41438
2.40669
2.39842
2.38965
2.38028
2.3703
2.35976
2.34865
2.33699
2.32477
2.31199
2.29871
2.28494
2.27077
2.25623
2.2414
2.22636
2.21123
2.19622
2.18195
2.17033
2.16669
2.17261
2.19356
2.25168
2.39245
2.69621
3.21923
3.64929
3.64745
3.54392
)
;
    }
    bottom
    {
        type            symmetryPlane;
    }
    top
    {
        type            symmetryPlane;
    }
    obstacle
    {
        type            zeroGradient;
    }
    defaultFaces
    {
        type            empty;
    }
}


// ************************************************************************* //
