/*--------------------------------*- C++ -*----------------------------------*\
| =========                 |                                                 |
| \\      /  F ield         | OpenFOAM: The Open Source CFD Toolbox           |
|  \\    /   O peration     | Version:  2412                                  |
|   \\  /    A nd           | Website:  www.openfoam.com                      |
|    \\/     M anipulation  |                                                 |
\*---------------------------------------------------------------------------*/
FoamFile
{
    version     2.0;
    format      ascii;
    arch        "LSB;label=32;scalar=64";
    class       volScalarField;
    location    "3";
    object      T;
}
// * * * * * * * * * * * * * * * * * * * * * * * * * * * * * * * * * * * * * //

dimensions      [0 0 0 1 0 0 0];

internalField   nonuniform List<scalar> 
5250
(
1.00001
1.00002
1.00006
1.00011
1.00035
1.00064
1.00189
1.00399
1.01024
1.02729
1.06133
1.18996
1.43772
2.19324
2.67128
2.75384
2.74791
2.74579
2.76062
2.77168
2.78366
2.7886
2.79107
2.79165
2.78996
1.00001
1.00002
1.00006
1.00011
1.00034
1.00063
1.00187
1.00392
1.01008
1.02674
1.06024
1.18612
1.42893
2.17619
2.66621
2.75354
2.74745
2.74455
2.75925
2.76996
2.78188
2.78674
2.78889
2.78877
2.78709
1.00001
1.00002
1.00006
1.0001
1.00033
1.00061
1.00182
1.00377
1.00981
1.02552
1.05801
1.17787
1.40987
2.13706
2.65224
2.75138
2.74532
2.74092
2.75551
2.76644
2.77796
2.783
2.78625
2.78666
2.78422
1.00001
1.00002
1.00005
1.0001
1.00032
1.00058
1.00176
1.00355
1.00941
1.02374
1.05474
1.16564
1.38144
2.07445
2.62881
2.74671
2.74076
2.73372
2.74854
2.75903
2.77307
2.77823
2.78049
2.78171
2.78058
1.00001
1.00001
1.00005
1.00009
1.0003
1.00054
1.00167
1.00328
1.00889
1.02154
1.05067
1.15048
1.34595
1.99165
2.59658
2.7389
2.73314
2.72464
2.74185
2.75185
2.76495
2.77094
2.77476
2.77612
2.77291
1.00001
1.00001
1.00005
1.00009
1.00028
1.0005
1.00157
1.00298
1.00838
1.01904
1.04638
1.13346
1.30666
1.86957
2.5455
2.72213
2.71389
2.70348
2.72212
2.73513
2.74967
2.75744
2.76141
2.76416
2.7641
1.00001
1.00001
1.00004
1.00008
1.00026
1.00046
1.00145
1.00272
1.00785
1.0171
1.04298
1.11874
1.27637
1.73972
2.55846
2.7098
2.7024
2.69021
2.70837
2.71759
2.73391
2.74316
2.74913
2.74964
2.74551
1.00001
1.00001
1.00004
1.00007
1.00024
1.00043
1.00135
1.00249
1.00741
1.01543
1.04018
1.10638
1.25078
1.6921
2.54648
2.69871
2.68163
2.67936
2.68938
2.69936
2.71106
2.72055
2.7251
2.72759
2.72267
1
1.00001
1.00004
1.00007
1.00021
1.00039
1.00123
1.00225
1.00684
1.01384
1.03699
1.09487
1.22559
1.63499
2.49944
2.67582
2.67467
2.67212
2.67355
2.68501
2.69225
2.6972
2.69811
2.69226
2.66888
1
1.00001
1.00003
1.00006
1.00018
1.00034
1.00105
1.002
1.00579
1.01242
1.03197
1.08705
1.19658
1.58564
2.43124
2.64104
2.6653
2.65751
2.65396
2.66184
2.66672
2.66662
2.66039
2.64373
2.58874
1
1.00001
1.00002
1.00006
1.00011
1.00032
1.0007
1.00173
1.00457
1.01022
1.02993
1.06241
1.20521
1.46564
2.23175
2.60937
2.66609
2.65393
2.63944
2.63989
2.64108
2.63427
2.61224
2.56065
2.36942
1
1.00001
1.00002
1.00004
1.00014
1.00026
1.00079
1.00154
1.00424
1.00965
1.02356
1.06628
1.14337
1.45279
2.15177
2.52277
2.65104
2.64306
2.62532
2.61674
2.61093
2.59884
2.56764
2.50246
2.30128
1
1.00001
1.00002
1.00004
1.00013
1.00023
1.00072
1.00131
1.00408
1.00782
1.02213
1.05111
1.12491
1.34805
1.98524
2.45169
2.62774
2.62305
2.61432
2.59788
2.58431
2.55575
2.51767
2.45727
2.30104
1
1.00001
1.00002
1.00003
1.00011
1.00019
1.0006
1.0011
1.00341
1.00644
1.01871
1.04034
1.10529
1.26592
1.79878
2.35533
2.58421
2.57929
2.58515
2.57874
2.56355
2.53387
2.47712
2.42549
2.3087
1
1
1.00001
1.00003
1.00009
1.00015
1.00049
1.00088
1.00274
1.00522
1.01452
1.03379
1.0802
1.22862
1.5788
2.3
2.55499
2.55505
2.55185
2.54656
2.53523
2.51082
2.45054
2.39377
2.30754
1
1
1.00001
1.00002
1.00007
1.00012
1.00038
1.0007
1.00206
1.00422
1.01092
1.02798
1.06338
1.192
1.43854
2.13594
2.49455
2.54603
2.52993
2.52169
2.50443
2.48841
2.44426
2.37741
2.30182
1
1
1.00001
1.00002
1.00005
1.0001
1.00031
1.00056
1.00173
1.0033
1.00912
1.02116
1.05055
1.14689
1.33548
1.94149
2.38638
2.52452
2.5184
2.5037
2.4754
2.44662
2.42202
2.36976
2.2996
1
1
1.00001
1.00001
1.00004
1.00008
1.00024
1.00043
1.00135
1.00249
1.00734
1.01526
1.03923
1.10331
1.23904
1.63845
2.26332
2.46321
2.4858
2.48308
2.46625
2.42965
2.39382
2.35038
2.29428
1
1
1.00001
1.00001
1.00003
1.00006
1.00018
1.00033
1.00101
1.00189
1.00546
1.01155
1.02955
1.07916
1.17614
1.52101
2.21463
2.40588
2.4409
2.4366
2.43201
2.4148
2.3802
2.33619
2.28305
1
1
1
1.00001
1.00002
1.00005
1.0001
1.0003
1.00057
1.00159
1.00351
1.0086
1.02313
1.05109
1.15427
1.34724
1.96278
2.34858
2.42656
2.42136
2.4037
2.38315
2.36161
2.32685
2.27895
1
1
1
1.00001
1.00001
1.00004
1.00008
1.00024
1.00043
1.00133
1.00248
1.00712
1.01527
1.03803
1.10296
1.23375
1.62047
2.19073
2.39638
2.3949
2.38355
2.35823
2.32681
2.30244
2.26991
1
1
1
1
1.00001
1.00002
1.00007
1.00013
1.0004
1.00076
1.00226
1.00444
1.01231
1.02781
1.06829
1.17848
1.48637
2.00595
2.32962
2.37576
2.3683
2.35004
2.31448
2.2787
2.24665
1
1
1
1
1.00001
1.00002
1.00004
1.00012
1.00023
1.00069
1.00131
1.00381
1.00783
1.02048
1.05141
1.11876
1.33189
1.89506
2.1787
2.31793
2.33678
2.33124
2.31193
2.27546
2.23679
1
1
1
1
1.00001
1.00001
1.00004
1.00007
1.0002
1.00037
1.0011
1.00214
1.00589
1.013
1.03218
1.08634
1.19483
1.52794
2.12564
2.25748
2.2832
2.28405
2.28163
2.2664
2.2333
1
1
1
1
1
1.00001
1.00002
1.00006
1.00011
1.00033
1.00061
1.00176
1.0036
1.00928
1.02287
1.05285
1.1508
1.34162
1.88251
2.20819
2.26948
2.26596
2.25164
2.24061
2.22125
1
1
1
1
1
1.00001
1.00001
1.00004
1.00007
1.00023
1.00041
1.00128
1.00235
1.00689
1.01425
1.03558
1.092
1.21135
1.54354
2.04925
2.23862
2.24248
2.23556
2.2152
2.1933
1
1
1
1
1
1
1.00001
1.00002
1.00006
1.00012
1.00036
1.00067
1.00198
1.00384
1.01067
1.02345
1.05795
1.14689
1.38874
1.83976
2.16075
2.22397
2.22198
2.20741
2.18479
1
1
1
1
1
1
1.00001
1.00002
1.00003
1.0001
1.00019
1.00056
1.00105
1.00307
1.00608
1.01651
1.03715
1.09236
1.23042
1.65463
1.99753
2.17114
2.19159
2.18777
2.17382
1
1
1
1
1
1
1
1.00001
1.00003
1.00005
1.00015
1.00028
1.00084
1.0016
1.00446
1.00954
1.02357
1.06226
1.13278
1.39269
1.88509
2.10049
2.161
2.16344
2.15622
1
1
1
1
1
1
1
1.00001
1.00002
1.00003
1.0001
1.00019
1.00057
1.00104
1.00312
1.00593
1.01669
1.03584
1.09094
1.22143
1.63495
1.95785
2.11678
2.13439
2.13241
1
1
1
1
1
1
1
1
1.00001
1.00003
1.00005
1.00015
1.00027
1.0008
1.00152
1.00422
1.00903
1.02225
1.05849
1.12472
1.36822
1.83272
2.04294
2.1089
2.10914
1
1
1
1
1
1
1
1
1.00001
1.00002
1.00003
1.00009
1.00017
1.00052
1.00095
1.00286
1.00542
1.01522
1.03217
1.08245
1.19435
1.56147
1.88939
2.06524
2.08678
1
1
1
1
1
1
1
1
1
1.00001
1.00002
1.00004
1.00013
1.00024
1.00072
1.00137
1.00379
1.00811
1.01996
1.05203
1.11266
1.32705
1.76829
1.98499
2.05293
1
1
1
1
1
1
1
1
1
1.00001
1.00001
1.00003
1.00006
1.00019
1.00035
1.00105
1.00198
1.00559
1.01155
1.02921
1.0714
1.16707
1.41607
1.85805
2.01277
1
1
1
1
1
1
1
1
1
1
1.00001
1.00002
1.00004
1.00012
1.00022
1.00066
1.0012
1.00358
1.00679
1.01857
1.04189
1.09701
1.2625
1.64421
1.9216
1
1
1
1
1
1
1
1
1
1
1
1.00001
1.00002
1.00007
1.00013
1.00039
1.00072
1.00213
1.00402
1.01143
1.02297
1.06232
1.13489
1.40802
1.72261
1
1
1
1
1
1
1
1
1
1
1
1.00001
1.00002
1.00003
1.0001
1.00018
1.00052
1.00097
1.0028
1.00545
1.01463
1.03232
1.07715
1.19276
1.50197
1
1
1
1
1
1
1
1
1
1
1
1
1.00001
1.00002
1.00006
1.0001
1.00031
1.00056
1.00167
1.00313
1.00883
1.01792
1.04646
1.10514
1.27809
1
1
1
1
1
1
1
1
1
1
1
1
1
1.00001
1.00003
1.00007
1.00014
1.0004
1.00075
1.00214
1.0042
1.0114
1.02379
1.06255
1.13656
1
1
1
1
1
1
1
1
1
1
1
1
1
1.00001
1.00002
1.00003
1.0001
1.00018
1.00053
1.00098
1.00283
1.00548
1.01462
1.0324
1.07578
1
1
1
1
1
1
1
1
1
1
1
1
1
1
1.00001
1.00002
1.00006
1.0001
1.0003
1.00055
1.00162
1.00304
1.00851
1.01712
1.04474
1
1
1
1
1
1
1
1
1
1
1
1
1
1
1
1.00001
1.00002
1.00007
1.00013
1.00038
1.00071
1.002
1.00392
1.01055
1.02196
1
1
1
1
1
1
1
1
1
1
1
1
1
1
1
1.00001
1.00002
1.00003
1.00009
1.00016
1.00047
1.00089
1.0025
1.00488
1.01286
1
1
1
1
1
1
1
1
1
1
1
1
1
1
1
1
1.00001
1.00002
1.00004
1.00011
1.00021
1.0006
1.00112
1.00316
1.00623
1
1
1
1
1
1
1
1
1
1
1
1
1
1
1
1
1
1.00001
1.00002
1.00006
1.00011
1.00033
1.00061
1.00178
1.00332
1
1
1
1
1
1
1
1
1
1
1
1
1
1
1
1
1
1
1.00001
1.00003
1.00008
1.00014
1.00041
1.00077
1.00216
1
1
1
1
1
1
1
1
1
1
1
1
1
1
1
1
1
1
1.00001
1.00002
1.00005
1.00008
1.00024
1.00044
1.00131
1
1
1
1
1
1
1
1
1
1
1
1
1
1
1
1
1
1
1.00001
1.00001
1.00003
1.00006
1.00017
1.00031
1.00093
1
1
1
1
1
1
1
1
1
1
1
1
1
1
1
1
1
1
1
1.00001
1.00002
1.00005
1.0001
1.0003
1.00059
1
1
1
1
1
1
1
1
1
1
1
1
1
1
1
1
1
1
1
1.00001
1.00002
1.00004
1.00013
1.00025
1.00076
2.34167
2.24793
2.2493
2.29245
2.38194
2.44814
2.50053
2.52955
2.53266
2.53099
2.53071
2.53232
2.53587
2.53949
2.54356
2.54591
2.54671
2.54704
2.54763
2.54878
2.55131
2.55693
2.56931
2.59612
2.65341
2.76887
2.96936
3.18313
3.2943
3.32504
3.35146
3.35555
3.323
3.27
3.25507
3.25076
3.24351
3.24212
3.24312
3.24705
3.25001
3.25061
3.2398
3.23631
3.2198
3.21617
3.20434
3.19804
3.18405
3.17775
3.16471
3.15754
3.14182
3.1339
3.11785
3.10909
3.09211
3.08257
3.06497
3.05484
3.03745
3.02715
3.01037
3.00001
2.98356
2.97282
2.95635
2.9452
2.92862
2.91729
2.90075
2.88932
2.87298
2.86138
2.8452
2.83348
2.81722
2.80561
2.78914
2.77785
2.76121
2.75044
2.73368
2.72359
2.70677
2.69726
2.68058
2.67125
2.65506
2.64529
2.63001
2.61938
2.60501
2.59379
2.58012
2.56874
2.5561
2.54577
2.53657
2.5308
2.19915
2.12667
2.08639
2.06736
2.03921
2.01325
2.00003
2.00208
2.01279
2.02996
2.04682
2.05344
2.05347
2.05337
2.05324
2.05356
2.05449
2.05598
2.05764
2.05894
2.06098
2.06524
2.07481
2.09578
2.14321
2.24401
2.46302
2.76933
2.99226
3.11222
3.23308
3.32377
3.38499
3.42611
3.44218
3.43865
3.407
3.36035
3.31057
3.25749
3.18735
3.14166
3.07777
3.0352
2.99041
2.96184
2.92807
2.90486
2.87551
2.8568
2.83283
2.81818
2.79617
2.78205
2.76231
2.74977
2.73097
2.71834
2.69981
2.68719
2.66929
2.65706
2.63992
2.62814
2.61173
2.60031
2.58433
2.57312
2.55718
2.54605
2.52989
2.51889
2.5025
2.49186
2.47541
2.46535
2.44906
2.43961
2.42356
2.4145
2.39866
2.38969
2.37406
2.36489
2.34963
2.34017
2.3254
2.31591
2.3017
2.29239
2.27885
2.26968
2.25682
2.2478
2.2355
2.22691
2.21543
2.20819
2.19949
2.19681
2.19485
2.11467
2.04314
1.97123
1.90488
1.85452
1.8286
1.8267
1.83049
1.84119
1.85589
1.8684
1.87587
1.87898
1.87956
1.87939
1.87937
1.87948
1.87986
1.88065
1.88206
1.8849
1.89137
1.90405
1.93469
1.99444
2.1622
2.32815
2.65465
2.76056
2.82752
2.93714
3.05661
3.16668
3.25051
3.30504
3.2872
3.23793
3.1514
3.06075
2.98345
2.92371
2.87088
2.83578
2.79973
2.77544
2.74923
2.73046
2.70972
2.69479
2.67617
2.66285
2.64409
2.63041
2.61214
2.60065
2.58436
2.5737
2.55742
2.54645
2.52985
2.51896
2.50237
2.49171
2.47526
2.46499
2.44893
2.43898
2.42326
2.41325
2.39769
2.38734
2.372
2.36133
2.34624
2.3355
2.32067
2.31025
2.2957
2.28585
2.2715
2.26231
2.24806
2.23938
2.22528
2.21689
2.20307
2.19463
2.18116
2.17256
2.15961
2.15094
2.13868
2.13014
2.1187
2.11058
2.10011
2.09316
2.08509
2.0824
2.1969
2.10744
2.02887
1.95682
1.89339
1.8409
1.79942
1.77135
1.75538
1.75233
1.75373
1.75941
1.76765
1.77605
1.78132
1.7834
1.78342
1.78307
1.78286
1.783
1.78352
1.78502
1.78844
1.79678
1.81411
1.85536
1.93926
2.1271
2.40567
2.47522
2.57534
2.66652
2.73317
2.80989
2.88591
2.94623
2.93791
2.89991
2.83836
2.78034
2.73236
2.69299
2.6689
2.65576
2.63963
2.62856
2.61401
2.60615
2.59305
2.58543
2.57256
2.56417
2.54975
2.53986
2.52543
2.51691
2.50337
2.49489
2.48067
2.47102
2.4557
2.44513
2.42964
2.41907
2.4041
2.39363
2.37897
2.36832
2.35368
2.34275
2.32806
2.31692
2.30235
2.29142
2.2773
2.26698
2.25325
2.24345
2.22975
2.22011
2.20622
2.19648
2.18246
2.17259
2.15858
2.1488
2.13507
2.12581
2.11253
2.10396
2.09108
2.08307
2.07049
2.06279
2.05052
2.04304
2.03151
2.0248
2.01588
2.01308
2.20535
2.11294
2.03436
1.96436
1.90088
1.84589
1.79705
1.75693
1.72577
1.70578
1.69767
1.69791
1.69969
1.70453
1.71157
1.71747
1.72197
1.72417
1.72501
1.72507
1.7253
1.72588
1.72795
1.73213
1.74279
1.76765
1.81423
1.95979
2.087
2.33998
2.44283
2.4754
2.53518
2.61385
2.67663
2.72583
2.723
2.69811
2.65242
2.61111
2.57848
2.555
2.54383
2.54227
2.53938
2.53427
2.52403
2.51729
2.50665
2.50104
2.48988
2.48301
2.4694
2.45897
2.44316
2.43253
2.4182
2.40811
2.39365
2.38318
2.36869
2.3584
2.34379
2.33315
2.31794
2.3069
2.29171
2.28104
2.26669
2.25671
2.24304
2.23326
2.21965
2.20972
2.196
2.18619
2.17268
2.16345
2.15037
2.14187
2.12917
2.1211
2.10854
2.10063
2.08818
2.08025
2.06794
2.05993
2.048
2.04001
2.02868
2.02082
2.01006
2.00248
1.99211
1.98506
1.97514
1.96918
1.96108
1.95914
2.21621
2.13069
2.05086
1.98013
1.91689
1.85977
1.81016
1.76675
1.73075
1.70148
1.67919
1.66511
1.65932
1.65942
1.66067
1.66419
1.66976
1.67478
1.67874
1.68099
1.68186
1.68217
1.68284
1.68483
1.69069
1.70194
1.73346
1.79252
1.95546
2.13108
2.28282
2.36682
2.43305
2.49761
2.56319
2.6079
2.60766
2.58141
2.54281
2.50174
2.47333
2.45387
2.44085
2.43845
2.44087
2.44222
2.43958
2.43593
2.42815
2.42236
2.4131
2.40843
2.39952
2.39122
2.37664
2.36518
2.35143
2.3418
2.32908
2.31935
2.30595
2.296
2.28293
2.27379
2.26126
2.25225
2.23924
2.22981
2.21649
2.20729
2.19434
2.18564
2.1729
2.1644
2.15165
2.1434
2.13084
2.12292
2.11057
2.10258
2.0903
2.08215
2.07011
2.06191
2.05036
2.0423
2.03136
2.02347
2.01301
2.00518
1.9949
1.9871
1.97679
1.96909
1.95872
1.95126
1.9412
1.93438
1.92615
1.92286
2.22318
2.14588
2.07174
2.00282
1.94002
1.88301
1.83166
1.78612
1.74584
1.71111
1.68226
1.65902
1.64267
1.63262
1.62962
1.62983
1.63115
1.63438
1.63875
1.64274
1.64556
1.64758
1.64875
1.65036
1.65374
1.6611
1.67698
1.7134
1.79596
1.94253
2.18302
2.2714
2.34568
2.45196
2.53074
2.55631
2.55101
2.51808
2.4833
2.43809
2.40576
2.38552
2.37134
2.36864
2.37005
2.37371
2.3737
2.37129
2.36487
2.35947
2.35078
2.34579
2.33847
2.3332
2.32239
2.31189
2.29764
2.28731
2.27482
2.26683
2.25555
2.2477
2.23531
2.22645
2.21342
2.2047
2.19221
2.18407
2.17197
2.16383
2.15161
2.14329
2.13118
2.12315
2.11157
2.10411
2.09281
2.08545
2.07395
2.06637
2.0547
2.04698
2.0355
2.02786
2.01678
2.00921
1.99851
1.99088
1.98053
1.97282
1.96287
1.95516
1.94557
1.93797
1.92866
1.9213
1.91234
1.90563
1.89807
1.89478
2.22691
2.15813
2.09027
2.0258
1.96523
1.90943
1.85816
1.8117
1.76993
1.73274
1.70051
1.67288
1.65008
1.63203
1.61968
1.61215
1.60989
1.6101
1.61124
1.61394
1.61775
1.62149
1.62453
1.62677
1.62873
1.63317
1.64171
1.66361
1.70467
1.82876
1.9559
2.19282
2.31929
2.44693
2.53211
2.54015
2.52932
2.49283
2.4505
2.40807
2.37069
2.34243
2.32432
2.31544
2.31091
2.30733
2.30587
2.30585
2.30356
2.29897
2.29123
2.28563
2.27696
2.27245
2.26488
2.25901
2.24862
2.24062
2.22887
2.22011
2.20801
2.19979
2.1885
2.18128
2.1705
2.16333
2.15207
2.1444
2.13281
2.12525
2.114
2.10682
2.09571
2.08853
2.07715
2.06973
2.05829
2.05092
2.03985
2.03257
2.02204
2.01481
2.00476
1.99759
1.98792
1.98078
1.97137
1.96417
1.95493
1.94759
1.93849
1.93105
1.92203
1.9146
1.90566
1.89842
1.88969
1.88312
1.87561
1.8724
2.2256
2.16368
2.10231
2.04283
1.98654
1.93331
1.88409
1.8381
1.79648
1.75803
1.72407
1.69324
1.66699
1.64412
1.62554
1.61084
1.60129
1.59567
1.59414
1.59439
1.5954
1.59755
1.6007
1.60381
1.60674
1.61043
1.61627
1.6302
1.65558
1.72006
1.82928
2.05928
2.28395
2.47998
2.56879
2.56513
2.54226
2.49409
2.44528
2.39888
2.35442
2.3165
2.28886
2.26885
2.25819
2.24624
2.24091
2.23737
2.238
2.23769
2.23538
2.2324
2.22596
2.22069
2.21345
2.20891
2.20039
2.19443
2.18504
2.17884
2.16895
2.16196
2.15118
2.14353
2.13258
2.12535
2.11503
2.10854
2.09852
2.09213
2.08183
2.07517
2.06462
2.0578
2.04734
2.0407
2.03053
2.02393
2.01397
2.0072
1.99744
1.9904
1.98085
1.97362
1.96424
1.95699
1.94778
1.94061
1.93163
1.92453
1.91576
1.90871
1.9001
1.89317
1.88466
1.87798
1.86964
1.86356
1.85627
1.85342
2.22499
2.16814
2.11067
2.05491
2.00154
1.95117
1.9039
1.85961
1.81868
1.78054
1.74592
1.71397
1.68565
1.66003
1.6383
1.61946
1.60438
1.59227
1.58453
1.57998
1.5788
1.57909
1.5801
1.58239
1.58556
1.59016
1.59511
1.60566
1.62448
1.66963
1.75719
1.95569
2.21703
2.55406
2.60966
2.59354
2.54924
2.50101
2.44831
2.39019
2.33275
2.288
2.25108
2.22417
2.20439
2.18886
2.17901
2.17333
2.17186
2.174
2.17602
2.18026
2.17904
2.17706
2.17217
2.16902
2.16254
2.15789
2.14864
2.14287
2.13362
2.12788
2.11851
2.1127
2.10325
2.09722
2.08751
2.08109
2.07112
2.06445
2.0544
2.04769
2.03764
2.03108
2.02127
2.01483
2.0052
1.99864
1.98915
1.98241
1.97316
1.96635
1.95734
1.95046
1.94155
1.93456
1.92572
1.91874
1.90999
1.90318
1.89448
1.88788
1.87921
1.87278
1.86419
1.85797
1.84958
1.84387
1.83653
1.83391
2.2228
2.17232
2.11978
2.06706
2.01629
1.96713
1.92163
1.87793
1.83815
1.80009
1.76577
1.73317
1.70412
1.67686
1.65309
1.63122
1.61298
1.59695
1.58456
1.57455
1.5685
1.56507
1.56481
1.56538
1.56697
1.57014
1.57593
1.58507
1.60392
1.64201
1.72702
1.88448
2.19928
2.52104
2.59452
2.55887
2.52878
2.46991
2.4012
2.34368
2.29494
2.25184
2.21549
2.18595
2.16584
2.14962
2.14003
2.13284
2.12792
2.12681
2.12826
2.13286
2.13407
2.13638
2.1345
2.13254
2.12876
2.12588
2.11949
2.11456
2.10563
2.09998
2.09062
2.08476
2.07515
2.06908
2.0595
2.0536
2.04433
2.03839
2.02904
2.02276
2.01352
2.00727
1.99832
1.99215
1.9833
1.97693
1.96805
1.96137
1.95258
1.94572
1.93709
1.93017
1.9216
1.91473
1.90619
1.89945
1.89095
1.88438
1.87587
1.86952
1.86098
1.85491
1.84639
1.84066
1.83237
1.82718
1.81993
1.81769
2.21298
2.17066
2.12464
2.07707
2.03029
1.98383
1.93947
1.8972
1.85718
1.81993
1.78472
1.7524
1.72193
1.69434
1.66852
1.64558
1.62448
1.60639
1.5903
1.57745
1.56668
1.55925
1.55437
1.5535
1.55435
1.55672
1.56177
1.57255
1.59396
1.6356
1.72984
1.87495
2.08944
2.34189
2.48669
2.49505
2.4698
2.4372
2.37906
2.32555
2.28155
2.24
2.20279
2.1728
2.14884
2.12887
2.11429
2.10384
2.09564
2.09109
2.08898
2.0885
2.09097
2.09436
2.09677
2.09611
2.09349
2.0913
2.08718
2.08392
2.0769
2.07217
2.06361
2.05844
2.04971
2.04442
2.03565
2.03027
2.02144
2.01579
2.00691
2.00118
1.99254
1.98675
1.97824
1.97217
1.96367
1.9573
1.94888
1.94235
1.934
1.92743
1.91905
1.91244
1.90403
1.89737
1.88903
1.88238
1.87415
1.8676
1.85935
1.85306
1.84467
1.83869
1.83021
1.82451
1.81617
1.81095
1.80365
1.80135
2.19913
2.16067
2.12266
2.08081
2.03857
1.99683
1.95563
1.91566
1.8774
1.84064
1.80621
1.77332
1.74299
1.71409
1.68792
1.66305
1.641
1.62032
1.60243
1.58624
1.57274
1.56162
1.55309
1.54901
1.54961
1.55171
1.55783
1.5724
1.60066
1.66278
1.77301
1.93711
2.06575
2.19458
2.33116
2.40986
2.42673
2.40931
2.38314
2.33001
2.28719
2.24451
2.20471
2.17052
2.14161
2.11727
2.09671
2.0815
2.0691
2.06168
2.05479
2.05167
2.05099
2.05177
2.05505
2.0559
2.05819
2.05717
2.05497
2.05321
2.0492
2.04563
2.03811
2.0334
2.02514
2.02019
2.01181
2.00662
1.99818
1.99287
1.98463
1.97929
1.97107
1.96549
1.9572
1.95135
1.94321
1.93718
1.92924
1.92298
1.91497
1.90854
1.90036
1.89405
1.88578
1.87971
1.8714
1.86537
1.85705
1.85092
1.84259
1.83642
1.82808
1.82209
1.81381
1.80821
1.80011
1.79513
1.78798
1.78587
2.19665
2.15765
2.11867
2.08065
2.04138
2.00235
1.96465
1.92735
1.89158
1.85686
1.82376
1.79195
1.76218
1.73343
1.70721
1.6817
1.65911
1.63702
1.61807
1.59967
1.58451
1.57055
1.5597
1.55342
1.55362
1.5571
1.56559
1.58653
1.63105
1.72181
1.86135
1.98209
2.05516
2.095
2.17762
2.26583
2.33286
2.35873
2.34592
2.3219
2.2889
2.2512
2.21029
2.17309
2.13995
2.11017
2.086
2.06498
2.04867
2.03626
2.02697
2.0198
2.01624
2.01371
2.01378
2.01566
2.01953
2.02175
2.02194
2.02112
2.01912
2.01713
2.01268
2.00885
2.00107
1.99609
1.98782
1.98282
1.97472
1.96972
1.96159
1.95625
1.94787
1.94223
1.93388
1.92827
1.92018
1.91458
1.90656
1.90074
1.89257
1.88657
1.87825
1.87224
1.86389
1.85794
1.84959
1.8437
1.83528
1.82959
1.82117
1.81579
1.80752
1.80232
1.79432
1.78919
1.78155
1.77674
1.76998
1.76784
2.19224
2.15757
2.1191
2.08262
2.04552
2.00766
1.97098
1.93547
1.90097
1.86771
1.83614
1.80516
1.7766
1.74828
1.72263
1.69722
1.67435
1.65215
1.63207
1.61323
1.59628
1.58146
1.56883
1.56302
1.56489
1.56976
1.58377
1.61827
1.68529
1.81407
1.93893
2.0042
2.03048
2.04727
2.07046
2.11789
2.18068
2.24945
2.28316
2.28351
2.27032
2.2499
2.21303
2.18023
2.14363
2.11067
2.08157
2.05663
2.03613
2.01946
2.00531
1.99587
1.98869
1.98253
1.98126
1.98133
1.98169
1.98476
1.9861
1.98927
1.98866
1.98766
1.98531
1.98281
1.97707
1.97291
1.9649
1.9602
1.95227
1.94763
1.93975
1.93482
1.92673
1.92151
1.91327
1.90779
1.89944
1.89377
1.88549
1.87986
1.8717
1.86615
1.85795
1.85239
1.84411
1.83853
1.8303
1.82483
1.81668
1.81131
1.80325
1.79793
1.78995
1.78469
1.77675
1.77153
1.76368
1.75869
1.7517
1.74916
2.17235
2.15053
2.11842
2.08212
2.04837
2.01345
1.9778
1.94312
1.91005
1.87688
1.84688
1.81599
1.78877
1.76056
1.73573
1.71055
1.68787
1.66571
1.64535
1.62628
1.60863
1.59353
1.58153
1.57826
1.58223
1.59203
1.6157
1.67998
1.77954
1.90593
1.98067
2.00582
2.01005
2.0076
2.00962
2.02326
2.0529
2.09885
2.15406
2.20241
2.22747
2.21686
2.20166
2.18343
2.1492
2.11813
2.08528
2.05672
2.03166
2.01074
1.9936
1.97939
1.96881
1.96001
1.9545
1.95054
1.94879
1.94905
1.95052
1.95436
1.95543
1.95678
1.95556
1.95434
1.95189
1.94922
1.94297
1.93829
1.93059
1.9261
1.91887
1.91446
1.90711
1.90223
1.89437
1.88889
1.88081
1.87514
1.86723
1.86163
1.85383
1.84832
1.84053
1.83517
1.8274
1.82221
1.81441
1.80927
1.80145
1.79614
1.78834
1.78273
1.77501
1.76923
1.76172
1.75605
1.74887
1.7437
1.73729
1.73476
2.15672
2.13011
2.11013
2.08038
2.04736
2.01564
1.98369
1.94978
1.91867
1.88596
1.85626
1.82645
1.79836
1.77181
1.74565
1.72207
1.6982
1.67729
1.6559
1.63742
1.61969
1.60468
1.59675
1.59795
1.60474
1.62395
1.66728
1.75893
1.88681
1.9715
1.99885
2.00175
1.99248
1.98291
1.97275
1.97152
1.97528
1.99112
2.02344
2.06762
2.12173
2.15463
2.16989
2.1598
2.14473
2.12239
2.09373
2.06584
2.03665
2.01182
1.98969
1.97135
1.95602
1.94274
1.93396
1.92576
1.92005
1.91845
1.91753
1.91765
1.91956
1.92138
1.92449
1.92415
1.92287
1.92151
1.91854
1.91535
1.90882
1.90424
1.89727
1.89254
1.88563
1.88088
1.87395
1.86895
1.86191
1.85659
1.84941
1.84387
1.83657
1.83103
1.82369
1.81831
1.81095
1.80572
1.79831
1.79306
1.78565
1.78032
1.77305
1.76774
1.76066
1.75536
1.74837
1.74303
1.73608
1.73098
1.72459
1.72192
2.14817
2.12036
2.09301
2.07005
2.044
2.0138
1.98564
1.95488
1.9255
1.89589
1.86614
1.83841
1.81004
1.7842
1.75808
1.73421
1.71061
1.68881
1.66833
1.64865
1.63254
1.61931
1.61777
1.62277
1.63818
1.67095
1.74749
1.87395
1.96831
2.00283
2.00362
1.99159
1.9763
1.9624
1.94646
1.93741
1.93454
1.93568
1.94374
1.964
1.99714
2.03824
2.08334
2.10642
2.11537
2.10554
2.09163
2.06988
2.04387
2.01841
1.99266
1.96952
1.94958
1.9321
1.91784
1.90607
1.89793
1.89165
1.88659
1.88524
1.88532
1.8858
1.88834
1.88926
1.89168
1.89107
1.89033
1.88901
1.88577
1.88201
1.87551
1.87056
1.86392
1.85907
1.85252
1.84753
1.84082
1.83563
1.82883
1.82357
1.81675
1.81147
1.80451
1.79919
1.79214
1.78692
1.77997
1.77492
1.76802
1.76305
1.75602
1.75105
1.74393
1.73901
1.73198
1.72722
1.72035
1.71587
1.70962
1.70734
2.14079
2.11446
2.08713
2.0602
2.03535
2.0089
1.9817
1.95551
1.92687
1.90068
1.87263
1.84639
1.82017
1.79453
1.77035
1.7461
1.7238
1.70153
1.68144
1.66282
1.6472
1.6415
1.64529
1.65805
1.68412
1.74743
1.87024
1.96962
2.01336
2.01513
2.00151
1.98448
1.9672
1.94709
1.93141
1.91934
1.91059
1.90314
1.90088
1.90172
1.91035
1.92941
1.95813
1.99375
2.03117
2.05055
2.05874
2.05087
2.0391
2.02013
1.99596
1.97279
1.95001
1.92818
1.90966
1.89323
1.88016
1.87071
1.86231
1.85761
1.85453
1.85384
1.85417
1.85555
1.85914
1.86073
1.86234
1.86165
1.8606
1.8588
1.85472
1.85048
1.8437
1.83861
1.83175
1.82675
1.82005
1.81511
1.80855
1.80372
1.79719
1.79248
1.78584
1.7811
1.77428
1.76942
1.76252
1.75767
1.75077
1.74605
1.73916
1.73451
1.72755
1.72288
1.71585
1.7112
1.70429
1.69988
1.69369
1.69145
2.12254
2.10394
2.08162
2.05642
2.03204
2.00668
1.98077
1.95434
1.92885
1.90236
1.87733
1.85137
1.82688
1.80258
1.77884
1.75645
1.73417
1.71368
1.69413
1.67758
1.66835
1.67026
1.68013
1.70503
1.75704
1.86803
1.976
2.02883
2.03255
2.01755
1.99938
1.98012
1.95717
1.93703
1.9197
1.90464
1.89165
1.88019
1.87105
1.86417
1.86271
1.86379
1.87216
1.89059
1.91786
1.95003
1.98329
2.00113
2.0095
2.00213
1.99129
1.974
1.95032
1.92896
1.90865
1.88802
1.8705
1.85661
1.84514
1.83749
1.83092
1.82629
1.82553
1.82594
1.82657
1.82872
1.83056
1.83343
1.83316
1.83241
1.83062
1.82834
1.82326
1.81901
1.81244
1.80788
1.80149
1.79702
1.7908
1.78648
1.7802
1.776
1.76968
1.76559
1.75925
1.75502
1.74844
1.74384
1.73702
1.73205
1.72511
1.71995
1.713
1.70787
1.70095
1.69598
1.68921
1.68466
1.67858
1.67634
2.10242
2.08847
2.06707
2.04557
2.02415
2.00163
1.97864
1.954
1.92885
1.9048
1.87971
1.85618
1.83147
1.80859
1.78544
1.76338
1.74242
1.72242
1.70557
1.69361
1.69376
1.70266
1.72448
1.77042
1.87394
1.98694
2.04701
2.05373
2.03772
2.01974
1.99906
1.97361
1.95156
1.93078
1.91246
1.89408
1.87881
1.86438
1.85341
1.84226
1.83354
1.82662
1.82569
1.82685
1.834
1.85014
1.87435
1.9018
1.93052
1.94681
1.95709
1.94993
1.94155
1.92787
1.90796
1.88883
1.86986
1.85089
1.8349
1.82277
1.8127
1.80497
1.79979
1.79595
1.79574
1.79607
1.79691
1.79977
1.80075
1.80263
1.80197
1.8013
1.79961
1.79725
1.79217
1.7883
1.78239
1.7782
1.7725
1.76873
1.76314
1.75934
1.75323
1.7491
1.74256
1.73822
1.73158
1.72702
1.72048
1.71567
1.70925
1.70427
1.69791
1.69291
1.6866
1.68175
1.6755
1.67105
1.66527
1.66298
2.08858
2.0769
2.0606
2.03794
2.01595
1.9944
1.97238
1.95145
1.92855
1.90485
1.88246
1.85871
1.83694
1.81343
1.7923
1.77042
1.75051
1.7321
1.71911
1.71658
1.72473
1.74395
1.78629
1.87824
1.99519
2.06457
2.07558
2.05979
2.04325
2.02101
1.9941
1.96947
1.94716
1.92593
1.90575
1.88686
1.86909
1.85312
1.83841
1.82597
1.8141
1.80316
1.79437
1.78749
1.78513
1.78611
1.79161
1.80528
1.82769
1.85122
1.87708
1.89454
1.90737
1.90106
1.89551
1.886
1.86925
1.84967
1.8307
1.81386
1.79968
1.78791
1.7792
1.77216
1.76828
1.76702
1.76717
1.76754
1.76895
1.77142
1.77332
1.77362
1.77334
1.77256
1.7704
1.76777
1.76238
1.75834
1.75239
1.7484
1.74269
1.73913
1.73359
1.73012
1.72441
1.72061
1.71473
1.7105
1.70454
1.7
1.69405
1.68937
1.6834
1.67866
1.67265
1.66799
1.66196
1.65763
1.65204
1.64967
2.06191
2.05737
2.0479
2.02954
2.00971
1.98902
1.96765
1.94565
1.92521
1.90357
1.88194
1.86078
1.83856
1.81851
1.7965
1.7779
1.759
1.74494
1.74079
1.74836
1.76592
1.80458
1.88487
2.01008
2.08822
2.10194
2.0873
2.06881
2.04495
2.01614
1.98978
1.96601
1.94336
1.92206
1.90121
1.88184
1.86287
1.84578
1.82896
1.81392
1.79925
1.78662
1.77391
1.76254
1.75354
1.74736
1.74449
1.74529
1.74883
1.75961
1.77882
1.79964
1.82342
1.84304
1.85563
1.85453
1.8503
1.84319
1.8292
1.8095
1.79252
1.77747
1.76473
1.75361
1.74594
1.74063
1.73715
1.7369
1.73716
1.73804
1.73994
1.74112
1.74344
1.74327
1.74292
1.74206
1.73969
1.73711
1.73223
1.72874
1.72332
1.71988
1.71449
1.71126
1.70593
1.70247
1.697
1.69314
1.68761
1.68344
1.678
1.67363
1.66829
1.66383
1.65843
1.65403
1.64854
1.64441
1.63925
1.63702
2.03467
2.03516
2.02618
2.01644
1.99936
1.98241
1.96377
1.94332
1.9227
1.90214
1.88103
1.86037
1.84037
1.81981
1.80126
1.78232
1.76885
1.76336
1.77049
1.78675
1.82223
1.89837
2.02271
2.10847
2.12606
2.11208
2.09305
2.06861
2.03797
2.01049
1.98569
1.96268
1.94033
1.9186
1.89735
1.87712
1.85789
1.83947
1.82147
1.80399
1.78728
1.77181
1.75797
1.74524
1.73345
1.72274
1.71332
1.70622
1.70167
1.70206
1.70398
1.71249
1.72873
1.7482
1.77038
1.79109
1.80308
1.81009
1.80541
1.79979
1.7884
1.77349
1.7582
1.74244
1.72884
1.71874
1.71117
1.70688
1.70473
1.70506
1.70583
1.70792
1.71093
1.71203
1.71418
1.7141
1.71374
1.71273
1.70981
1.70725
1.70239
1.69924
1.69423
1.69107
1.68623
1.68296
1.67807
1.67448
1.66956
1.66572
1.6608
1.65682
1.65181
1.64786
1.64272
1.63888
1.63363
1.63007
1.62508
1.62339
2.01654
2.01749
2.01348
1.99947
1.98357
1.96594
1.95136
1.93662
1.91891
1.90013
1.88071
1.86045
1.84121
1.82287
1.80466
1.7908
1.78433
1.79152
1.80763
1.84137
1.916
2.03355
2.12639
2.1485
2.13648
2.11799
2.09245
2.06042
2.03187
2.00665
1.98299
1.96003
1.9371
1.91477
1.89326
1.87277
1.85286
1.83328
1.8142
1.7954
1.77775
1.76066
1.74525
1.73053
1.7174
1.70387
1.69136
1.67994
1.67036
1.66323
1.65817
1.65835
1.65972
1.66612
1.6791
1.69743
1.7187
1.73975
1.75451
1.76609
1.76281
1.7584
1.75198
1.73948
1.7238
1.7097
1.69779
1.6891
1.6822
1.67868
1.67775
1.67802
1.67939
1.68141
1.68456
1.68566
1.68754
1.68746
1.68697
1.68576
1.68254
1.67993
1.67523
1.67215
1.66745
1.6643
1.65961
1.65622
1.65152
1.64799
1.64329
1.63978
1.635
1.63158
1.62673
1.62346
1.61854
1.61555
1.61081
1.60959
1.95121
1.99989
1.99979
1.9934
1.97829
1.95878
1.93926
1.92377
1.90872
1.89298
1.87729
1.85976
1.84122
1.82526
1.81096
1.80439
1.81098
1.82703
1.86013
1.93565
2.0467
2.14722
2.1722
2.16185
2.14327
2.11624
2.08298
2.05357
2.02743
2.0032
1.97946
1.9559
1.93276
1.91035
1.88876
1.86763
1.84708
1.82669
1.80686
1.7874
1.76885
1.75092
1.73401
1.71762
1.70222
1.6876
1.67394
1.66094
1.64872
1.638
1.62884
1.62237
1.61724
1.61764
1.61925
1.62356
1.63398
1.65173
1.67263
1.69327
1.71161
1.72349
1.72806
1.72414
1.71856
1.70694
1.69364
1.68239
1.67183
1.66393
1.65813
1.65529
1.65503
1.65547
1.65697
1.65907
1.66145
1.66287
1.66364
1.66363
1.66292
1.66133
1.65768
1.6549
1.65025
1.64707
1.64239
1.63901
1.63432
1.63093
1.62622
1.62299
1.61823
1.61518
1.61039
1.60764
1.60282
1.60049
1.5959
1.59522
1.80881
1.96037
1.97835
1.97825
1.96982
1.95577
1.93616
1.91635
1.90085
1.8847
1.86946
1.85555
1.84078
1.82758
1.8231
1.82989
1.84652
1.87983
1.95507
2.06582
2.17183
2.19753
2.18668
2.16783
2.13907
2.10417
2.07371
2.04703
2.02252
1.99854
1.9746
1.95082
1.9275
1.90485
1.88279
1.86111
1.83971
1.81861
1.79798
1.7781
1.75903
1.7408
1.72319
1.70633
1.69002
1.67474
1.66022
1.64697
1.63408
1.62206
1.61084
1.60103
1.59251
1.58617
1.58127
1.58186
1.58353
1.58684
1.59622
1.61282
1.6329
1.65327
1.67461
1.68959
1.69836
1.69543
1.68988
1.68004
1.6696
1.65934
1.65008
1.64304
1.63805
1.63574
1.63554
1.63614
1.6375
1.63937
1.64096
1.64221
1.64259
1.64222
1.64087
1.63898
1.63495
1.63199
1.62726
1.62403
1.61915
1.6159
1.61099
1.60792
1.60312
1.60029
1.59544
1.59285
1.58802
1.58581
1.58134
1.58082
1.59856
1.87279
1.95391
1.96028
1.95878
1.94715
1.93242
1.91223
1.8932
1.87789
1.86177
1.8491
1.83811
1.83566
1.8435
1.86192
1.8966
1.97414
2.08601
2.19204
2.21756
2.20628
2.18846
2.15921
2.12369
2.09261
2.06569
2.04097
2.01675
1.99232
1.96781
1.9436
1.92005
1.89713
1.87463
1.85255
1.83083
1.80979
1.78947
1.77006
1.75129
1.73326
1.71567
1.69881
1.68236
1.66675
1.65167
1.63763
1.62427
1.61206
1.60009
1.58893
1.57854
1.56952
1.56194
1.55583
1.55168
1.55183
1.55302
1.55554
1.56327
1.57827
1.59627
1.61723
1.64073
1.6581
1.67012
1.66745
1.66259
1.65656
1.64659
1.63696
1.62912
1.62356
1.61977
1.61782
1.6178
1.61855
1.61989
1.62165
1.62264
1.6237
1.62359
1.62292
1.62081
1.61864
1.61413
1.61107
1.60604
1.60291
1.59789
1.59484
1.58982
1.58701
1.582
1.57938
1.57447
1.57215
1.56775
1.56699
1.40758
1.68286
1.89039
1.93525
1.94159
1.9386
1.92734
1.91064
1.89104
1.87399
1.85935
1.847
1.84484
1.85369
1.87337
1.91006
1.98986
2.10587
2.21022
2.23499
2.22213
2.20599
2.17593
2.14075
2.1093
2.0822
2.05724
2.03291
2.00825
1.98345
1.95872
1.93465
1.91108
1.88827
1.86592
1.84431
1.82321
1.80286
1.7831
1.76401
1.74545
1.72751
1.71012
1.69329
1.67699
1.6613
1.64623
1.6318
1.61817
1.60518
1.5931
1.58144
1.57027
1.5597
1.54991
1.54109
1.53348
1.52701
1.52311
1.52177
1.5225
1.52457
1.53079
1.544
1.5603
1.58228
1.60724
1.62718
1.64057
1.64035
1.63735
1.63215
1.62256
1.6153
1.60945
1.60486
1.60178
1.60059
1.60079
1.60198
1.60299
1.60437
1.60518
1.60583
1.60536
1.60418
1.60111
1.5987
1.59394
1.59099
1.58598
1.58297
1.57781
1.57488
1.5698
1.56705
1.56219
1.55965
1.55537
1.55427
1.19173
1.48671
1.75977
1.89726
1.91645
1.91977
1.91531
1.90621
1.89
1.87433
1.86147
1.85618
1.86565
1.88531
1.92455
2.00732
2.12762
2.22865
2.2509
2.23717
2.21988
2.19062
2.15616
2.12534
2.09771
2.07247
2.04782
2.02317
1.99855
1.97406
1.95006
1.92663
1.90386
1.88173
1.86005
1.8389
1.81821
1.79816
1.77868
1.75984
1.74162
1.7239
1.70671
1.68998
1.67375
1.65798
1.64276
1.62795
1.61375
1.59997
1.58689
1.57437
1.56258
1.55106
1.5401
1.52966
1.52011
1.51137
1.50382
1.49723
1.49331
1.49081
1.49144
1.49349
1.49849
1.51002
1.52553
1.54842
1.57387
1.5977
1.61139
1.6148
1.61188
1.60763
1.60011
1.59528
1.5905
1.58671
1.58452
1.584
1.58429
1.58535
1.58628
1.58738
1.5878
1.58777
1.58668
1.58504
1.5814
1.57899
1.5745
1.57164
1.56681
1.56379
1.55906
1.55618
1.55179
1.54925
1.5455
1.54425
1.09886
1.26553
1.55574
1.81034
1.89162
1.90188
1.90145
1.89434
1.88509
1.87325
1.86918
1.88012
1.90219
1.94462
2.03055
2.15482
2.24918
2.26776
2.25384
2.23358
2.20257
2.17077
2.14122
2.1149
2.08998
2.06609
2.04205
2.01793
1.9937
1.96959
1.94598
1.92277
1.90016
1.87795
1.85629
1.83516
1.81463
1.79469
1.77537
1.75662
1.73842
1.72071
1.70348
1.68667
1.67025
1.65421
1.63855
1.62324
1.60843
1.59403
1.58021
1.56701
1.55441
1.54254
1.53112
1.52007
1.50957
1.49959
1.49033
1.48183
1.47433
1.46793
1.46393
1.46083
1.46161
1.46363
1.4678
1.47741
1.49298
1.51694
1.54166
1.56861
1.58386
1.58911
1.5868
1.58408
1.58066
1.57629
1.57188
1.56938
1.56795
1.56757
1.56791
1.5688
1.56965
1.57014
1.57051
1.57001
1.56824
1.56662
1.56322
1.56065
1.55656
1.55375
1.54948
1.54701
1.5429
1.54113
1.53838
1.53785
1.0572
1.1246
1.36511
1.62582
1.82476
1.87754
1.88839
1.88828
1.88408
1.88056
1.89126
1.91672
1.96609
2.06097
2.18558
2.27373
2.28502
2.27136
2.24804
2.2161
2.18527
2.15832
2.13267
2.1086
2.08456
2.06109
2.03713
2.01316
1.98901
1.96507
1.94151
1.91832
1.89569
1.8735
1.85187
1.83073
1.81013
1.79016
1.77073
1.752
1.73374
1.71612
1.69883
1.68203
1.66548
1.64929
1.63336
1.61778
1.60261
1.58789
1.57372
1.56013
1.54712
1.53475
1.52293
1.51162
1.5006
1.49004
1.4799
1.47045
1.46153
1.45344
1.44616
1.44002
1.43595
1.4324
1.43335
1.43519
1.43874
1.44769
1.46341
1.48809
1.5143
1.54142
1.5588
1.56587
1.56558
1.56448
1.56224
1.55829
1.55554
1.55393
1.55275
1.55241
1.55278
1.5535
1.55397
1.55462
1.55422
1.55337
1.5514
1.54962
1.54643
1.54446
1.54072
1.53891
1.5361
1.53514
1.53426
1.53434
1.02816
1.06653
1.16176
1.4198
1.67734
1.83115
1.86123
1.87322
1.88042
1.89457
1.92564
1.98942
2.09651
2.21898
2.30003
2.30452
2.29183
2.2658
2.22969
2.19967
2.17398
2.15112
2.12788
2.10487
2.08078
2.05676
2.03181
2.00714
1.98229
1.95818
1.93447
1.91153
1.88899
1.86699
1.84531
1.82415
1.80346
1.78347
1.76406
1.74541
1.72727
1.70972
1.69257
1.67578
1.65935
1.64313
1.62733
1.61181
1.59676
1.58216
1.56799
1.55436
1.54111
1.52841
1.51613
1.50441
1.49315
1.48228
1.47181
1.4619
1.45241
1.44348
1.43505
1.42733
1.42017
1.41425
1.40998
1.4064
1.40745
1.40902
1.41269
1.42165
1.43739
1.4618
1.49022
1.51761
1.5371
1.54459
1.54777
1.54658
1.54517
1.54371
1.54195
1.54024
1.5394
1.53918
1.53945
1.5399
1.54058
1.54052
1.53994
1.53916
1.53747
1.53601
1.53454
1.53336
1.53307
1.53327
1.53438
1.535
1.01595
1.03742
1.08304
1.22094
1.51817
1.74296
1.84161
1.86437
1.88656
1.92805
2.00678
2.13594
2.2519
2.31581
2.31499
2.30212
2.27668
2.24182
2.21098
2.18592
2.16335
2.14204
2.11957
2.09652
2.07212
2.04776
2.02305
1.99904
1.97513
1.95173
1.92838
1.90516
1.8821
1.85929
1.837
1.81535
1.79451
1.77459
1.75554
1.73726
1.71966
1.70254
1.68581
1.66938
1.65322
1.63732
1.62174
1.60646
1.59155
1.577
1.56282
1.54912
1.53582
1.52306
1.51076
1.49904
1.4878
1.47709
1.46667
1.45671
1.44705
1.43775
1.42885
1.42028
1.41219
1.40479
1.39794
1.39208
1.38822
1.38491
1.38598
1.38785
1.3916
1.40058
1.41763
1.44277
1.46952
1.49816
1.52021
1.52777
1.53175
1.53238
1.53231
1.53173
1.52971
1.5283
1.52764
1.52728
1.52744
1.52781
1.52834
1.52855
1.52869
1.52914
1.52987
1.53134
1.53269
1.53544
1.539
1.54202
1.00934
1.01845
1.04944
1.10408
1.30213
1.55053
1.77575
1.8601
1.91318
2.02073
2.17384
2.30126
2.34276
2.33438
2.31758
2.28532
2.24884
2.22057
2.19633
2.17476
2.15308
2.13148
2.10837
2.08494
2.06043
2.03619
2.01143
1.98725
1.9629
1.93915
1.91553
1.89258
1.87009
1.84829
1.82712
1.80672
1.78709
1.76818
1.74995
1.73233
1.7152
1.6985
1.68209
1.66599
1.65016
1.63459
1.61935
1.60438
1.58977
1.57551
1.56162
1.54817
1.53512
1.52258
1.51049
1.49887
1.48771
1.47702
1.46665
1.45662
1.44685
1.43733
1.42816
1.41915
1.41056
1.40234
1.39445
1.38734
1.38081
1.37488
1.37137
1.36826
1.36935
1.3712
1.37549
1.38494
1.40225
1.42887
1.45625
1.4853
1.50637
1.51602
1.52055
1.52264
1.52167
1.52088
1.52017
1.51885
1.51785
1.51798
1.51865
1.5197
1.52188
1.52502
1.52832
1.53278
1.53752
1.54611
1.55697
1.56562
1.00419
1.01119
1.02353
1.05881
1.13304
1.36248
1.63413
1.84286
1.98578
2.20807
2.35307
2.38431
2.36305
2.34272
2.30402
2.27126
2.24262
2.21807
2.1951
2.17303
2.15038
2.12793
2.10443
2.08103
2.05671
2.03268
2.00786
1.98339
1.95869
1.93488
1.9115
1.88914
1.86734
1.84635
1.826
1.80641
1.78755
1.76946
1.75203
1.73516
1.71865
1.70243
1.68635
1.67045
1.65465
1.63908
1.6237
1.60866
1.59394
1.57966
1.5658
1.55245
1.53958
1.52722
1.51537
1.50389
1.49291
1.48215
1.47178
1.4615
1.45152
1.44158
1.43199
1.42244
1.41329
1.4044
1.39582
1.38786
1.3802
1.37337
1.36743
1.36188
1.35894
1.35707
1.35792
1.3602
1.36508
1.37617
1.39444
1.42044
1.44914
1.47812
1.49803
1.5094
1.51388
1.51608
1.51597
1.51557
1.51491
1.51527
1.51649
1.51897
1.52296
1.5282
1.53482
1.54596
1.5575
1.57636
1.59948
1.61597
1.00241
1.00692
1.01331
1.03652
1.07488
1.20884
1.41546
1.84764
2.18301
2.45166
2.47905
2.44312
2.3963
2.34776
2.31067
2.28139
2.25378
2.22827
2.20256
2.17787
2.15353
2.13106
2.10882
2.08684
2.06297
2.03837
2.01227
1.9869
1.96167
1.93808
1.91513
1.89358
1.87266
1.85291
1.83397
1.81611
1.79901
1.78259
1.76649
1.7505
1.73439
1.71813
1.70169
1.68522
1.66878
1.65258
1.63668
1.62122
1.60626
1.59185
1.57807
1.56482
1.55222
1.54005
1.52841
1.51704
1.50599
1.49509
1.48432
1.47365
1.4631
1.45264
1.44242
1.43237
1.42266
1.41327
1.40424
1.3957
1.38754
1.37996
1.37295
1.36644
1.3612
1.3561
1.3533
1.35289
1.3537
1.35592
1.36103
1.37434
1.39318
1.41805
1.44737
1.47663
1.49685
1.50797
1.5139
1.51643
1.51754
1.52014
1.52273
1.52809
1.53506
1.54809
1.56001
1.58451
1.60363
1.63957
1.67266
1.69564
1.00173
1.0051
1.00997
1.02721
1.06202
1.15278
1.39527
2.02137
2.44193
2.68223
2.62844
2.56462
2.50048
2.4531
2.4173
2.38599
2.35477
2.32391
2.29258
2.26257
2.23332
2.20528
2.17643
2.14789
2.11852
2.08988
2.06126
2.0344
2.0081
1.98371
1.9598
1.93751
1.91567
1.89518
1.87513
1.85606
1.83727
1.81897
1.80079
1.78277
1.76485
1.74702
1.72943
1.71203
1.69502
1.67837
1.66223
1.64663
1.63162
1.61726
1.60351
1.59037
1.57773
1.56556
1.55366
1.54202
1.53046
1.519
1.50759
1.4962
1.48504
1.47386
1.46309
1.45246
1.44225
1.43241
1.42292
1.41393
1.40532
1.39713
1.38948
1.38216
1.37553
1.36915
1.36407
1.35927
1.35587
1.35585
1.35644
1.35806
1.36334
1.37542
1.39789
1.42332
1.45265
1.48232
1.50474
1.51919
1.52919
1.53992
1.54705
1.56167
1.57407
1.5997
1.62287
1.65553
1.69177
1.72261
1.75143
1.76255
1.00158
1.00367
1.00866
1.02427
1.05228
1.16586
1.37609
2.0415
2.69456
2.79417
2.76555
2.71234
2.66564
2.63051
2.60066
2.57124
2.53622
2.49702
2.45391
2.41088
2.3684
2.32858
2.2903
2.25416
2.21889
2.18601
2.15439
2.12545
2.09755
2.07203
2.04704
2.02396
2.00097
1.97934
1.95753
1.93659
1.91541
1.89478
1.87412
1.85387
1.83382
1.81409
1.7947
1.77554
1.75677
1.73823
1.7201
1.70234
1.68503
1.66828
1.65199
1.63639
1.62127
1.60683
1.59291
1.57959
1.56679
1.5545
1.54269
1.53125
1.52024
1.50942
1.49897
1.48862
1.47852
1.46851
1.45869
1.44904
1.43952
1.4303
1.42118
1.41246
1.40391
1.3956
1.38809
1.38038
1.37389
1.36864
1.36438
1.36282
1.36327
1.36503
1.37152
1.38781
1.4065
1.43985
1.47137
1.51126
1.53995
1.57169
1.59686
1.62598
1.65569
1.68676
1.72107
1.74654
1.76772
1.77868
1.78396
1.78356
1.00143
1.00425
1.00889
1.02306
1.0617
1.13918
1.42704
2.15737
2.73287
2.79275
2.77915
2.75909
2.74368
2.7252
2.69736
2.66136
2.61733
2.57124
2.52517
2.48314
2.44388
2.40895
2.37621
2.34663
2.31848
2.29268
2.2674
2.24373
2.21983
2.19705
2.17349
2.15061
2.12657
2.1028
2.07775
2.05275
2.02669
2.00074
1.97429
1.94824
1.92236
1.89725
1.87287
1.84952
1.82719
1.80598
1.78582
1.76669
1.74846
1.73109
1.71439
1.69835
1.68285
1.6678
1.65325
1.63901
1.62527
1.61179
1.59876
1.58601
1.57367
1.5616
1.54988
1.53844
1.52724
1.51639
1.50565
1.49531
1.48508
1.47524
1.46562
1.45637
1.4475
1.43897
1.43104
1.4235
1.41678
1.41036
1.40613
1.40229
1.40181
1.40261
1.40428
1.41069
1.42487
1.4474
1.48366
1.53229
1.58155
1.64179
1.69953
1.74665
1.78514
1.81387
1.82854
1.83051
1.82932
1.8272
1.82175
1.81966
)
;

boundaryField
{
    inlet
    {
        type            fixedValue;
        value           uniform 1;
    }
    outlet
    {
        type            zeroGradient;
    }
    bottom
    {
        type            symmetryPlane;
    }
    top
    {
        type            symmetryPlane;
    }
    obstacle
    {
        type            zeroGradient;
    }
    defaultFaces
    {
        type            empty;
    }
}


// ************************************************************************* //
