/*--------------------------------*- C++ -*----------------------------------*\
| =========                 |                                                 |
| \\      /  F ield         | OpenFOAM: The Open Source CFD Toolbox           |
|  \\    /   O peration     | Version:  2412                                  |
|   \\  /    A nd           | Website:  www.openfoam.com                      |
|    \\/     M anipulation  |                                                 |
\*---------------------------------------------------------------------------*/
FoamFile
{
    version     2.0;
    format      ascii;
    arch        "LSB;label=32;scalar=64";
    class       volScalarField;
    location    "0.0999";
    object      T;
}
// * * * * * * * * * * * * * * * * * * * * * * * * * * * * * * * * * * * * * //

dimensions      [0 0 0 1 0 0 0];

internalField   nonuniform List<scalar> 
15000
(
300
300
300
300
300
300
300
300
300
300
300
300
300
300
300
300
300
300
300
300
300
300
300
300
300
300
300
300
300
300
300
300.001
300.002
300.003
300.005
300.009
300.017
300.031
300.055
300.101
300.183
300.334
300.607
301.117
302.034
303.823
306.827
312.935
321.896
345.419
300
300
300
300
300
300
300
300
300
300
300
300
300
300
300
300
300
300
300
300
300
300
300
300
300
300
300
300
300
300
300
300.001
300.001
300.002
300.004
300.008
300.014
300.025
300.044
300.078
300.139
300.247
300.437
300.771
301.356
302.391
304.148
307.165
311.918
319.811
300
300
300
300
300
300
300
300
300
300
300
300
300
300
300
300
300
300
300
300
300
300
300
300
300
300
300
300
300
300
300
300.001
300.001
300.002
300.003
300.006
300.01
300.018
300.032
300.055
300.096
300.167
300.289
300.497
300.851
301.447
302.442
304.079
306.661
310.554
300
300
300
300
300
300
300
300
300
300
300
300
300
300
300
300
300
300
300
300
300
300
300
300
300
300
300
300
300
300
300
300
300.001
300.001
300.002
300.004
300.007
300.012
300.021
300.036
300.062
300.105
300.177
300.299
300.499
300.828
301.362
302.214
303.552
305.548
300
300
300
300
300
300
300
300
300
300
300
300
300
300
300
300
300
300
300
300
300
300
300
300
300
300
300
300
300
300
300
300
300.001
300.001
300.002
300.003
300.005
300.008
300.013
300.023
300.038
300.063
300.105
300.174
300.286
300.466
300.752
301.2
301.895
302.922
300
300
300
300
300
300
300
300
300
300
300
300
300
300
300
300
300
300
300
300
300
300
300
300
300
300
300
300
300
300
300
300
300
300.001
300.001
300.002
300.003
300.005
300.008
300.014
300.023
300.037
300.061
300.1
300.161
300.258
300.411
300.647
301.01
301.542
300
300
300
300
300
300
300
300
300
300
300
300
300
300
300
300
300
300
300
300
300
300
300
300
300
300
300
300
300
300
300
300
300
300
300.001
300.001
300.002
300.003
300.005
300.008
300.013
300.022
300.035
300.056
300.09
300.142
300.224
300.349
300.54
300.817
300
300
300
300
300
300
300
300
300
300
300
300
300
300
300
300
300
300
300
300
300
300
300
300
300
300
300
300
300
300
300
300
300
300
300
300.001
300.001
300.002
300.003
300.005
300.008
300.012
300.02
300.032
300.05
300.078
300.122
300.188
300.289
300.435
300
300
300
300
300
300
300
300
300
300
300
300
300
300
300
300
300
300
300
300
300
300
300
300
300
300
300
300
300
300
300
300
300
300
300
300
300.001
300.001
300.002
300.003
300.004
300.007
300.011
300.018
300.028
300.043
300.066
300.102
300.155
300.232
300
300
300
300
300
300
300
300
300
300
300
300
300
300
300
300
300
300
300
300
300
300
300
300
300
300
300
300
300
300
300
300
300
300
300
300
300
300.001
300.001
300.002
300.002
300.004
300.006
300.01
300.015
300.024
300.036
300.055
300.083
300.124
300
300
300
300
300
300
300
300
300
300
300
300
300
300
300
300
300
300
300
300
300
300
300
300
300
300
300
300
300
300
300
300
300
300
300
300
300
300
300.001
300.001
300.001
300.002
300.003
300.005
300.008
300.013
300.02
300.03
300.045
300.067
300
300
300
300
300
300
300
300
300
300
300
300
300
300
300
300
300
300
300
300
300
300
300
300
300
300
300
300
300
300
300
300
300
300
300
300
300
300
300
300.001
300.001
300.001
300.002
300.003
300.005
300.007
300.011
300.016
300.024
300.036
300
300
300
300
300
300
300
300
300
300
300
300
300
300
300
300
300
300
300
300
300
300
300
300
300
300
300
300
300
300
300
300
300
300
300
300
300
300
300
300
300
300.001
300.001
300.002
300.003
300.004
300.006
300.009
300.013
300.019
300
300
300
300
300
300
300
300
300
300
300
300
300
300
300
300
300
300
300
300
300
300
300
300
300
300
300
300
300
300
300
300
300
300
300
300
300
300
300
300
300
300
300.001
300.001
300.001
300.002
300.003
300.005
300.007
300.01
300
300
300
300
300
300
300
300
300
300
300
300
300
300
300
300
300
300
300
300
300
300
300
300
300
300
300
300
300
300
300
300
300
300
300
300
300
300
300
300
300
300
300
300.001
300.001
300.001
300.002
300.003
300.004
300.006
300
300
300
300
300
300
300
300
300
300
300
300
300
300
300
300
300
300
300
300
300
300
300
300
300
300
300
300
300
300
300
300
300
300
300
300
300
300
300
300
300
300
300
300
300
300.001
300.001
300.001
300.002
300.003
300
300
300
300
300
300
300
300
300
300
300
300
300
300
300
300
300
300
300
300
300
300
300
300
300
300
300
300
300
300
300
300
300
300
300
300
300
300
300
300
300
300
300
300
300
300
300.001
300.001
300.001
300.002
300
300
300
300
300
300
300
300
300
300
300
300
300
300
300
300
300
300
300
300
300
300
300
300
300
300
300
300
300
300
300
300
300
300
300
300
300
300
300
300
300
300
300
300
300
300
300
300
300.001
300.001
300
300
300
300
300
300
300
300
300
300
300
300
300
300
300
300
300
300
300
300
300
300
300
300
300
300
300
300
300
300
300
300
300
300
300
300
300
300
300
300
300
300
300
300
300
300
300
300
300
300
300
300
300
300
300
300
300
300
300
300
300
300
300
300
300
300
300
300
300
300
300
300
300
300
300
300
300
300
300
300
300
300
300
300
300
300
300
300
300
300
300
300
300
300
300
300
300
300
300
300
300
300
300
300
300
300
300
300
300
300
300
300
300
300
300
300
300
300
300
300
300
300
300
300
300
300
300
300
300
300
300
300
300
300
300
300
300
300
300
300
300
300
300
300
300
300
300
300
300
300
300
300
300
300
300
300
300
300
300
300
300
300
300
300
300
300
300
300
300
300
300
300
300
300
300
300
300
300
300
300
300
300
300
300
300
300
300
300
300
300
300
300
300
300
300
300
300
300
300
300
300
300
300
300
300
300
300
300
300
300
300
300
300
300
300
300
300
300
300
300
300
300
300
300
300
300
300
300
300
300
300
300
300
300
300
300
300
300
300
300
300
300
300
300
300
300
300
300
300
300
300
300
300
300
300
300
300
300
300
300
300
300
300
300
300
300
300
300
300
300
300
300
300
300
300
300
300
300
300
300
300
300
300
300
300
300
300
300
300
300
300
300
300
300
300
300
300
300
300
300
300
300
300
300
300
300
300
300
300
300
300
300
300
300
300
300
300
300
300
300
300
300
300
300
300
300
300
300
300
300
300
300
300
300
300
300
300
300
300
300
300
300
300
300
300
300
300
300
300
300
300
300
300
300
300
300
300
300
300
300
300
300
300
300
300
300
300
300
300
300
300
300
300
300
300
300
300
300
300
300
300
300
300
300
300
300
300
300
300
300
300
300
300
300
300
300
300
300
300
300
300
300
300
300
300
300
300
300
300
300
300
300
300
300
300
300
300
300
300
300
300
300
300
300
300
300
300
300
300
300
300
300
300
300
300
300
300
300
300
300
300
300
300
300
300
300
300
300
300
300
300
300
300
300
300
300
300
300
300
300
300
300
300
300
300
300
300
300
300
300
300
300
300
300
300
300
300
300
300
300
300
300
300
300
300
300
300
300
300
300
300
300
300
300
300
300
300
300
300
300
300
300
300
300
300
300
300
300
300
300
300
300
300
300
300
300
300
300
300
300
300
300
300
300
300
300
300
300
300
300
300
300
300
300
300
300
300
300
300
300
300
300
300
300
300
300
300
300
300
300
300
300
300
300
300
300
300
300
300
300
300
300
300
300
300
300
300
300
300
300
300
300
300
300
300
300
300
300
300
300
300
300
300
300
300
300
300
300
300
300
300
300
300
300
300
300
300
300
300
300
300
300
300
300
300
300
300
300
300
300
300
300
300
300
300
300
300
300
300
300
300
300
300
300
300
300
300
300
300
300
300
300
300
300
300
300
300
300
300
300
300
300
300
300
300
300
300
300
300
300
300
300
300
300
300
300
300
300
300
300
300
300
300
300
300
300
300
300
300
300
300
300
300
300
300
300
300
300
300
300
300
300
300
300
300
300
300
300
300
300
300
300
300
300
300
300
300
300
300
300
300
300
300
300
300
300
300
300
300
300
300
300
300
300
300
300
300
300
300
300
300
300
300
300
300
300
300
300
300
300
300
300
300
300
300
300
300
300
300
300
300
300
300
300
300
300
300
300
300
300
300
300
300
300
300
300
300
300
300
300
300
300
300
300
300
300
300
300
300
300
300
300
300
300
300
300
300
300
300
300
300
300
300
300
300
300
300
300
300
300
300
300
300
300
300
300
300
300
300
300
300
300
300
300
300
300
300
300
300
300
300
300
300
300
300
300
300
300
300
300
300
300
300
300
300
300
300
300
300
300
300
300
300
300
300
300
300
300
300
300
300
300
300
300
300
300
300
300
300
300
300
300
300
300
300
300
300
300
300
300
300
300
300
300
300
300
300
300
300
300
300
300
300
300
300
300
300
300
300
300
300
300
300
300
300
300
300
300
300
300
300
300
300
300
300
300
300
300
300
300
300
300
300
300
300
300
300
300
300
300
300
300
300
300
300
300
300
300
300
300
300
300
300
300
300
300
300
300
300
300
300
300
300
300
300
300
300
300
300
300
300
300
300
300
300
300
300
300
300
300
300
300
300
300
300
300
300
300
300
300
300
300
300
300
300
300
300
300
300
300
300
300
300
300
300
300
300
300
300
300
300
300
300
300
300
300
300
300
300
300
300
300
300
300
300
300
300
300
300
300
300
300
300
300
300
300
300
300
300
300
300
300
300
300
300
300
300
300
300
300
300
300
300
300
300
300
300
300
300
300
300
300
300
300
300
300
300
300
300
300
300
300
300
300
300
300
300
300
300
300
300
300
300
300
300
300
300
300
300
300
300
300
300
300
300
300
300
300
300
300
300
300
300
300
300
300
300
300
300
300
300
300
300
300
300
300
300
300
300
300
300
300
300
300
300
300
300
300
300
300
300
300
300
300
300
300
300
300
300
300
300
300
300
300
300
300
300
300
300
300
300
300
300
300
300
300
300
300
300
300
300
300
300
300
300
300
300
300
300
300
300
300
300
300
300
300
300
300
300
300
300
300
300
300
300
300
300
300
300
300
300
300
300
300
300
300
300
300
300
300
300
300
300
300
300
300
300
300
300
300
300
300
300
300
300
300
300
300
300
300
300
300
300
300
300
300
300
300
300
300
300
300
300
300
300
300
300
300
300
300
300
300
300
300
300
300
300
300
300
300
300
300
300
300
300
300
300
300
300
300
300
300
300
300
300
300
300
300
300
300
300
300
300
300
300
300
300
300
300
300
300
300
300
300
300
300
300
300
300
300
300
300
300
300
300
300
300
300
300
300
300
300
300
300
300
300
300
300
300
300
300
300
300
300
300
300
300
300
300
300
300
300
300
300
300
300
300
300
300
300
300
300
300
300
300
300
300
300
300
300
300
300
300
300
300
300
300
300
300
300
300
300
300
300
300
300
300
300
300
300
300
300
300
300
300
300
300
300
300
300
300
300
300
300
300
300
300
300
300
300
300
300
300
300
300
300
300
300
300
300
300
300
300
300
300
300
300
300
300
300
300
300
300
300
300
300
300
300
300
300
300
300
300
300
300
300
300
300
300
300
300
300
300
300
300
300
300
300
300
300
300
300
300
300
300
300
300
300
300
300
300
300
300
300
300
300
300
300
300
300
300
300
300
300
300
300
300
300
300
300
300
300
300
300
300
300
300
300
300
300
300
300
300
300
300
300
300
300
300
300
300
300
300
300
300
300
300
300
300
300
300
300
300
300
300
300
300
300
300
300
300
300
300
300
300
300
300
300
300
300
300
300
300
300
300
300
300
300
300
300
300
300
300
300
300
300
300
300
300
300
300
300
300
300
300
300
300
300
300
300
300
300
300
300
300
300
300
300
300
300
300
300
300
300
300
300
300
300
300
300
300
300
300
300
300
300
300
300
300
300
300
300
300
300
300
300
300
300
300
300
300
300
300
300
300
300
300
300
300
300
300
300
300
300
300
300
300
300
300
300
300
300
300
300
300
300
300
300
300
300
300
300
300
300
300
300
300
300
300
300
300
300
300
300
300
300
300
300
300
300
300
300
300
300
300
300
300
300
300
300
300
300
300
300
300
300
300
300
300
300
300
300
300
300
300
300
300
300
300
300
300
300
300
300
300
300
300
300
300
300
300
300
300
300
300
300
300
300
300
300
300
300
300
300
300
300
300
300
300
300
300
300
300
300
300
300
300
300
300
300
300
300
300
300
300
300
300
300
300
300
300
300
300
300
300
300
300
300
300
300
300
300
300
300
300
300
300
300
300
300
300
300
300
300
300
300
300
300
300
300
300
300
300
300
300
300
300
300
300
300
300
300
300
300
300
300
300
300
300
300
300
300
300
300
300
300
300
300
300
300
300
300
300
300
300
300
300
300
300
300
300
300
300
300
300
300
300
300
300
300
300
300
300
300
300
300
300
300
300
300
300
300
300
300
300
300
300
300
300
300
300
300
300
300
300
300
300
300
300
300
300
300
300
300
300
300
300
300
300
300
300
300
300
300
300
300
300
300
300
300
300
300
300
300
300
300
300
300
300
300
300
300
300
300
300
300
300
300
300
300
300
300
300
300
300
300
300
300
300
300
300
300
300
300
300
300
300
300
300
300
300
300
300
300
300
300
300
300
300
300
300
300
300
300
300
300
300
300
300
300
300
300
300
300
300
300
300
300
300
300
300
300
300
300
300
300
300
300
300
300
300
300
300
300
300
300
300
300
300
300
300
300
300
300
300
300
300
300
300
300
300
300
300
300
300
300
300
300
300
300
300
300
300
300
300
300
300
300
300
300
300
300
300
300
300
300
300
300
300
300
300
300
300
300
300
300
300
300
300
300
300
300
300
300
300
300
300
300
300
300
300
300
300
300
300
300
300
300
300
300
300
300
300
300
300
300
300
300
300
300
300
300
300
300
300
300
300
300
300
300
300
300
300
300
300
300
300
300
300
300
300
300
300
300
300
300
300
300
300
300
300
300
300
300
300
300
300
300
300
300
300
300
300
300
300
300
300
300
300
300
300
300
300
300
300
300
300
300
300
300
300
300
300
300
300
300
300
300
300
300
300
300
300
300
300
300
300
300
300
300
300
300
300
300
300
300
300
300
300
300
300
300
300
300
300
300
300
300
300
300
300
300
300
300
300
300
300
300
300
300
300
300
300
300
300
300
300
300
300
300
300
300
300
300
300
300
300
300
300
300
300
300
300
300
300
300
300
300
300
300
300
300
300
300
300
300
300
300
300
300
300
300
300
300
300
300
300
300
300
300
300
300
300
300
300
300
300
300
300
300
300
300
300
300
300
300
300
300
300
300
300
300
300
300
300
300
300
300
300
300
300
300
300
300
300
300
300
300
300
300
300
300
300
300
300
300
300
300
300
300
300
300
300
300
300
300
300
300
300
300
300
300
300
300
300
300
300
300
300
300
300
300
300
300
300
300
300
300
300
300
300
300
300
300
300
300
300
300
300
300
300
300
300
300
300
300
300
300
300
300
300
300
300
300
300
300
300
300
300
300
300
300
300
300
300
300
300
300
300
300
300
300
300
300
300
300
300
300
300
300
300
300
300
300
300
300
300
300
300
300
300
300
300
300
300
300
300
300
300
300
300
300
300
300
300
300
300
300
300
300
300
300
300
300
300
300
300
300
300
300
300
300
300
300
300
300
300
300
300
300
300
300
300
300
300
300
300
300
300
300
300
300
300
300
300
300
300
300
300
300
300
300
300
300
300
300
300
300
300
300
300
300
300
300
300
300
300
300
300
300
300
300
300
300
300
300
300
300
300
300
300
300
300
300
300
300
300
300
300
300
300
300
300
300
300
300
300
300
300
300
300
300
300
300
300
300
300
300
300
300
300
300
300
300
300
300
300
300
300
300
300
300
300
300
300
300
300
300
300
300
300
300
300
300
300
300
300
300
300
300
300
300
300
300
300
300
300
300
300
300
300
300
300
300
300
300
300
300
300
300
300
300
300
300
300
300
300
300
300
300
300
300
300
300
300
300
300
300
300
300
300
300
300
300
300
300
300
300
300
300
300
300
300
300
300
300
300
300
300
300
300
300
300
300
300
300
300
300
300
300
300
300
300
300
300
300
300
300
300
300
300
300
300
300
300
300
300
300
300
300
300
300
300
300
300
300
300
300
300
300
300
300
300
300
300
300
300
300
300
300
300
300
300
300
300
300
300
300
300
300
300
300
300
300
300
300
300
300
300
300
300
300
300
300
300
300
300
300
300
300
300
300
300
300
300
300
300
300
300
300
300
300
300
300
300
300
300
300
300
300
300
300
300
300
300
300
300
300
300
300
300
300
300
300
300
300
300
300
300
300
300
300
300
300
300
300
300
300
300
300
300
300
300
300
300
300
300
300
300
300
300
300
300
300
300
300
300
300
300
300
300
300
300
300
300
300
300
300
300
300
300
300
300
300
300
300
300
300
300
300
300
300
300
300
300
300
300
300
300
300
300
300
300
300
300
300
300
300
300
300
300
300
300
300
300
300
300
300
300
300
300
300
300
300
300
300
300
300
300
300
300
300
300
300
300
300
300
300
300
300
300
300
300
300
300
300
300
300
300
300
300
300
300
300
300
300
300
300
300
300
300
300
300
300
300
300
300
300
300
300
300
300
300
300
300
300
300
300
300
300
300
300
300
300
300
300
300
300
300
300
300
300
300
300
300
300
300
300
300
300
300
300
300
300
300
300
300
300
300
300
300
300
300
300
300
300
300
300
300
300
300
300
300
300
300
300
300
300
300
300
300
300
300
300
300
300
300
300
300
300
300
300
300
300
300
300
300
300
300
300
300
300
300
300
300
300
300
300
300
300
300
300
300
300
300
300
300
300
300
300
300
300
300
300
300
300
300
300
300
300
300
300
300
300
300
300
300
300
300
300
300
300
300
300
300
300
300
300
300
300
300
300
300
300
300
300
300
300
300
300
300
300
300
300
300
300
300
300
300
300
300
300
300
300
300
300
300
300
300
300
300
300
300
300
300
300
300
300
300
300
300
300
300
300
300
300
300
300
300
300
300
300
300
300
300
300
300
300
300
300
300
300
300
300
300
300
300
300
300
300
300
300
300
300
300
300
300
300
300
300
300
300
300
300
300
300
300
300
300
300
300
300
300
300
300
300
300
300
300
300
300
300
300
300
300
300
300
300
300
300
300
300
300
300
300
300
300
300
300
300
300
300
300
300
300
300
300
300
300
300
300
300
300
300
300
300
300
300
300
300
300
300
300
300
300
300
300
300
300
300
300
300
300
300
300
300
300
300
300
300
300
300
300
300
300
300
300
300
300
300
300
300
300
300
300
300
300
300
300
300
300
300
300
300
300
300
300
300
300
300
300
300
300
300
300
300
300
300
300
300
300
300
300
300
300
300
300
300
300
300
300
300
300
300
300
300
300
300
300
300
300
300
300
300
300
300
300
300
300
300
300
300
300
300
300
300
300
300
300
300
300
300
300
300
300
300
300
300
300
300
300
300
300
300
300
300
300
300
300
300
300
300
300
300
300
300
300
300
300
300
300
300
300
300
300
300
300
300
300
300
300
300
300
300
300
300
300
300
300
300
300
300
300
300
300
300
300
300
300
300
300
300
300
300
300
300
300
300
300
300
300
300
300
300
300
300
300
300
300
300
300
300
300
300
300
300
300
300
300
300
300
300
300
300
300
300
300
300
300
300
300
300
300
300
300
300
300
300
300
300
300
300
300
300
300
300
300
300
300
300
300
300
300
300
300
300
300
300
300
300
300
300
300
300
300
300
300
300
300
300
300
300
300
300
300
300
300
300
300
300
300
300
300
300
300
300
300
300
300
300
300
300
300
300
300
300
300
300
300
300
300
300
300
300
300
300
300
300
300
300
300
300
300
300
300
300
300
300
300
300
300
300
300
300
300
300
300
300
300
300
300
300
300
300
300
300
300
300
300
300
300
300
300
300
300
300
300
300
300
300
300
300
300
300
300
300
300
300
300
300
300
300
300
300
300
300
300
300
300
300
300
300
300
300
300
300
300
300
300
300
300
300
300
300
300
300
300
300
300
300
300
300
300
300
300
300
300
300
300
300
300
300
300
300
300
300
300
300
300
300
300
300
300
300
300
300
300
300
300
300
300
300
300
300
300
300
300
300
300
300
300
300
300
300
300
300
300
300
300
300
300
300
300
300
300
300
300
300
300
300
300
300
300
300
300
300
300
300
300
300
300
300
300
300
300
300
300
300
300
300
300
300
300
300
300
300
300
300
300
300
300
300
300
300
300
300
300
300
300
300
300
300
300
300
300
300
300
300
300
300
300
300
300
300
300
300
300
300
300
300
300
300
300
300
300
300
300
300
300
300
300
300
300
300
300
300
300
300
300
300
300
300
300
300
300
300
300
300
300
300
300
300
300
300
300
300
300
300
300
300
300
300
300
300
300
300
300
300
300
300
300
300
300
300
300
300
300
300
300
300
300
300
300
300
300
300
300
300
300
300
300
300
300
300
300
300
300
300
300
300
300
300
300
300
300
300
300
300
300
300
300
300
300
300
300
300
300
300
300
300
300
300
300
300
300
300
300
300
300
300
300
300
300
300
300
300
300
300
300
300
300
300
300
300
300
300
300
300
300
300
300
300
300
300
300
300
300
300
300
300
300
300
300
300
300
300
300
300
300
300
300
300
300
300
300
300
300
300
300
300
300
300
300
300
300
300
300
300
300
300
300
300
300
300
300
300
300
300
300
300
300
300
300
300
300
300
300
300
300
300
300
300
300
300
300
300
300
300
300
300
300
300
300
300
300
300
300
300
300
300
300
300
300
300
300
300
300
300
300
300
300
300
300
300
300
300
300
300
300
300
300
300
300
300
300
300
300
300
300
300
300
300
300
300
300
300
300
300
300
300
300
300
300
300
300
300
300
300
300
300
300
300
300
300
300
300
300
300
300
300
300
300
300
300
300
300
300
300
300
300
300
300
300
300
300
300
300
300
300
300
300
300
300
300
300
300
300
300
300
300
300
300
300
300
300
300
300
300
300
300
300
300
300
300
300
300
300
300
300
300
300
300
300
300
300
300
300
300
300
300
300
300
300
300
300
300
300
300
300
300
300
300
300
300
300
300
300
300
300
300
300
300
300
300
300
300
300
300
300
300
300
300
300
300
300
300
300
300
300
300
300
300
300
300
300
300
300
300
300
300
300
300
300
300
300
300
300
300
300
300
300
300
300
300
300
300
300
300
300
300
300
300
300
300
300
300
300
300
300
300
300
300
300
300
300
300
300
300
300
300
300
300
300
300
300
300
300
300
300
300
300
300
300
300
300
300
300
300
300
300
300
300
300
300
300
300
300
300
300
300
300
300
300
300
300
300
300
300
300
300
300
300
300
300
300
300
300
300
300
300
300
300
300
300
300
300
300
300
300
300
300
300
300
300
300
300
300
300
300
300
300
300
300
300
300
300
300
300
300
300
300
300
300
300
300
300
300
300
300
300
300
300
300
300
300
300
300
300
300
300
300
300
300
300
300
300
300
300
300
300
300
300
300
300
300
300
300
300
300
300
300
300
300
300
300
300
300
300
300
300
300
300
300
300
300
300
300
300
300
300
300
300
300
300
300
300
300
300
300
300
300
300
300
300
300
300
300
300
300
300
300
300
300
300
300
300
300
300
300
300
300
300
300
300
300
300
300
300
300
300
300
300
300
300
300
300
300
300
300
300
364.747
378.201
387.206
392.661
395.271
395.829
395.105
393.628
391.959
390.497
389.397
388.679
388.312
388.208
388.291
388.473
388.701
388.922
389.117
389.268
389.378
389.448
389.49
389.508
389.513
389.51
389.505
389.5
389.499
389.5
389.505
389.512
389.522
389.532
389.543
389.554
389.564
389.573
389.581
389.588
389.594
389.599
389.603
389.607
389.611
389.614
389.617
389.62
389.623
389.626
389.629
389.631
389.634
389.636
389.639
389.641
389.643
389.645
389.647
389.649
389.651
389.652
389.654
389.655
389.657
389.658
389.66
389.661
389.662
389.663
389.664
389.666
389.667
389.667
389.668
389.669
389.67
389.671
389.672
389.672
389.673
389.673
389.674
389.675
389.675
389.676
389.676
389.677
389.677
389.678
389.678
389.678
389.679
389.679
389.679
389.679
389.679
389.679
389.675
389.678
330.694
342.945
354.946
365.533
373.986
380.109
384.079
386.404
387.558
387.929
387.909
387.722
387.494
387.299
387.163
387.097
387.084
387.114
387.16
387.215
387.26
387.296
387.317
387.328
387.328
387.324
387.315
387.306
387.297
387.291
387.285
387.282
387.28
387.279
387.278
387.278
387.278
387.277
387.277
387.276
387.275
387.274
387.272
387.271
387.27
387.268
387.267
387.266
387.265
387.265
387.264
387.264
387.263
387.263
387.263
387.263
387.263
387.263
387.263
387.263
387.263
387.264
387.264
387.265
387.265
387.266
387.266
387.267
387.268
387.269
387.27
387.271
387.272
387.273
387.274
387.276
387.277
387.278
387.279
387.281
387.282
387.284
387.285
387.287
387.288
387.29
387.292
387.294
387.295
387.297
387.299
387.301
387.303
387.305
387.307
387.309
387.311
387.312
387.314
387.314
316.126
323.554
332.537
342.583
352.984
362.927
371.635
378.61
383.608
386.736
388.317
388.788
388.533
387.935
387.25
386.62
386.111
385.741
385.502
385.368
385.311
385.303
385.323
385.355
385.388
385.414
385.434
385.445
385.449
385.447
385.442
385.434
385.426
385.419
385.413
385.407
385.404
385.402
385.401
385.402
385.403
385.405
385.408
385.41
385.414
385.417
385.42
385.424
385.428
385.432
385.436
385.44
385.445
385.449
385.454
385.459
385.464
385.469
385.475
385.481
385.486
385.492
385.498
385.504
385.51
385.516
385.522
385.529
385.535
385.541
385.548
385.554
385.561
385.567
385.574
385.58
385.587
385.593
385.6
385.607
385.613
385.62
385.627
385.633
385.64
385.647
385.654
385.66
385.667
385.674
385.68
385.687
385.694
385.7
385.707
385.713
385.72
385.727
385.73
385.74
308.492
312.594
318.033
324.863
332.966
341.997
351.381
360.409
368.386
374.815
379.498
382.544
384.279
385.036
385.159
384.963
384.651
384.341
384.096
383.937
383.862
383.855
383.894
383.958
384.031
384.101
384.16
384.206
384.237
384.258
384.268
384.272
384.271
384.269
384.266
384.264
384.262
384.261
384.261
384.263
384.264
384.266
384.267
384.269
384.27
384.27
384.271
384.271
384.271
384.271
384.27
384.27
384.27
384.27
384.269
384.269
384.269
384.269
384.27
384.27
384.27
384.271
384.271
384.272
384.272
384.273
384.274
384.275
384.276
384.277
384.278
384.279
384.281
384.282
384.284
384.285
384.287
384.289
384.291
384.293
384.295
384.297
384.299
384.302
384.304
384.306
384.309
384.312
384.314
384.317
384.32
384.323
384.326
384.329
384.332
384.336
384.339
384.342
384.344
384.346
304.472
306.675
309.713
313.759
318.953
325.351
332.882
341.287
350.125
358.816
366.75
373.446
378.652
382.326
384.649
385.884
386.332
386.318
386.09
385.796
385.518
385.297
385.141
385.045
384.996
384.979
384.981
384.992
385.007
385.019
385.029
385.035
385.038
385.038
385.037
385.035
385.033
385.031
385.029
385.028
385.028
385.027
385.027
385.027
385.027
385.027
385.027
385.026
385.026
385.025
385.024
385.023
385.023
385.022
385.021
385.02
385.019
385.017
385.016
385.015
385.014
385.013
385.011
385.01
385.008
385.007
385.005
385.004
385.002
385
384.999
384.997
384.995
384.993
384.992
384.99
384.988
384.986
384.984
384.982
384.98
384.979
384.977
384.975
384.973
384.971
384.969
384.967
384.965
384.963
384.961
384.958
384.956
384.954
384.952
384.95
384.948
384.946
384.945
384.944
302.352
303.518
305.157
307.412
310.434
314.375
319.359
325.442
332.571
340.53
348.933
357.255
364.923
371.465
376.593
380.256
382.635
383.966
384.514
384.595
384.448
384.213
383.977
383.784
383.649
383.57
383.537
383.538
383.559
383.591
383.627
383.662
383.692
383.717
383.738
383.754
383.766
383.777
383.785
383.793
383.801
383.809
383.817
383.826
383.834
383.843
383.852
383.86
383.869
383.878
383.886
383.895
383.903
383.911
383.918
383.926
383.933
383.941
383.948
383.955
383.962
383.969
383.976
383.982
383.989
383.996
384.002
384.009
384.015
384.021
384.027
384.034
384.04
384.046
384.052
384.058
384.064
384.069
384.075
384.081
384.087
384.092
384.098
384.103
384.109
384.114
384.12
384.125
384.13
384.136
384.141
384.146
384.151
384.156
384.161
384.167
384.171
384.176
384.18
384.186
301.242
301.854
302.725
303.944
305.618
307.873
310.848
314.68
319.484
325.318
332.144
339.781
347.894
356.014
363.615
370.237
375.576
379.538
382.239
383.87
384.665
384.932
384.918
384.779
384.606
384.451
384.334
384.258
384.216
384.201
384.201
384.211
384.223
384.234
384.243
384.249
384.251
384.251
384.249
384.245
384.242
384.238
384.235
384.232
384.23
384.228
384.226
384.225
384.224
384.223
384.222
384.221
384.221
384.22
384.219
384.219
384.218
384.217
384.217
384.216
384.216
384.216
384.215
384.215
384.215
384.215
384.215
384.214
384.214
384.214
384.215
384.215
384.215
384.215
384.215
384.216
384.216
384.216
384.217
384.217
384.217
384.218
384.218
384.219
384.219
384.219
384.22
384.221
384.221
384.222
384.222
384.223
384.223
384.224
384.225
384.225
384.226
384.227
384.229
384.232
300.658
300.98
301.44
302.09
302.995
304.239
305.92
308.157
311.076
314.807
319.461
325.095
331.685
339.072
346.952
354.891
362.385
368.98
374.358
378.397
381.197
382.933
383.817
384.154
384.191
384.081
383.922
383.769
383.645
383.559
383.506
383.479
383.472
383.477
383.488
383.501
383.515
383.527
383.537
383.545
383.551
383.556
383.561
383.565
383.569
383.572
383.576
383.58
383.585
383.589
383.594
383.598
383.603
383.608
383.613
383.617
383.622
383.627
383.631
383.636
383.64
383.645
383.65
383.654
383.659
383.664
383.668
383.673
383.678
383.682
383.687
383.692
383.696
383.701
383.706
383.71
383.715
383.719
383.724
383.729
383.733
383.738
383.742
383.747
383.751
383.756
383.76
383.765
383.769
383.773
383.778
383.782
383.786
383.791
383.795
383.799
383.804
383.808
383.811
383.817
300.349
300.519
300.762
301.107
301.592
302.265
303.188
304.44
306.115
308.323
311.186
314.827
319.353
324.825
331.226
338.42
346.128
353.946
361.393
368.023
373.51
377.706
380.686
382.594
383.621
384.072
384.198
384.157
384.05
383.934
383.838
383.77
383.729
383.709
383.705
383.711
383.721
383.733
383.743
383.752
383.758
383.762
383.764
383.765
383.764
383.763
383.762
383.761
383.759
383.758
383.757
383.756
383.755
383.754
383.753
383.752
383.751
383.75
383.749
383.748
383.747
383.746
383.745
383.744
383.743
383.743
383.742
383.741
383.741
383.74
383.74
383.74
383.739
383.739
383.739
383.739
383.739
383.739
383.739
383.739
383.739
383.739
383.739
383.739
383.74
383.74
383.74
383.741
383.741
383.742
383.742
383.743
383.743
383.744
383.745
383.745
383.746
383.748
383.75
383.752
300.186
300.276
300.405
300.588
300.846
301.207
301.706
302.392
303.324
304.575
306.237
308.414
311.223
314.785
319.203
324.541
330.791
337.83
345.401
353.118
360.518
367.157
372.701
376.982
380.063
382.069
383.172
383.686
383.858
383.849
383.76
383.653
383.558
383.486
383.437
383.408
383.395
383.393
383.396
383.403
383.41
383.417
383.423
383.429
383.433
383.436
383.438
383.441
383.443
383.445
383.447
383.449
383.451
383.454
383.456
383.459
383.462
383.464
383.467
383.47
383.472
383.475
383.478
383.48
383.483
383.486
383.489
383.492
383.494
383.497
383.5
383.503
383.506
383.509
383.511
383.514
383.517
383.52
383.522
383.525
383.528
383.53
383.533
383.535
383.538
383.541
383.543
383.546
383.548
383.551
383.553
383.556
383.558
383.561
383.563
383.566
383.568
383.57
383.572
383.576
300.099
300.147
300.215
300.312
300.45
300.643
300.912
301.283
301.793
302.486
303.419
304.665
306.31
308.456
311.218
314.71
319.038
324.267
330.395
337.312
344.775
352.419
359.792
366.455
372.067
376.444
379.635
381.743
382.929
383.512
383.739
383.772
383.716
383.634
383.557
383.496
383.456
383.433
383.424
383.424
383.429
383.437
383.446
383.454
383.46
383.466
383.469
383.472
383.474
383.475
383.476
383.476
383.477
383.477
383.477
383.477
383.477
383.477
383.477
383.477
383.478
383.478
383.478
383.478
383.478
383.479
383.479
383.479
383.48
383.48
383.481
383.481
383.481
383.482
383.482
383.483
383.483
383.484
383.484
383.485
383.485
383.486
383.487
383.487
383.488
383.489
383.489
383.49
383.491
383.492
383.492
383.493
383.494
383.495
383.496
383.497
383.498
383.499
383.501
383.503
300.053
300.079
300.115
300.166
300.24
300.343
300.487
300.687
300.964
301.343
301.858
302.553
303.485
304.723
306.352
308.47
311.189
314.623
318.876
324.017
330.047
336.866
344.246
351.833
359.183
365.862
371.522
375.966
379.234
381.41
382.65
383.28
383.543
383.603
383.568
383.499
383.429
383.371
383.33
383.304
383.291
383.287
383.288
383.292
383.297
383.302
383.306
383.31
383.313
383.315
383.316
383.317
383.318
383.318
383.319
383.32
383.321
383.321
383.322
383.324
383.325
383.326
383.328
383.329
383.331
383.332
383.334
383.336
383.337
383.339
383.341
383.343
383.344
383.346
383.348
383.35
383.352
383.354
383.355
383.357
383.359
383.361
383.363
383.365
383.367
383.369
383.371
383.373
383.375
383.376
383.378
383.38
383.382
383.384
383.386
383.388
383.39
383.392
383.393
383.397
300.029
300.042
300.061
300.089
300.128
300.183
300.26
300.368
300.518
300.723
301.005
301.388
301.907
302.603
303.532
304.761
306.374
308.468
311.151
314.537
318.73
323.8
329.754
336.498
343.815
351.358
358.696
365.391
371.095
375.597
378.933
381.167
382.452
383.123
383.419
383.507
383.494
383.442
383.384
383.335
383.299
383.277
383.266
383.263
383.265
383.27
383.275
383.281
383.286
383.29
383.293
383.295
383.297
383.298
383.299
383.299
383.299
383.3
383.3
383.3
383.3
383.3
383.3
383.301
383.301
383.301
383.302
383.302
383.302
383.303
383.303
383.303
383.304
383.304
383.304
383.305
383.305
383.306
383.306
383.307
383.307
383.308
383.309
383.309
383.31
383.311
383.311
383.312
383.313
383.314
383.315
383.316
383.316
383.317
383.318
383.319
383.32
383.322
383.323
383.325
300.015
300.023
300.033
300.048
300.068
300.098
300.139
300.197
300.278
300.389
300.543
300.753
301.038
301.424
301.944
302.64
303.566
304.787
306.386
308.459
311.113
314.462
318.608
323.624
329.52
336.208
343.477
350.991
358.319
365.026
370.758
375.3
378.684
380.946
382.26
382.96
383.282
383.392
383.395
383.356
383.306
383.262
383.229
383.208
383.196
383.191
383.192
383.195
383.199
383.203
383.207
383.21
383.212
383.214
383.215
383.216
383.217
383.217
383.217
383.218
383.218
383.218
383.219
383.219
383.22
383.22
383.221
383.221
383.222
383.222
383.223
383.224
383.224
383.225
383.226
383.227
383.228
383.228
383.229
383.23
383.231
383.232
383.233
383.234
383.235
383.236
383.238
383.239
383.24
383.241
383.242
383.243
383.244
383.245
383.247
383.248
383.249
383.251
383.252
383.254
300.008
300.012
300.018
300.026
300.037
300.053
300.075
300.106
300.149
300.21
300.293
300.407
300.564
300.776
301.064
301.453
301.974
302.669
303.591
304.806
306.395
308.452
311.084
314.404
318.516
323.493
329.348
335.998
343.235
350.728
358.05
364.768
370.519
375.094
378.512
380.781
382.11
382.83
383.173
383.301
383.321
383.294
383.253
383.215
383.186
383.167
383.156
383.152
383.152
383.155
383.16
383.164
383.168
383.171
383.174
383.177
383.178
383.179
383.18
383.181
383.182
383.182
383.182
383.183
383.183
383.183
383.183
383.183
383.184
383.184
383.184
383.184
383.184
383.185
383.185
383.185
383.186
383.186
383.186
383.187
383.187
383.188
383.188
383.188
383.189
383.189
383.19
383.19
383.191
383.192
383.192
383.193
383.193
383.194
383.195
383.196
383.196
383.197
383.198
383.2
300.004
300.007
300.01
300.014
300.02
300.028
300.04
300.057
300.08
300.113
300.158
300.22
300.306
300.422
300.581
300.796
301.086
301.476
301.998
302.693
303.613
304.823
306.405
308.451
311.069
314.37
318.46
323.413
329.243
335.869
343.088
350.569
357.888
364.612
370.369
374.968
378.401
380.657
381.988
382.719
383.077
383.219
383.252
383.235
383.202
383.169
383.143
383.125
383.115
383.111
383.11
383.113
383.116
383.12
383.124
383.127
383.129
383.131
383.133
383.134
383.135
383.135
383.135
383.135
383.136
383.136
383.136
383.136
383.136
383.136
383.136
383.136
383.136
383.136
383.137
383.137
383.137
383.138
383.138
383.139
383.139
383.139
383.14
383.14
383.141
383.141
383.142
383.143
383.143
383.144
383.144
383.145
383.146
383.146
383.147
383.148
383.149
383.15
383.15
383.152
300.002
300.004
300.005
300.007
300.011
300.015
300.022
300.031
300.043
300.061
300.085
300.119
300.166
300.23
300.317
300.435
300.596
300.813
301.105
301.497
302.02
302.715
303.634
304.842
306.42
308.461
311.071
314.364
318.444
323.386
329.206
335.824
343.036
350.513
357.829
364.553
370.304
374.913
378.347
380.575
381.896
382.63
382.996
383.149
383.192
383.185
383.16
383.132
383.109
383.094
383.084
383.081
383.081
383.083
383.087
383.09
383.094
383.097
383.1
383.102
383.103
383.104
383.105
383.105
383.105
383.105
383.105
383.105
383.105
383.105
383.105
383.105
383.105
383.105
383.106
383.106
383.106
383.106
383.106
383.106
383.107
383.107
383.107
383.107
383.108
383.108
383.108
383.108
383.109
383.109
383.109
383.11
383.11
383.111
383.111
383.112
383.112
383.113
383.113
383.115
300.001
300.002
300.003
300.004
300.006
300.008
300.012
300.017
300.023
300.033
300.046
300.065
300.09
300.125
300.173
300.238
300.326
300.447
300.609
300.828
301.122
301.516
302.04
302.736
303.657
304.866
306.444
308.485
311.096
314.39
318.471
323.416
329.24
335.863
343.08
350.559
357.873
364.59
370.321
374.925
378.339
380.526
381.827
382.555
382.923
383.084
383.136
383.138
383.119
383.097
383.077
383.064
383.056
383.053
383.053
383.055
383.058
383.061
383.064
383.067
383.069
383.07
383.071
383.072
383.072
383.072
383.072
383.072
383.072
383.072
383.072
383.072
383.072
383.072
383.072
383.072
383.072
383.072
383.072
383.072
383.073
383.073
383.073
383.073
383.073
383.074
383.074
383.074
383.074
383.075
383.075
383.075
383.076
383.076
383.077
383.077
383.078
383.078
383.079
383.08
300.001
300.001
300.001
300.002
300.003
300.004
300.006
300.009
300.013
300.018
300.025
300.035
300.049
300.068
300.094
300.13
300.179
300.245
300.335
300.457
300.621
300.842
301.138
301.534
302.061
302.76
303.683
304.896
306.479
308.526
311.145
314.449
318.544
323.505
329.347
335.988
343.219
350.705
358.014
364.718
370.419
375
378.368
380.505
381.782
382.496
382.862
383.028
383.088
383.096
383.084
383.067
383.051
383.039
383.032
383.03
383.029
383.031
383.033
383.036
383.038
383.04
383.042
383.043
383.044
383.045
383.045
383.045
383.045
383.045
383.045
383.045
383.045
383.045
383.045
383.045
383.045
383.045
383.045
383.045
383.045
383.044
383.045
383.045
383.045
383.045
383.045
383.045
383.045
383.045
383.046
383.046
383.046
383.046
383.047
383.047
383.048
383.048
383.049
383.05
300
300.001
300.001
300.001
300.002
300.002
300.003
300.005
300.007
300.01
300.014
300.019
300.026
300.037
300.051
300.071
300.098
300.134
300.184
300.252
300.343
300.467
300.633
300.856
301.154
301.553
302.083
302.787
303.716
304.936
306.528
308.587
311.222
314.546
318.666
323.656
329.53
336.2
343.454
350.95
358.252
364.933
370.594
375.135
378.427
380.505
381.752
382.45
382.812
382.981
383.046
383.061
383.053
383.039
383.026
383.016
383.01
383.008
383.008
383.009
383.012
383.014
383.017
383.019
383.021
383.022
383.023
383.024
383.024
383.024
383.024
383.024
383.024
383.023
383.023
383.023
383.023
383.022
383.022
383.022
383.021
383.021
383.021
383.021
383.021
383.021
383.021
383.021
383.021
383.021
383.021
383.021
383.021
383.021
383.022
383.022
383.022
383.023
383.023
383.024
300
300
300
300.001
300.001
300.001
300.002
300.003
300.004
300.005
300.007
300.01
300.014
300.02
300.028
300.039
300.053
300.074
300.101
300.139
300.189
300.258
300.351
300.476
300.644
300.869
301.171
301.573
302.108
302.818
303.755
304.986
306.592
308.67
311.329
314.684
318.84
323.872
329.79
336.501
343.786
351.295
358.59
365.234
370.846
375.33
378.511
380.517
381.724
382.404
382.761
382.93
383
383.019
383.016
383.005
382.994
382.986
382.982
382.98
382.981
382.984
382.986
382.99
382.993
382.995
382.997
382.999
383
383.001
383.002
383.002
383.002
383.002
383.002
383.001
383.001
383.001
383.001
383.001
383
383
383
383
383
383
383
383
383
383
383
383
383
383
383
383
383
383.001
383.001
383.002
300
300
300
300
300
300.001
300.001
300.001
300.002
300.003
300.004
300.006
300.008
300.011
300.015
300.021
300.029
300.04
300.056
300.076
300.104
300.143
300.194
300.264
300.359
300.485
300.656
300.884
301.189
301.596
302.138
302.856
303.804
305.049
306.674
308.777
311.469
314.864
319.068
324.155
330.13
336.893
344.217
351.743
359.027
365.619
371.188
375.594
378.645
380.567
381.726
382.382
382.728
382.896
382.969
382.992
382.992
382.985
382.976
382.97
382.966
382.966
382.967
382.969
382.972
382.974
382.977
382.979
382.981
382.982
382.983
382.984
382.984
382.984
382.984
382.984
382.984
382.983
382.983
382.983
382.983
382.983
382.983
382.982
382.982
382.982
382.982
382.982
382.982
382.982
382.982
382.982
382.982
382.982
382.982
382.982
382.982
382.982
382.982
382.983
300
300
300
300
300
300
300.001
300.001
300.001
300.002
300.002
300.003
300.004
300.006
300.008
300.012
300.016
300.022
300.03
300.042
300.058
300.079
300.108
300.147
300.199
300.271
300.366
300.495
300.668
300.9
301.209
301.622
302.171
302.9
303.862
305.126
306.776
308.911
311.643
315.089
319.355
324.509
330.554
337.38
344.749
352.29
359.556
366.079
371.589
375.895
378.804
380.635
381.738
382.365
382.699
382.865
382.94
382.968
382.972
382.969
382.963
382.958
382.956
382.955
382.956
382.958
382.96
382.962
382.964
382.965
382.966
382.967
382.968
382.968
382.968
382.968
382.968
382.968
382.968
382.968
382.968
382.967
382.967
382.967
382.967
382.966
382.966
382.966
382.966
382.966
382.965
382.965
382.965
382.965
382.965
382.965
382.965
382.966
382.966
382.967
300
300
300
300
300
300
300
300
300.001
300.001
300.001
300.002
300.002
300.003
300.005
300.006
300.009
300.012
300.017
300.023
300.032
300.044
300.06
300.081
300.111
300.151
300.204
300.277
300.374
300.506
300.681
300.917
301.232
301.652
302.211
302.952
303.931
305.218
306.899
309.073
311.856
315.364
319.703
324.938
331.065
337.963
345.381
352.935
360.174
366.615
372.045
376.213
378.98
380.721
381.764
382.357
382.679
382.842
382.918
382.948
382.956
382.955
382.951
382.947
382.945
382.945
382.945
382.947
382.949
382.95
382.952
382.953
382.955
382.956
382.956
382.956
382.957
382.957
382.956
382.956
382.956
382.955
382.955
382.955
382.954
382.954
382.954
382.953
382.953
382.953
382.952
382.952
382.952
382.952
382.952
382.951
382.951
382.952
382.952
382.952
300
300
300
300
300
300
300
300
300
300
300.001
300.001
300.001
300.002
300.002
300.003
300.005
300.007
300.009
300.013
300.017
300.024
300.033
300.045
300.061
300.084
300.114
300.155
300.21
300.284
300.383
300.517
300.696
300.936
301.258
301.686
302.256
303.013
304.013
305.328
307.045
309.267
312.11
315.691
320.115
325.445
331.665
338.643
346.111
353.672
360.867
367.217
372.54
376.521
379.145
380.796
381.783
382.346
382.653
382.811
382.886
382.917
382.927
382.927
382.925
382.923
382.922
382.923
382.924
382.927
382.929
382.932
382.934
382.936
382.938
382.939
382.94
382.941
382.941
382.941
382.941
382.941
382.94
382.94
382.94
382.94
382.939
382.939
382.939
382.938
382.938
382.938
382.938
382.938
382.938
382.938
382.938
382.938
382.938
382.938
300
300
300
300
300
300
300
300
300
300
300
300
300.001
300.001
300.001
300.002
300.003
300.004
300.005
300.007
300.01
300.013
300.018
300.025
300.034
300.047
300.063
300.086
300.117
300.159
300.215
300.291
300.393
300.529
300.713
300.958
301.287
301.725
302.309
303.084
304.109
305.457
307.217
309.495
312.407
316.074
320.597
326.033
332.358
339.424
346.945
354.517
361.652
367.922
373.115
376.873
379.338
380.889
381.817
382.347
382.637
382.789
382.864
382.896
382.907
382.909
382.909
382.908
382.909
382.91
382.912
382.915
382.917
382.92
382.922
382.924
382.925
382.926
382.927
382.927
382.927
382.928
382.927
382.927
382.927
382.927
382.927
382.926
382.926
382.926
382.925
382.925
382.925
382.925
382.925
382.925
382.925
382.925
382.925
382.925
300
300
300
300
300
300
300
300
300
300
300
300
300
300.001
300.001
300.001
300.001
300.002
300.003
300.004
300.005
300.007
300.01
300.014
300.019
300.026
300.035
300.048
300.066
300.089
300.121
300.163
300.221
300.299
300.403
300.543
300.731
300.983
301.32
301.771
302.37
303.167
304.22
305.606
307.417
309.759
312.753
316.517
321.152
326.708
333.148
340.309
347.884
355.455
362.507
368.691
373.727
377.251
379.551
380.995
381.86
382.356
382.631
382.778
382.853
382.887
382.901
382.905
382.906
382.907
382.907
382.908
382.91
382.911
382.913
382.915
382.916
382.918
382.919
382.919
382.919
382.92
382.92
382.919
382.919
382.919
382.918
382.918
382.918
382.917
382.917
382.916
382.916
382.915
382.915
382.915
382.915
382.915
382.915
382.915
300
300
300
300
300
300
300
300
300
300
300
300
300
300
300
300.001
300.001
300.001
300.002
300.002
300.003
300.004
300.006
300.008
300.011
300.014
300.02
300.027
300.037
300.05
300.068
300.092
300.124
300.168
300.228
300.307
300.415
300.559
300.752
301.012
301.359
301.823
302.441
303.262
304.349
305.779
307.647
310.064
313.149
317.024
321.785
327.474
334.04
341.3
348.923
356.482
363.431
369.499
374.329
377.628
379.774
381.111
381.911
382.374
382.634
382.774
382.846
382.88
382.894
382.9
382.902
382.902
382.903
382.905
382.906
382.908
382.91
382.912
382.914
382.915
382.916
382.916
382.916
382.916
382.916
382.916
382.916
382.915
382.914
382.914
382.913
382.913
382.912
382.912
382.911
382.911
382.91
382.91
382.91
382.91
300
300
300
300
300
300
300
300
300
300
300
300
300
300
300
300
300
300.001
300.001
300.001
300.002
300.002
300.003
300.004
300.006
300.008
300.011
300.015
300.02
300.028
300.038
300.052
300.07
300.095
300.128
300.174
300.235
300.317
300.428
300.576
300.776
301.044
301.402
301.882
302.521
303.371
304.496
305.977
307.911
310.412
313.602
317.601
322.502
328.337
335.036
342.392
350.054
357.58
364.413
370.335
374.881
377.961
379.959
381.199
381.94
382.37
382.613
382.746
382.814
382.848
382.863
382.87
382.874
382.876
382.879
382.882
382.884
382.887
382.89
382.893
382.895
382.897
382.898
382.899
382.9
382.9
382.901
382.901
382.901
382.901
382.901
382.901
382.9
382.9
382.9
382.9
382.9
382.9
382.9
382.901
300
300
300
300
300
300
300
300
300
300
300
300
300
300
300
300
300
300
300
300.001
300.001
300.001
300.002
300.002
300.003
300.004
300.006
300.008
300.011
300.016
300.021
300.029
300.039
300.053
300.072
300.098
300.133
300.18
300.243
300.328
300.442
300.596
300.803
301.08
301.452
301.949
302.613
303.496
304.664
306.203
308.212
310.808
314.115
318.253
323.308
329.299
336.139
343.596
351.301
358.768
365.514
371.254
375.485
378.327
380.168
381.308
381.99
382.388
382.615
382.74
382.807
382.84
382.856
382.864
382.869
382.871
382.874
382.876
382.878
382.88
382.882
382.884
382.886
382.887
382.888
382.889
382.889
382.889
382.89
382.89
382.889
382.889
382.889
382.889
382.889
382.888
382.888
382.888
382.888
382.889
300
300
300
300
300
300
300
300
300
300
300
300
300
300
300
300
300
300
300
300
300
300.001
300.001
300.001
300.002
300.002
300.003
300.005
300.006
300.009
300.012
300.016
300.022
300.03
300.041
300.055
300.075
300.102
300.138
300.186
300.252
300.34
300.458
300.618
300.833
301.121
301.508
302.026
302.717
303.637
304.856
306.46
308.553
311.256
314.695
318.985
324.209
330.368
337.356
344.911
352.643
360.016
366.654
372.161
376.08
378.698
380.38
381.421
382.048
382.416
382.628
382.746
382.809
382.842
382.858
382.867
382.871
382.873
382.876
382.878
382.88
382.881
382.883
382.884
382.885
382.886
382.887
382.887
382.887
382.887
382.886
382.886
382.885
382.885
382.884
382.884
382.883
382.883
382.883
382.883
300
300
300
300
300
300
300
300
300
300
300
300
300
300
300
300
300
300
300
300
300
300
300.001
300.001
300.001
300.001
300.002
300.003
300.004
300.005
300.007
300.009
300.012
300.017
300.023
300.031
300.042
300.058
300.078
300.106
300.143
300.193
300.261
300.353
300.477
300.643
300.867
301.168
301.572
302.113
302.836
303.798
305.073
306.751
308.94
311.762
315.346
319.805
325.211
331.55
338.686
346.329
354.065
361.326
367.815
373.007
376.629
379.038
380.575
381.524
382.096
382.434
382.63
382.739
382.798
382.83
382.846
382.855
382.861
382.864
382.867
382.87
382.873
382.875
382.877
382.879
382.88
382.881
382.882
382.882
382.882
382.882
382.882
382.881
382.881
382.88
382.88
382.879
382.879
382.879
300
300
300
300
300
300
300
300
300
300
300
300
300
300
300
300
300
300
300
300
300
300
300
300
300.001
300.001
300.001
300.001
300.002
300.003
300.004
300.005
300.007
300.01
300.013
300.018
300.024
300.033
300.044
300.06
300.081
300.11
300.149
300.202
300.272
300.368
300.497
300.671
300.906
301.221
301.644
302.212
302.97
303.98
305.319
307.08
309.376
312.332
316.077
320.72
326.322
332.848
340.133
347.861
355.569
362.727
369.024
373.831
377.148
379.348
380.746
381.608
382.13
382.44
382.621
382.724
382.781
382.813
382.83
382.84
382.846
382.85
382.854
382.857
382.86
382.862
382.864
382.866
382.867
382.869
382.869
382.87
382.87
382.87
382.87
382.87
382.87
382.87
382.869
382.87
300
300
300
300
300
300
300
300
300
300
300
300
300
300
300
300
300
300
300
300
300
300
300
300
300
300
300.001
300.001
300.001
300.002
300.002
300.003
300.004
300.005
300.007
300.01
300.014
300.018
300.025
300.034
300.046
300.063
300.085
300.115
300.156
300.211
300.285
300.385
300.521
300.703
300.949
301.281
301.726
302.323
303.122
304.186
305.596
307.451
309.866
312.971
316.893
321.737
327.547
334.268
341.7
349.503
357.142
364.202
370.245
374.663
377.685
379.672
380.934
381.715
382.189
382.473
382.64
382.735
382.789
382.819
382.835
382.844
382.85
382.854
382.857
382.859
382.862
382.863
382.865
382.866
382.867
382.867
382.867
382.867
382.867
382.866
382.866
382.866
382.865
382.866
300
300
300
300
300
300
300
300
300
300
300
300
300
300
300
300
300
300
300
300
300
300
300
300
300
300
300
300
300.001
300.001
300.001
300.002
300.002
300.003
300.004
300.006
300.008
300.01
300.014
300.019
300.026
300.036
300.048
300.066
300.089
300.12
300.163
300.221
300.299
300.404
300.547
300.739
300.999
301.348
301.818
302.45
303.294
304.419
305.91
307.87
310.418
313.688
317.804
322.864
328.895
335.813
343.381
351.232
358.77
365.683
371.369
375.42
378.174
379.969
381.105
381.809
382.239
382.496
382.648
382.735
382.785
382.813
382.829
382.838
382.844
382.849
382.852
382.855
382.857
382.859
382.861
382.862
382.863
382.863
382.864
382.863
382.863
382.863
382.862
382.863
300
300
300
300
300
300
300
300
300
300
300
300
300
300
300
300
300
300
300
300
300
300
300
300
300
300
300
300
300
300
300.001
300.001
300.001
300.002
300.002
300.003
300.004
300.006
300.008
300.011
300.015
300.02
300.028
300.037
300.051
300.069
300.093
300.126
300.171
300.232
300.315
300.426
300.576
300.78
301.054
301.425
301.923
302.592
303.489
304.683
306.264
308.341
311.038
314.489
318.817
324.108
330.371
337.486
345.185
353.044
360.492
367.202
372.435
376.118
378.607
380.223
381.243
381.877
382.266
382.501
382.641
382.723
382.77
382.798
382.814
382.824
382.83
382.835
382.839
382.842
382.844
382.846
382.848
382.849
382.849
382.85
382.85
382.85
382.85
382.85
300
300
300
300
300
300
300
300
300
300
300
300
300
300
300
300
300
300
300
300
300
300
300
300
300
300
300
300
300
300
300
300.001
300.001
300.001
300.001
300.002
300.002
300.003
300.005
300.006
300.008
300.012
300.016
300.021
300.029
300.039
300.053
300.072
300.098
300.133
300.181
300.245
300.332
300.45
300.61
300.826
301.117
301.511
302.041
302.754
303.708
304.98
306.663
308.871
311.733
315.383
319.942
325.48
331.983
339.293
347.112
354.925
362.292
368.714
373.495
376.825
379.051
380.493
381.406
381.975
382.325
382.537
382.663
382.737
382.78
382.805
382.82
382.829
382.835
382.839
382.842
382.844
382.845
382.846
382.847
382.847
382.846
382.846
382.845
382.845
300
300
300
300
300
300
300
300
300
300
300
300
300
300
300
300
300
300
300
300
300
300
300
300
300
300
300
300
300
300
300
300
300
300.001
300.001
300.001
300.001
300.002
300.003
300.004
300.005
300.007
300.009
300.012
300.017
300.022
300.031
300.041
300.056
300.077
300.104
300.141
300.191
300.26
300.352
300.478
300.648
300.878
301.189
301.609
302.176
302.937
303.957
305.316
307.113
309.468
312.512
316.381
321.188
326.987
333.733
341.227
349.131
356.858
364.081
370.077
374.433
377.442
379.437
380.722
381.535
382.044
382.358
382.549
382.663
382.731
382.771
382.795
382.809
382.818
382.824
382.828
382.831
382.833
382.834
382.835
382.834
382.834
382.833
382.834
300
300
300
300
300
300
300
300
300
300
300
300
300
300
300
300
300
300
300
300
300
300
300
300
300
300
300
300
300
300
300
300
300
300
300
300.001
300.001
300.001
300.001
300.002
300.003
300.004
300.005
300.007
300.009
300.013
300.017
300.024
300.032
300.044
300.06
300.081
300.11
300.15
300.203
300.276
300.375
300.509
300.69
300.936
301.27
301.72
302.327
303.144
304.238
305.695
307.62
310.138
313.384
317.492
322.565
328.637
335.627
343.303
351.242
358.915
365.922
371.403
375.321
378.011
379.787
380.928
381.653
382.109
382.391
382.564
382.669
382.732
382.769
382.791
382.805
382.813
382.818
382.821
382.822
382.822
382.822
382.82
382.819
382.819
300
300
300
300
300
300
300
300
300
300
300
300
300
300
300
300
300
300
300
300
300
300
300
300
300
300
300
300
300
300
300
300
300
300
300
300
300
300.001
300.001
300.001
300.002
300.002
300.003
300.004
300.005
300.007
300.01
300.014
300.019
300.025
300.034
300.047
300.063
300.086
300.117
300.159
300.217
300.294
300.4
300.544
300.739
301.003
301.361
301.846
302.499
303.379
304.556
306.124
308.193
310.892
314.36
318.728
324.084
330.44
337.67
345.508
353.415
361.011
367.683
372.665
376.187
378.573
380.14
381.151
381.794
382.198
382.449
382.602
382.695
382.75
382.783
382.802
382.813
382.818
382.82
382.82
382.819
382.817
382.814
382.813
300
300
300
300
300
300
300
300
300
300
300
300
300
300
300
300
300
300
300
300
300
300
300
300
300
300
300
300
300
300
300
300
300
300
300
300
300
300
300
300.001
300.001
300.001
300.002
300.002
300.003
300.004
300.006
300.008
300.011
300.014
300.02
300.027
300.036
300.05
300.068
300.092
300.125
300.17
300.232
300.315
300.429
300.584
300.794
301.079
301.465
301.988
302.695
303.645
304.917
306.609
308.838
311.739
315.451
320.099
325.755
332.395
339.848
347.802
355.643
363.084
369.225
373.733
376.889
379.009
380.395
381.289
381.86
382.22
382.445
382.583
382.667
382.718
382.748
382.765
382.774
382.778
382.778
382.776
382.773
382.774
300
300
300
300
300
300
300
300
300
300
300
300
300
300
300
300
300
300
300
300
300
300
300
300
300
300
300
300
300
300
300
300
300
300
300
300
300
300
300
300
300
300.001
300.001
300.001
300.002
300.002
300.003
300.004
300.006
300.008
300.011
300.015
300.021
300.029
300.039
300.053
300.072
300.099
300.134
300.183
300.249
300.339
300.462
300.629
300.856
301.165
301.584
302.151
302.917
303.947
305.326
307.158
309.566
312.69
316.669
321.617
327.588
334.514
342.198
350.2
358.04
365.205
370.785
374.816
377.604
379.468
380.687
381.473
381.975
382.29
382.487
382.606
382.678
382.718
382.74
382.749
382.75
382.747
382.742
382.74
300
300
300
300
300
300
300
300
300
300
300
300
300
300
300
300
300
300
300
300
300
300
300
300
300
300
300
300
300
300
300
300
300
300
300
300
300
300
300
300
300
300
300.001
300.001
300.001
300.001
300.002
300.003
300.003
300.005
300.006
300.009
300.012
300.016
300.022
300.031
300.042
300.057
300.078
300.106
300.145
300.197
300.269
300.366
300.499
300.68
300.927
301.263
301.718
302.335
303.169
304.291
305.79
307.779
310.387
313.758
318.027
323.295
329.589
336.796
344.668
352.651
360.404
367.104
372.153
375.756
378.22
379.855
380.924
381.614
382.053
382.329
382.498
382.599
382.656
382.684
382.694
382.693
382.685
382.683
300
300
300
300
300
300
300
300
300
300
300
300
300
300
300
300
300
300
300
300
300
300
300
300
300
300
300
300
300
300
300
300
300
300
300
300
300
300
300
300
300
300
300
300
300.001
300.001
300.001
300.001
300.002
300.003
300.004
300.005
300.007
300.01
300.013
300.018
300.024
300.033
300.045
300.061
300.084
300.114
300.156
300.213
300.291
300.397
300.542
300.739
301.008
301.374
301.872
302.546
303.457
304.682
306.317
308.483
311.314
314.956
319.539
325.147
331.769
339.256
347.254
355.248
362.811
368.912
373.418
376.602
378.763
380.192
381.125
381.725
382.106
382.341
382.48
382.556
382.591
382.6
382.592
382.587
300
300
300
300
300
300
300
300
300
300
300
300
300
300
300
300
300
300
300
300
300
300
300
300
300
300
300
300
300
300
300
300
300
300
300
300
300
300
300
300
300
300
300
300
300
300
300.001
300.001
300.001
300.002
300.002
300.003
300.004
300.005
300.007
300.01
300.014
300.019
300.026
300.036
300.049
300.066
300.091
300.124
300.169
300.231
300.316
300.432
300.59
300.806
301.101
301.502
302.047
302.787
303.785
305.127
306.917
309.28
312.36
316.299
321.219
327.182
334.128
341.87
349.899
357.875
365.044
370.567
374.584
377.377
379.255
380.494
381.298
381.808
382.121
382.303
382.396
382.432
382.427
382.417
300
300
300
300
300
300
300
300
300
300
300
300
300
300
300
300
300
300
300
300
300
300
300
300
300
300
300
300
300
300
300
300
300
300
300
300
300
300
300
300
300
300
300
300
300
300
300
300
300.001
300.001
300.001
300.002
300.002
300.003
300.004
300.006
300.008
300.011
300.015
300.021
300.028
300.039
300.053
300.072
300.099
300.135
300.185
300.252
300.345
300.472
300.646
300.883
301.207
301.648
302.248
303.062
304.161
305.635
307.599
310.185
313.538
317.801
323.081
329.404
336.668
344.612
352.675
360.519
367.073
372.013
375.557
377.992
379.615
380.673
381.346
381.755
381.981
382.087
382.101
382.083
300
300
300
300
300
300
300
300
300
300
300
300
300
300
300
300
300
300
300
300
300
300
300
300
300
300
300
300
300
300
300
300
300
300
300
300
300
300
300
300
300
300
300
300
300
300
300
300
300
300.001
300.001
300.001
300.001
300.002
300.002
300.003
300.005
300.006
300.009
300.012
300.016
300.022
300.031
300.042
300.057
300.079
300.108
300.147
300.202
300.276
300.379
300.518
300.71
300.971
301.329
301.816
302.479
303.378
304.59
306.216
308.376
311.21
314.866
319.478
325.137
331.822
339.4
347.442
355.556
363.072
368.994
373.369
376.444
378.521
379.881
380.736
381.235
381.488
381.553
381.515
300
300
300
300
300
300
300
300
300
300
300
300
300
300
300
300
300
300
300
300
300
300
300
300
300
300
300
300
300
300
300
300
300
300
300
300
300
300
300
300
300
300
300
300
300
300
300
300
300
300
300
300.001
300.001
300.001
300.001
300.002
300.003
300.004
300.005
300.007
300.01
300.013
300.018
300.024
300.033
300.046
300.063
300.086
300.118
300.162
300.222
300.304
300.417
300.571
300.783
301.073
301.469
302.009
302.744
303.74
305.083
306.88
309.26
312.369
316.356
321.341
327.387
334.427
342.257
350.334
358.368
365.258
370.536
374.354
376.971
378.675
379.716
380.282
380.479
380.418
300
300
300
300
300
300
300
300
300
300
300
300
300
300
300
300
300
300
300
300
300
300
300
300
300
300
300
300
300
300
300
300
300
300
300
300
300
300
300
300
300
300
300
300
300
300
300
300
300
300
300
300
300
300.001
300.001
300.001
300.002
300.002
300.003
300.004
300.006
300.008
300.01
300.014
300.019
300.027
300.037
300.05
300.069
300.095
300.13
300.178
300.245
300.336
300.461
300.632
300.867
301.189
301.63
302.231
303.048
304.156
305.647
307.637
310.264
313.678
318.02
323.398
329.83
337.222
345.191
353.348
361.061
367.229
371.801
374.967
376.996
378.16
378.637
378.542
300
300
300
300
300
300
300
300
300
300
300
300
300
300
300
300
300
300
300
300
300
300
300
300
300
300
300
300
300
300
300
300
300
300
300
300
300
300
300
300
300
300
300
300
300
300
300
300
300
300
300
300
300
300
300
300.001
300.001
300.001
300.002
300.002
300.003
300.004
300.006
300.008
300.011
300.016
300.021
300.029
300.04
300.055
300.076
300.104
300.143
300.197
300.271
300.372
300.511
300.702
300.965
301.324
301.816
302.487
303.399
304.633
306.292
308.499
311.399
315.14
319.856
325.623
332.409
340.06
348.031
356.063
363.026
368.316
371.992
374.249
375.297
375.197
300
300
300
300
300
300
300
300
300
300
300
300
300
300
300
300
300
300
300
300
300
300
300
300
300
300
300
300
300
300
300
300
300
300
300
300
300
300
300
300
300
300
300
300
300
300
300
300
300
300
300
300
300
300
300
300
300.001
300.001
300.001
300.001
300.002
300.003
300.004
300.005
300.007
300.009
300.012
300.017
300.024
300.032
300.045
300.061
300.084
300.116
300.159
300.219
300.301
300.414
300.57
300.784
301.077
301.479
302.03
302.781
303.801
305.178
307.024
309.469
312.661
316.74
321.823
327.936
335.011
342.698
350.583
358.017
363.782
367.673
369.73
369.706
300
300
300
300
300
300
300
300
300
300
300
300
300
300
300
300
300
300
300
300
300
300
300
300
300
300
300
300
300
300
300
300
300
300
300
300
300
300
300
300
300
300
300
300
300
300
300
300
300
300
300
300
300
300
300
300
300
300
300.001
300.001
300.001
300.001
300.002
300.003
300.004
300.005
300.007
300.01
300.014
300.019
300.026
300.036
300.049
300.068
300.094
300.129
300.177
300.244
300.336
300.463
300.638
300.877
301.207
301.658
302.276
303.117
304.257
305.791
307.837
310.528
314.004
318.387
323.75
330.044
337.101
344.344
351.471
357.173
360.654
360.911
300
300
300
300
300
300
300
300
300
300
300
300
300
300
300
300
300
300
300
300
300
300
300
300
300
300
300
300
300
300
300
300
300
300
300
300
300
300
300
300
300
300
300
300
300
300
300
300
300
300
300
300
300
300
300
300
300
300
300
300
300.001
300.001
300.001
300.002
300.002
300.003
300.004
300.006
300.008
300.011
300.015
300.021
300.029
300.04
300.055
300.076
300.104
300.144
300.198
300.273
300.377
300.519
300.715
300.985
301.355
301.862
302.553
303.492
304.758
306.452
308.687
311.59
315.27
319.799
325.145
331.131
337.316
343.088
347.737
348.307
300
300
300
300
300
300
300
300
300
300
300
300
300
300
300
300
300
300
300
300
300
300
300
300
300
300
300
300
300
300
300
300
300
300
300
300
300
300
300
300
300
300
300
300
300
300
300
300
300
300
300
300
300
300
300
300
300
300
300
300
300
300.001
300.001
300.001
300.001
300.002
300.002
300.003
300.005
300.007
300.009
300.012
300.017
300.023
300.032
300.045
300.061
300.085
300.117
300.161
300.223
300.307
300.423
300.584
300.804
301.107
301.521
302.086
302.853
303.887
305.267
307.087
309.441
312.411
316.031
320.206
324.746
329.097
332.603
332.819
300
300
300
300
300
300
300
300
300
300
300
300
300
300
300
300
300
300
300
300
300
300
300
300
300
300
300
300
300
300
300
300
300
300
300
300
300
300
300
300
300
300
300
300
300
300
300
300
300
300
300
300
300
300
300
300
300
300
300
300
300
300
300
300.001
300.001
300.001
300.001
300.002
300.003
300.004
300.005
300.007
300.01
300.014
300.019
300.026
300.036
300.05
300.069
300.095
300.131
300.181
300.25
300.345
300.476
300.656
300.902
301.239
301.697
302.317
303.148
304.25
305.691
307.53
309.81
312.489
315.488
318.403
320.988
320.981
300
300
300
300
300
300
300
300
300
300
300
300
300
300
300
300
300
300
300
300
300
300
300
300
300
300
300
300
300
300
300
300
300
300
300
300
300
300
300
300
300
300
300
300
300
300
300
300
300
300
300
300
300
300
300
300
300
300
300
300
300
300
300
300
300
300.001
300.001
300.001
300.002
300.002
300.003
300.004
300.006
300.008
300.011
300.015
300.021
300.029
300.041
300.056
300.078
300.107
300.148
300.204
300.282
300.388
300.534
300.733
301.005
301.372
301.865
302.52
303.378
304.479
305.854
307.487
309.34
311.177
312.852
312.953
300
300
300
300
300
300
300
300
300
300
300
300
300
300
300
300
300
300
300
300
300
300
300
300
300
300
300
300
300
300
300
300
300
300
300
300
300
300
300
300
300
300
300
300
300
300
300
300
300
300
300
300
300
300
300
300
300
300
300
300
300
300
300
300
300
300
300
300.001
300.001
300.001
300.002
300.002
300.003
300.005
300.007
300.009
300.013
300.017
300.024
300.033
300.046
300.063
300.087
300.121
300.166
300.229
300.315
300.433
300.593
300.809
301.099
301.484
301.989
302.636
303.446
304.412
305.516
306.622
307.649
307.751
300
300
300
300
300
300
300
300
300
300
300
300
300
300
300
300
300
300
300
300
300
300
300
300
300
300
300
300
300
300
300
300
300
300
300
300
300
300
300
300
300
300
300
300
300
300
300
300
300
300
300
300
300
300
300
300
300
300
300
300
300
300
300
300
300
300
300
300
300.001
300.001
300.001
300.001
300.002
300.003
300.004
300.005
300.007
300.01
300.014
300.02
300.027
300.037
300.052
300.071
300.098
300.135
300.186
300.255
300.349
300.476
300.646
300.872
301.166
301.543
302.015
302.578
303.223
303.873
304.481
304.556
300
300
300
300
300
300
300
300
300
300
300
300
300
300
300
300
300
300
300
300
300
300
300
300
300
300
300
300
300
300
300
300
300
300
300
300
300
300
300
300
300
300
300
300
300
300
300
300
300
300
300
300
300
300
300
300
300
300
300
300
300
300
300
300
300
300
300
300
300
300
300.001
300.001
300.001
300.002
300.002
300.003
300.004
300.006
300.008
300.012
300.016
300.022
300.03
300.042
300.058
300.08
300.11
300.151
300.206
300.28
300.38
300.511
300.682
300.902
301.175
301.501
301.875
302.252
302.607
302.654
300
300
300
300
300
300
300
300
300
300
300
300
300
300
300
300
300
300
300
300
300
300
300
300
300
300
300
300
300
300
300
300
300
300
300
300
300
300
300
300
300
300
300
300
300
300
300
300
300
300
300
300
300
300
300
300
300
300
300
300
300
300
300
300
300
300
300
300
300
300
300
300.001
300.001
300.001
300.001
300.002
300.003
300.004
300.005
300.007
300.009
300.013
300.018
300.025
300.034
300.047
300.065
300.089
300.121
300.165
300.223
300.3
300.399
300.527
300.685
300.874
301.09
301.308
301.513
301.542
300
300
300
300
300
300
300
300
300
300
300
300
300
300
300
300
300
300
300
300
300
300
300
300
300
300
300
300
300
300
300
300
300
300
300
300
300
300
300
300
300
300
300
300
300
300
300
300
300
300
300
300
300
300
300
300
300
300
300
300
300
300
300
300
300
300
300
300
300
300
300
300
300
300.001
300.001
300.001
300.002
300.002
300.003
300.004
300.006
300.008
300.011
300.015
300.02
300.028
300.038
300.052
300.071
300.097
300.131
300.176
300.234
300.308
300.4
300.509
300.634
300.76
300.879
300.895
300
300
300
300
300
300
300
300
300
300
300
300
300
300
300
300
300
300
300
300
300
300
300
300
300
300
300
300
300
300
300
300
300
300
300
300
300
300
300
300
300
300
300
300
300
300
300
300
300
300
300
300
300
300
300
300
300
300
300
300
300
300
300
300
300
300
300
300
300
300
300
300
300
300
300
300.001
300.001
300.001
300.002
300.002
300.003
300.005
300.006
300.009
300.012
300.016
300.023
300.031
300.042
300.057
300.077
300.103
300.137
300.18
300.234
300.297
300.369
300.442
300.511
300.52
300
300
300
300
300
300
300
300
300
300
300
300
300
300
300
300
300
300
300
300
300
300
300
300
300
300
300
300
300
300
300
300
300
300
300
300
300
300
300
300
300
300
300
300
300
300
300
300
300
300
300
300
300
300
300
300
300
300
300
300
300
300
300
300
300
300
300
300
300
300
300
300
300
300
300
300
300.001
300.001
300.001
300.001
300.002
300.003
300.004
300.005
300.007
300.01
300.013
300.018
300.025
300.034
300.045
300.061
300.08
300.106
300.137
300.174
300.216
300.258
300.298
300.303
300
300
300
300
300
300
300
300
300
300
300
300
300
300
300
300
300
300
300
300
300
300
300
300
300
300
300
300
300
300
300
300
300
300
300
300
300
300
300
300
300
300
300
300
300
300
300
300
300
300
300
300
300
300
300
300
300
300
300
300
300
300
300
300
300
300
300
300
300
300
300
300
300
300
300
300
300
300
300.001
300.001
300.001
300.002
300.002
300.003
300.004
300.006
300.008
300.011
300.015
300.02
300.027
300.036
300.047
300.062
300.08
300.102
300.126
300.151
300.174
300.177
300
300
300
300
300
300
300
300
300
300
300
300
300
300
300
300
300
300
300
300
300
300
300
300
300
300
300
300
300
300
300
300
300
300
300
300
300
300
300
300
300
300
300
300
300
300
300
300
300
300
300
300
300
300
300
300
300
300
300
300
300
300
300
300
300
300
300
300
300
300
300
300
300
300
300
300
300
300
300
300
300.001
300.001
300.001
300.002
300.002
300.003
300.005
300.006
300.009
300.012
300.016
300.021
300.028
300.036
300.047
300.06
300.074
300.088
300.102
300.104
300
300
300
300
300
300
300
300
300
300
300
300
300
300
300
300
300
300
300
300
300
300
300
300
300
300
300
300
300
300
300
300
300
300
300
300
300
300
300
300
300
300
300
300
300
300
300
300
300
300
300
300
300
300
300
300
300
300
300
300
300
300
300
300
300
300
300
300
300
300
300
300
300
300
300
300
300
300
300
300
300
300.001
300.001
300.001
300.001
300.002
300.003
300.004
300.005
300.007
300.009
300.012
300.016
300.021
300.028
300.035
300.043
300.052
300.06
300.061
300
300
300
300
300
300
300
300
300
300
300
300
300
300
300
300
300
300
300
300
300
300
300
300
300
300
300
300
300
300
300
300
300
300
300
300
300
300
300
300
300
300
300
300
300
300
300
300
300
300
300
300
300
300
300
300
300
300
300
300
300
300
300
300
300
300
300
300
300
300
300
300
300
300
300
300
300
300
300
300
300
300
300
300.001
300.001
300.001
300.002
300.002
300.003
300.004
300.005
300.007
300.01
300.013
300.016
300.021
300.026
300.03
300.035
300.036
300
300
300
300
300
300
300
300
300
300
300
300
300
300
300
300
300
300
300
300
300
300
300
300
300
300
300
300
300
300
300
300
300
300
300
300
300
300
300
300
300
300
300
300
300
300
300
300
300
300
300
300
300
300
300
300
300
300
300
300
300
300
300
300
300
300
300
300
300
300
300
300
300
300
300
300
300
300
300
300
300
300
300
300
300.001
300.001
300.001
300.001
300.002
300.002
300.003
300.004
300.006
300.007
300.01
300.012
300.015
300.018
300.021
300.021
300
300
300
300
300
300
300
300
300
300
300
300
300
300
300
300
300
300
300
300
300
300
300
300
300
300
300
300
300
300
300
300
300
300
300
300
300
300
300
300
300
300
300
300
300
300
300
300
300
300
300
300
300
300
300
300
300
300
300
300
300
300
300
300
300
300
300
300
300
300
300
300
300
300
300
300
300
300
300
300
300
300
300
300
300
300
300.001
300.001
300.001
300.001
300.002
300.003
300.003
300.004
300.006
300.007
300.009
300.011
300.012
300.012
300
300
300
300
300
300
300
300
300
300
300
300
300
300
300
300
300
300
300
300
300
300
300
300
300
300
300
300
300
300
300
300
300
300
300
300
300
300
300
300
300
300
300
300
300
300
300
300
300
300
300
300
300
300
300
300
300
300
300
300
300
300
300
300
300
300
300
300
300
300
300
300
300
300
300
300
300
300
300
300
300
300
300
300
300
300
300
300
300.001
300.001
300.001
300.002
300.002
300.003
300.003
300.004
300.005
300.006
300.007
300.007
300
300
300
300
300
300
300
300
300
300
300
300
300
300
300
300
300
300
300
300
300
300
300
300
300
300
300
300
300
300
300
300
300
300
300
300
300
300
300
300
300
300
300
300
300
300
300
300
300
300
300
300
300
300
300
300
300
300
300
300
300
300
300
300
300
300
300
300
300
300
300
300
300
300
300
300
300
300
300
300
300
300
300
300
300
300
300
300
300
300.001
300.001
300.001
300.001
300.002
300.002
300.003
300.003
300.004
300.004
300.004
300
300
300
300
300
300
300
300
300
300
300
300
300
300
300
300
300
300
300
300
300
300
300
300
300
300
300
300
300
300
300
300
300
300
300
300
300
300
300
300
300
300
300
300
300
300
300
300
300
300
300
300
300
300
300
300
300
300
300
300
300
300
300
300
300
300
300
300
300
300
300
300
300
300
300
300
300
300
300
300
300
300
300
300
300
300
300
300
300
300
300
300.001
300.001
300.001
300.001
300.001
300.002
300.002
300.003
300.003
300
300
300
300
300
300
300
300
300
300
300
300
300
300
300
300
300
300
300
300
300
300
300
300
300
300
300
300
300
300
300
300
300
300
300
300
300
300
300
300
300
300
300
300
300
300
300
300
300
300
300
300
300
300
300
300
300
300
300
300
300
300
300
300
300
300
300
300
300
300
300
300
300
300
300
300
300
300
300
300
300
300
300
300
300
300
300
300
300
300
300
300
300
300.001
300.001
300.001
300.001
300.001
300.001
300.002
300
300
300
300
300
300
300
300
300
300
300
300
300
300
300
300
300
300
300
300
300
300
300
300
300
300
300
300
300
300
300
300
300
300
300
300
300
300
300
300
300
300
300
300
300
300
300
300
300
300
300
300
300
300
300
300
300
300
300
300
300
300
300
300
300
300
300
300
300
300
300
300
300
300
300
300
300
300
300
300
300
300
300
300
300
300
300
300
300
300
300
300
300
300
300
300.001
300.001
300.001
300.001
300.001
300
300
300
300
300
300
300
300
300
300
300
300
300
300
300
300
300
300
300
300
300
300
300
300
300
300
300
300
300
300
300
300
300
300
300
300
300
300
300
300
300
300
300
300
300
300
300
300
300
300
300
300
300
300
300
300
300
300
300
300
300
300
300
300
300
300
300
300
300
300
300
300
300
300
300
300
300
300
300
300
300
300
300
300
300
300
300
300
300
300
300
300
300
300
300
300
300
300
300.001
300.001
300
300
300
300
300
300
300
300
300
300
300
300
300
300
300
300
300
300
300
300
300
300
300
300
300
300
300
300
300
300
300
300
300
300
300
300
300
300
300
300
300
300
300
300
300
300
300
300
300
300
300
300
300
300
300
300
300
300
300
300
300
300
300
300
300
300
300
300
300
300
300
300
300
300
300
300
300
300
300
300
300
300
300
300
300
300
300
300
300
300
300
300
300
300
300
300
300
300
300
300
300
300
300
300
300
300
300
300
300
300
300
300
300
300
300
300
300
300
300
300
300
300
300
300
300
300
300
300
300
300
300
300
300
300
300
300
300
300
300
300
300
300
300
300
300
300
300
300
300
300
300
300
300
300
300
300
300
300
300
300
300
300
300
300
300
300
300
300
300
300
300
300
300
300
300
300
300
300
300
300
300
300
300
300
300
300
300
300
300
300
300
300
300
300
300
300
300
300
300
300
300
300
300
300
300
300
300
300
300
300
300
300
300
300
300
300
300
300
300
300
300
300
300
300
300
300
300
300
300
300
300
300
300
300
300
300
300
300
300
300
300
300
300
300
300
300
300
300
300
300
300
300
300
300
300
300
300
300
300
300
300
300
300
300
300
300
300
300
300
300
300
300
300
300
300
300
300
300
300
300
300
300
300
300
300
300
300
300
300
300
300
300
300
300
300
300
300
300
300
300
300
300
300
300
300
300
300
300
300
300
300
300
300
300
300
300
300
300
300
300
300
300
300
300
300
300
300
300
300
300
300
300
300
300
300
300
300
300
300
300
300
300
300
300
300
300
300
300
300
300
300
300
300
300
300
300
300
300
300
300
300
300
300
300
300
300
300
300
300
300
300
300
300
300
300
300
300
300
300
300
300
300
300
300
300
300
300
300
300
300
300
300
300
300
300
300
300
300
300
300
300
300
300
300
300
300
300
300
300
300
300
300
300
300
300
300
300
300
300
300
300
300
300
300
300
300
300
300
300
300
300
300
300
300
300
300
300
300
300
300
300
300
300
300
300
300
300
300
300
300
300
300
300
300
300
300
300
300
300
300
300
300
300
300
300
300
300
300
300
300
300
300
300
300
300
300
300
300
300
300
300
300
300
300
300
300
300
300
300
300
300
300
300
300
300
300
300
300
300
300
300
300
300
300
300
300
300
300
300
300
300
300
300
300
300
300
300
300
300
300
300
300
300
300
300
300
300
300
300
300
300
300
300
300
300
300
300
300
300
300
300
300
300
300
300
300
300
300
300
300
300
300
300
300
300
300
300
300
300
300
300
300
300
300
300
300
300
300
300
300
300
300
300
300
300
300
300
300
300
300
300
300
300
300
300
300
300
300
300
300
300
300
300
300
300
300
300
300
300
300
300
300
300
300
300
300
300
300
300
300
300
300
300
300
300
300
300
300
300
300
300
300
300
300
300
300
300
300
300
300
300
300
300
300
300
300
300
300
300
300
300
300
300
300
300
300
300
300
300
300
300
300
300
300
300
300
300
300
300
300
300
300
300
300
300
300
300
300
300
300
300
300
300
300
300
300
300
300
300
300
300
300
300
300
300
300
300
300
300
300
300
300
300
300
300
300
300
300
300
300
300
300
300
300
300
300
300
300
300
300
300
300
300
300
300
300
300
300
300
300
300
300
300
300
300
300
300
300
300
300
300
300
300
300
300
300
300
300
300
300
300
300
300
300
300
300
300
300
300
300
300
300
300
300
300
300
300
300
300
300
300
300
300
300
300
300
300
300
300
300
300
300
300
300
300
300
300
300
300
300
300
300
300
300
300
300
300
300
300
300
300
300
300
300
300
300
300
300
300
300
300
300
300
300
300
300
300
300
300
300
300
300
300
300
300
300
300
300
300
300
300
300
300
300
300
300
300
300
300
300
300
300
300
300
300
300
300
300
300
300
300
300
300
300
300
300
300
300
300
300
300
300
300
300
300
300
300
300
300
300
300
300
300
300
300
300
300
300
300
300
300
300
300
300
300
300
300
300
300
300
300
300
300
300
300
300
300
300
300
300
300
300
300
300
300
300
300
300
300
300
300
300
300
300
300
300
300
300
300
300
300
300
300
300
300
300
300
300
300
300
300
300
300
300
300
300
300
300
300
300
300
300
300
300
300
300
300
300
300
300
300
300
300
300
300
300
300
300
300
300
300
300
300
300
300
300
300
300
300
300
300
300
300
300
300
300
300
300
300
300
300
300
300
300
300
300
300
300
300
300
300
300
300
300
300
300
300
300
300
300
300
300
300
300
300
300
300
300
300
300
300
300
300
300
300
300
300
300
300
300
300
300
300
300
300
300
300
300
300
300
300
300
300
300
300
300
300
300
300
300
300
300
300
300
300
300
300
300
300
300
300
300
300
300
300
300
300
300
300
300
300
300
300
300
300
300
300
300
300
300
300
300
300
300
300
300
300
300
300
300
300
300
300
300
300
300
300
300
300
300
300
300
300
300
300
300
300
300
300
300
300
300
300
300
300
300
300
300
300
300
300
300
300
300
300
300
300
300
300
300
300
300
300
300
300
300
300
300
300
300
300
300
300
300
300
300
300
300
300
300
300
300
300
300
300
300
300
300
300
300
300
300
300
300
300
300
300
300
300
300
300
300
300
300
300
300
300
300
300
300
300
300
300
300
300
300
300
300
300
300
300
300
300
300
300
300
300
300
300
300
300
300
300
300
300
300
300
300
300
300
300
300
300
300
300
300
300
300
300
300
300
300
300
300
300
300
300
300
300
300
300
300
300
300
300
300
300
300
300
300
300
300
300
300
300
300
300
300
300
300
300
300
300
300
300
300
300
300
300
300
300
300
300
300
300
300
300
300
300
300
300
300
300
300
300
300
300
300
300
300
300
300
300
300
300
300
300
300
300
300
300
300
300
300
300
300
300
300
300
300
300
300
300
300
300
300
300
300
300
300
300
300
300
300
300
300
300
300
300
300
300
300
300
300
300
300
300
300
300
300
300
300
300
300
300
300
300
300
300
300
300
300
300
300
300
300
300
300
300
300
300
300
300
300
300
300
300
300
300
300
300
300
300
300
300
300
300
300
300
300
300
300
300
300
300
300
300
300
300
300
300
300
300
300
300
300
300
300
300
300
300
300
300
300
300
300
300
300
300
300
300
300
300
300
300
300
300
300
300
300
300
300
300
300
300
300
300
300
300
300
300
300
300
300
300
300
300
300
300
300
300
300
300
300
300
300
300
300
300
300
300
300
300
300
300
300
300
300
300
300
300
300
300
300
300
300
300
300
300
300
300
300
300
300
300
300
300
300
300
300
300
300
300
300
300
300
300
300
300
300
300
300
300
300
300
300
300
300
300
300
300
300
300
300
300
300
300
300
300
300
300
300
300
300
300
300
300
300
300
300
300
300
300
300
300
300
300
300
300
300
300
300
300
300
300
300
300
300
300
300
300
300
300
300
300
300
300
300
300
300
300
300
300
300
300
300
300
300
300
300
300
300
300
300
300
300
300
300
300
300
300
300
300
300
300
300
300
300
300
300
300
300
300
300
300
300
300
300
300
300
300
300
300
300
300
300
300
300
300
300
300
300
300
300
300
300
300
300
300
300
300
300
300
300
300
300
300
300
300
300
300
300
300
300
300
300
300
300
300
300
300
300
300
300
300
300
300
300
300
300
300
300
300
300
300
300
300
300
300
300
300
300
300
300
300
300
300
300
300
300
300
300
300
300
300
300
300
300
300
300
300
300
300
300
300
300
300
300
300
300
300
300
300
300
300
300
300
300
300
300
300
300
300
300
300
300
300
300
300
300
300
300
300
300
300
300
300
300
300
300
300
300
300
300
300
300
300
300
300
300
300
300
300
300
300
300
300
300
300
300
300
300
300
300
300
300
300
300
300
300
300
300
300
300
300
300
300
300
300
300
300
300
300
300
300
300
300
300
300
300
300
300
300
300
300
300
300
300
300
300
300
300
300
300
300
300
300
300
300
300
300
300
300
300
300
300
300
300
300
300
300
300
300
300
300
300
300
300
300
300
300
300
300
300
300
300
300
300
300
300
300
300
300
300
300
300
300
300
300
300
300
300
300
300
300
300
300
300
300
300
300
300
300
300
300
300
300
300
300
300
300
300
300
300
300
300
300
300
300
300
300
300
300
300
300
300
300
300
300
300
300
300
300
300
300
300
300
300
300
300
300
300
300
300
300
300
300
300
300
300
300
300
300
300
300
300
300
300
300
300
300
300
300
300
300
300
300
300
300
300
300
300
300
300
300
300
300
300
300
300
300
300
300
300
300
300
300
300
300
300
300
300
300
300
300
300
300
300
300
300
300
300
300
300
300
300
300
300
300
300
300
300
300
300
300
300
300
300
300
300
300
300
300
300
300
300
300
300
300
300
300
300
300
300
300
300
300
300
300
300
300
300
300
300
300
300
300
300
300
300
300
300
300
300
300
300
300
300
300
300
300
300
300
300
300
300
300
300
300
300
300
300
300
300
300
300
300
300
300
300
300
300
300
300
300
300
300
300
300
300
300
300
300
300
300
300
300
300
300
300
300
300
300
300
300
300
300
300
300
300
300
300
300
300
300
300
300
300
300
300
300
300
300
300
300
300
300
300
300
300
300
300
300
300
300
300
300
300
300
300
300
300
300
300
300
300
300
300
300
300
300
300
300
300
300
300
300
300
300
300
300
300
300
300
300
300
300
300
300
300
300
300
300
300
300
300
300
300
300
300
300
300
300
300
300
300
300
300
300
300
300
300
300
300
300
300
300
300
300
300
300
300
300
300
300
300
300
300
300
300
300
300
300
300
300
300
300
300
300
300
300
300
300
300
300
300
300
300
300
300
300
300
300
300
300
300
300
300
300
300
300
300
300
300
300
300
300
300
300
300
300
300
300
300
300
300
300
300
300
300
300
300
300
300
300
300
300
300
300
300
300
300
300
300
300
300
300
300
300
300
300
300
300
300
300
300
300
300
300
300
300
300
300
300
300
300
300
300
300
300
300
300
300
300
300
300
300
300
300
300
300
300
300
300
300
300
300
300
300
300
300
300
300
300
300
300
300
300
300
300
300
300
300
300
300
300
300
300
300
300
300
300
300
300
300
300
300
300
300
300
300
300
300
300
300
300
300
300
300
300
300
300
300
300
300
300
300
300
300
300
300
300
300
300
300
300
300
300
300
300
300
300
300
300
300
300
300
300
300
300
300
300
300
300
300
300
300
300
300
300
300
300
300
300
300
300
300
300
300
300
300
300
300
300
300
300
300
300
300
300
300
300
300
300
300
300
300
300
300
300
300
300
300
300
300
300
300
300
300
300
300
300
300
300
300
300
300
300
300
300
300
300
300
300
300
300
300
300
300
300
300
300
300
300
300
300
300
300
300
300
300
300
300
300
300
300
300
300
300
300
300
300
300
300
300
300
300
300
300
300
300
300
300
300
300
300
300
300
300
300
300
300
300
300
300
300
300
300
300
300
300
300
300
300
300
300
300
300
300
300
300
300
300
300
300
300
300
300
300
300
300
300
300
300
300
300
300
300
300
300
300
300
300
300
300
300
300
300
300
300
300
300
300
300
300
300
300
300
300
300
300
300
300
300
300
300
300
300
300
300
300
300
300
300
300
300
300
300
300
300
300
300
300
300
300
300
300
300
300
300
300
300
300
300
300
300
300
300
300
300
)
;

boundaryField
{
    inlet
    {
        type            fixedValue;
        value           uniform 300;
    }
    sym
    {
        type            symmetry;
    }
    wedge
    {
        type            zeroGradient;
    }
    top
    {
        type            freestream;
        freestreamValue uniform 300;
        value           nonuniform List<scalar> 
150
(
300
300
300
300
300
300
300
300
300
300
300
300
300
300
300
300
300
300
300
300
300
300
300
300
300
300
300
300
300
300
300
300
300
300
300
300
300
300
300
300
300
300
300
300
300
300
300
300
300
300
300
300
300
300
300
300
300
300
300
300
300
300
300
300
300
300
300
300
300
300
300
300
300
300
300
300
300
300
300
300
300
300
300
300
300
300
300
300
300
300
300
300
300
300
300
300
300
300
300
300
300
300
300
300
300
300
300
300
300
300
300
300
300
300
300
300
300
300
300
300
300
300
300
300
300
300
300
300
300
300
300
300
300
300
300
300
300
300
300
300
300
300
300
300
300
300
300
300
300
300
)
;
    }
    back
    {
        type            empty;
    }
    front
    {
        type            empty;
    }
    outlet
    {
        type            inletOutlet;
        inletValue      uniform 300;
        value           nonuniform List<scalar> 
100
(
389.677
387.32
385.737
384.352
384.94
384.188
384.228
383.818
383.749
383.576
383.501
383.396
383.324
383.254
383.2
383.152
383.115
383.08
383.05
383.024
383.002
382.983
382.967
382.952
382.939
382.925
382.915
382.91
382.9
382.889
382.883
382.879
382.87
382.865
382.862
382.85
382.845
382.833
382.818
382.812
382.773
382.739
382.681
382.584
382.412
382.076
381.504
380.401
378.516
375.163
369.665
360.868
348.292
332.803
320.958
312.934
307.74
304.549
302.651
301.54
300.894
300.52
300.303
300.177
300.103
300.061
300.036
300.021
300.012
300.007
300.004
300.003
300.002
300.001
300.001
300
300
300
300
300
300
300
300
300
300
300
300
300
300
300
300
300
300
300
300
300
300
300
300
300
)
;
    }
}


// ************************************************************************* //
