/*--------------------------------*- C++ -*----------------------------------*\
| =========                 |                                                 |
| \\      /  F ield         | OpenFOAM: The Open Source CFD Toolbox           |
|  \\    /   O peration     | Version:  2412                                  |
|   \\  /    A nd           | Website:  www.openfoam.com                      |
|    \\/     M anipulation  |                                                 |
\*---------------------------------------------------------------------------*/
FoamFile
{
    version     2.0;
    format      ascii;
    arch        "LSB;label=32;scalar=64";
    class       volScalarField;
    location    "6.5";
    object      Ma;
}
// * * * * * * * * * * * * * * * * * * * * * * * * * * * * * * * * * * * * * //

dimensions      [0 0 0 0 0 0 0];

internalField   nonuniform List<scalar> 
5250
(
2.99999
2.99996
2.99985
2.9997
2.9991
2.99823
2.99493
2.98935
2.97132
2.93057
2.83066
2.55062
2.03675
1.01869
0.454641
0.312776
0.331727
0.329736
0.295821
0.242692
0.1939
0.15402
0.114142
0.070467
0.0378947
2.99999
2.99996
2.99986
2.99971
2.99911
2.99826
2.99502
2.98952
2.97179
2.93164
2.83336
2.55709
2.05058
1.0341
0.464935
0.313954
0.333627
0.332474
0.298899
0.246641
0.199022
0.160467
0.122737
0.0840806
0.0602409
2.99999
2.99996
2.99986
2.99972
2.99914
2.99831
2.99516
2.98984
2.97263
2.93375
2.83826
2.57013
2.07573
1.06929
0.487342
0.317101
0.338906
0.340041
0.307698
0.257757
0.212835
0.177415
0.144258
0.113262
0.0966447
2.99999
2.99996
2.99987
2.99973
2.99918
2.99839
2.99538
2.99031
2.97387
2.93692
2.84567
2.59025
2.11499
1.12632
0.522217
0.322485
0.347999
0.352835
0.322281
0.275524
0.233984
0.202339
0.174123
0.149282
0.136559
2.99999
2.99997
2.99988
2.99975
2.99923
2.99849
2.99567
2.99094
2.97552
2.94114
2.8555
2.61735
2.16848
1.20748
0.569273
0.331261
0.361539
0.371066
0.342447
0.29916
0.261049
0.233139
0.20941
0.189443
0.179223
2.99999
2.99997
2.99988
2.99977
2.99928
2.9986
2.99594
2.99167
2.97727
2.94667
2.86758
2.65196
2.23679
1.31744
0.629777
0.346827
0.381454
0.395736
0.368829
0.329277
0.294437
0.270052
0.25059
0.234881
0.227393
2.99999
2.99997
2.9999
2.99979
2.99935
2.99873
2.99627
2.99249
2.97927
2.95294
2.88129
2.69177
2.31715
1.45529
0.703494
0.375873
0.411969
0.428522
0.402768
0.366587
0.334339
0.313268
0.298214
0.287825
0.284945
2.99999
2.99998
2.99991
2.99981
2.99941
2.99886
2.99663
2.99335
2.98135
2.95948
2.89536
2.73457
2.40512
1.63398
0.794268
0.424969
0.457547
0.471529
0.447418
0.413562
0.38303
0.364955
0.354367
0.35074
0.357698
3
2.99998
2.99992
2.99983
2.99948
2.99899
2.99699
2.9941
2.98319
2.96456
2.90629
2.76971
2.46953
1.77798
0.870207
0.460244
0.490865
0.505705
0.49141
0.463
0.437227
0.423733
0.420025
0.42881
0.458436
3
2.99998
2.99993
2.99985
2.99955
2.99911
2.99737
2.99478
2.98516
2.96868
2.91634
2.79723
2.5201
1.87616
0.97352
0.519656
0.515862
0.530022
0.529341
0.510648
0.493697
0.487266
0.496333
0.531586
0.625847
3
2.99998
2.99996
2.99986
2.99971
2.99918
2.99824
2.99534
2.98884
2.97219
2.92874
2.8323
2.54515
2.02437
1.05249
0.585657
0.525599
0.545457
0.557312
0.552413
0.547124
0.552784
0.582157
0.6564
0.820447
3
2.99999
2.99995
2.99989
2.99966
2.99933
2.99806
2.99606
2.98919
2.97582
2.93779
2.84297
2.63767
2.07475
1.24476
0.671337
0.540124
0.561122
0.58173
0.589587
0.596132
0.615306
0.66154
0.753908
0.92211
3
2.99999
2.99996
2.99991
2.9997
2.99942
2.99826
2.99661
2.99017
2.97984
2.94517
2.86955
2.6879
2.21797
1.4305
0.769638
0.563891
0.583839
0.607728
0.624326
0.641471
0.67183
0.72713
0.817056
0.956509
3
2.99999
2.99996
2.99992
2.99975
2.9995
2.99851
2.9971
2.9915
2.9831
2.95275
2.89631
2.73929
2.37131
1.64861
0.886861
0.610136
0.622107
0.641703
0.661062
0.682862
0.718954
0.776617
0.857311
0.972828
3
3
2.99997
2.99994
2.99979
2.99959
2.99878
2.99762
2.99303
2.98622
2.96122
2.91687
2.78598
2.49697
1.85923
1.00454
0.669047
0.663324
0.680414
0.700653
0.722897
0.758302
0.815055
0.887226
0.985346
3
3
2.99998
2.99995
2.99984
2.99968
2.99904
2.99813
2.99459
2.98912
2.97028
2.93217
2.83242
2.57138
2.07121
1.14744
0.747663
0.695439
0.712518
0.733547
0.758585
0.79256
0.844145
0.91068
0.995877
3
3
2.99998
2.99996
2.99987
2.99975
2.99924
2.99852
2.99571
2.99139
2.97639
2.94651
2.86602
2.65471
2.24512
1.37418
0.865075
0.728185
0.739397
0.759608
0.789144
0.823418
0.871134
0.929883
1.00403
3.00001
3
2.99999
2.99997
2.9999
2.9998
2.9994
2.99885
2.9966
2.99331
2.98132
2.95945
2.89591
2.73653
2.41269
1.6404
1.02247
0.784282
0.77465
0.788253
0.816306
0.85132
0.895735
0.949873
1.01277
3.00001
3
2.99999
2.99998
2.99993
2.99985
2.99955
2.99912
2.99742
2.99494
2.98558
2.97014
2.92042
2.81132
2.55589
1.9724
1.18648
0.860607
0.821445
0.828299
0.849868
0.880487
0.91872
0.967112
1.02403
3.00001
3
3
2.99998
2.99996
2.99987
2.99974
2.99924
2.99848
2.9958
2.99096
2.97639
2.94269
2.86183
2.63931
2.21872
1.37119
0.955138
0.857939
0.863061
0.881605
0.910969
0.942807
0.983557
1.03366
3.00001
3
3
2.99999
2.99997
2.9999
2.9998
2.9994
2.99883
2.99656
2.99322
2.98101
2.9593
2.89507
2.74063
2.41152
1.70282
1.1029
0.909563
0.898794
0.911809
0.93732
0.970685
1.00444
1.04591
3.00001
3.00001
3
3
2.99998
2.99994
2.99982
2.99964
2.99896
2.99793
2.99413
2.98794
2.9672
2.92801
2.81444
2.57838
1.98526
1.2941
0.987946
0.937753
0.942518
0.962034
0.992715
1.02633
1.06306
3.00001
3.00001
3
3
2.99999
2.99995
2.9999
2.9997
2.99941
2.99831
2.99658
2.99074
2.97952
2.94776
2.87031
2.7014
2.24521
1.52571
1.0967
0.983646
0.976043
0.987739
1.01231
1.0446
1.07959
3.00001
3.00001
3
3
2.99999
2.99998
2.99992
2.99983
2.99951
2.99902
2.99724
2.99429
2.98481
2.9653
2.91377
2.783
2.51574
1.88712
1.26066
1.03797
1.01218
1.01829
1.03773
1.06592
1.09734
3.00001
3.00001
3.00001
3
3
2.99998
2.99995
2.99985
2.99971
2.99914
2.9983
2.99515
2.99021
2.97326
2.94135
2.85442
2.64447
2.19599
1.45692
1.11423
1.04576
1.04638
1.06226
1.0882
1.11654
3.00001
3.00001
3.00001
3
3
2.99999
2.99997
2.9999
2.9998
2.9994
2.99883
2.99662
2.99334
2.9814
2.9608
2.89886
2.75608
2.4444
1.78776
1.26141
1.09342
1.07848
1.08758
1.10974
1.13933
3.00001
3.00001
3.00001
3.00001
3
3
2.99998
2.99995
2.99984
2.99967
2.99905
2.99809
2.99466
2.98903
2.97045
2.93596
2.83444
2.63222
2.09701
1.47029
1.17357
1.11431
1.11472
1.13036
1.15557
3.00001
3.00001
3.00001
3.00001
3
3
2.99999
2.99996
2.99991
2.99974
2.99948
2.9985
2.99702
2.99173
2.9828
2.95474
2.89364
2.74975
2.39096
1.73914
1.29924
1.16383
1.1462
1.15351
1.17221
3.00001
3.00001
3.00001
3.00001
3.00001
3
2.99999
2.99998
2.99993
2.99986
2.99959
2.99919
2.99768
2.99539
2.98728
2.97341
2.93107
2.8374
2.62599
2.13663
1.4883
1.23184
1.18508
1.18233
1.19492
3.00001
3.00001
3.00001
3.00001
3.00001
3
3
2.99999
2.99996
2.99991
2.99973
2.99946
2.99845
2.99698
2.99138
2.98282
2.95333
2.89737
2.7518
2.4054
1.76987
1.34799
1.22228
1.2094
1.21639
3.00001
3.00001
3.00001
3.00001
3.00001
3.00001
3
2.99999
2.99998
2.99993
2.99986
2.99959
2.9992
2.99772
2.9955
2.98753
2.97426
2.9331
2.84509
2.63827
2.17586
1.5466
1.29143
1.24365
1.24097
3.00001
3.00001
3.00001
3.00001
3.00001
3.00001
3
3
2.99999
2.99996
2.99991
2.99974
2.99949
2.99852
2.99713
2.99183
2.98375
2.95595
2.90384
2.76666
2.44564
1.83707
1.41613
1.28261
1.26546
3.00001
3.00001
3.00001
3.00001
3.00001
3.00001
3.00001
3
3
2.99998
2.99994
2.99987
2.99963
2.99926
2.99792
2.99586
2.98865
2.97639
2.93883
2.85701
2.67045
2.23162
1.61629
1.35391
1.29991
3.00001
3.00001
3.00001
3.00001
3.00001
3.00001
3.00001
3
3
2.99999
2.99997
2.99991
2.99981
2.99945
2.99892
2.99696
2.99396
2.98364
2.96515
2.91193
2.78842
2.52987
1.94771
1.50183
1.34302
3.00001
3.00001
3.00001
3.00001
3.00001
3.00001
3.00001
3.00001
3
3
2.99999
2.99994
2.99989
2.99966
2.99934
2.99809
2.99631
2.98952
2.97927
2.94454
2.87656
2.71293
2.31104
1.72782
1.42945
3.00001
3.00001
3.00001
3.00001
3.00001
3.00001
3.00001
3.00001
3.00001
3
2.99999
2.99997
2.99993
2.9998
2.9996
2.99887
2.99779
2.99379
2.98769
2.96679
2.92917
2.82504
2.59958
2.09535
1.60362
3.00001
3.00001
3.00001
3.00001
3.00001
3.00001
3.00001
3.00001
3.00001
3
3
2.99999
2.99996
2.99991
2.99972
2.99945
2.99844
2.99693
2.99164
2.98257
2.95529
2.89487
2.7594
2.40694
1.84451
3.00001
3.00001
3.00001
3.00001
3.00001
3.00001
3.00001
3.00001
3.00001
3.00001
3
3
2.99998
2.99994
2.99983
2.99966
2.99903
2.99811
2.99469
2.98947
2.97137
2.94045
2.84658
2.66773
2.19634
3.00001
3.00001
3.00001
3.00001
3.00001
3.00001
3.00001
3.00001
3.00001
3.00001
3
3
2.99999
2.99996
2.99992
2.99976
2.99952
2.99865
2.99732
2.99261
2.98503
2.96048
2.91326
2.79175
2.51479
3.00001
3.00001
3.00001
3.00001
3.00001
3.00001
3.00001
3.00001
3.00001
3.00001
3.00001
3
2.99999
2.99998
2.99994
2.99987
2.99962
2.99925
2.99786
2.9958
2.98829
2.97628
2.93752
2.86079
2.67019
3.00001
3.00001
3.00001
3.00001
3.00001
3.00001
3.00001
3.00001
3.00001
3.00001
3.00001
3
3
2.99999
2.99995
2.9999
2.99971
2.99943
2.99834
2.99675
2.99072
2.98129
2.94893
2.88737
2.72043
3.00001
3.00001
3.00001
3.00001
3.00001
3.00001
3.00001
3.00001
3.00001
3.00001
3.00001
3
3
2.99999
2.99997
2.99991
2.99981
2.99945
2.99889
2.99694
2.99336
2.9827
2.95785
2.89751
2.73065
3.00001
3.00001
3.00001
3.00001
3.00001
3.00001
3.00001
3.00001
3.00001
3.00001
3.00001
3.00001
3
2.99999
2.99997
2.99993
2.99978
2.99955
2.99869
2.99736
2.9926
2.98401
2.95752
2.89617
2.74958
3.00001
3.00001
3.00001
3.00001
3.00001
3.00001
3.00001
3.00001
3.00001
3.00001
3.00001
3
3
2.99999
2.99998
2.99991
2.99983
2.99947
2.99896
2.99699
2.99384
2.98318
2.96138
2.90198
2.74632
3.00001
3.00001
3.00001
3.00001
3.00001
3.00001
3.00001
3.00001
3.00001
3.00001
3.00001
3
3
2.99999
2.99998
2.99992
2.99983
2.99948
2.99898
2.99702
2.99394
2.98336
2.96217
2.90338
2.75054
3.00001
3.00001
3.00001
3.00001
3.00001
3.00001
3.00001
3.00001
3.00001
3.00001
3.00001
3.00001
3
2.99999
2.99997
2.99993
2.99978
2.99956
2.9987
2.99743
2.99249
2.98473
2.95774
2.9031
2.75888
3.00001
3.00001
3.00001
3.00001
3.00001
3.00001
3.00001
3.00001
3.00001
3.00001
3.00001
3.00001
3
2.99999
2.99997
2.99993
2.99978
2.99957
2.99869
2.99744
2.99243
2.98489
2.95733
2.9059
2.76016
3.00001
3.00001
3.00001
3.00001
3.00001
3.00001
3.00001
3.00001
3.00001
3.00001
3.00001
3.00001
3
2.99999
2.99997
2.99993
2.99978
2.99957
2.99872
2.99747
2.99261
2.98495
2.9583
2.90502
2.76308
3.00001
3.00001
3.00001
3.00001
3.00001
3.00001
3.00001
3.00001
3.00001
3.00001
3.00001
3.00001
3
2.99999
2.99998
2.99992
2.99984
2.99953
2.99904
2.99733
2.99417
2.98465
2.96241
2.90721
2.75608
3.00001
3.00001
3.00001
3.00001
3.00001
3.00001
3.00001
3.00001
3.00001
3.00001
3.00001
3.00001
3
2.99999
2.99997
2.99993
2.99979
2.99958
2.99874
2.99751
2.99271
2.98515
2.95892
2.90597
2.76612
1.00505
0.942295
0.449106
0.20963
0.169293
0.305799
0.383399
0.421333
0.449032
0.484722
0.524629
0.560006
0.590922
0.620875
0.652371
0.68366
0.713304
0.739603
0.764694
0.790285
0.811017
0.821675
0.825409
0.822561
0.808438
0.777894
0.735249
0.684888
0.631212
0.577812
0.525139
0.4749
0.426184
0.3807
0.337415
0.296367
0.25723
0.219268
0.182108
0.146555
0.112426
0.0797392
0.0487804
0.0237022
0.0235131
0.0488074
0.0762622
0.102475
0.127831
0.152039
0.174851
0.197131
0.220171
0.242828
0.264691
0.285626
0.306002
0.325793
0.345175
0.364027
0.382515
0.400544
0.418276
0.435578
0.45265
0.469333
0.485839
0.501985
0.51798
0.533658
0.549205
0.564469
0.579606
0.594499
0.609272
0.62384
0.638285
0.652549
0.66669
0.680665
0.694528
0.70822
0.721812
0.735226
0.748544
0.761689
0.774732
0.7876
0.800349
0.812896
0.825295
0.837423
0.849335
0.860811
0.871908
0.882218
0.891734
0.899749
0.905941
0.910345
1.02514
0.9672
0.727247
0.438808
0.357614
0.251233
0.138307
0.0543549
0.139964
0.2173
0.280005
0.323251
0.35436
0.385087
0.419834
0.455327
0.488749
0.51849
0.545428
0.57261
0.596663
0.609863
0.612477
0.607246
0.588378
0.553989
0.506804
0.452839
0.397987
0.34421
0.293068
0.24445
0.198828
0.157022
0.118408
0.0838309
0.0555582
0.0424897
0.0544776
0.0776677
0.104722
0.13164
0.158225
0.18353
0.207403
0.231053
0.25467
0.277705
0.300182
0.321873
0.342417
0.362342
0.382716
0.403125
0.422751
0.441559
0.459894
0.477725
0.495239
0.512297
0.529092
0.545459
0.561586
0.577332
0.592862
0.608087
0.623123
0.637916
0.652529
0.666942
0.681162
0.695211
0.709063
0.722778
0.736303
0.749721
0.762961
0.776105
0.789086
0.801966
0.814696
0.827315
0.83979
0.852154
0.864371
0.876479
0.888441
0.900279
0.91198
0.923502
0.934905
0.946012
0.956999
0.967473
0.977758
0.987161
0.99613
1.00349
1.00934
1.01308
1.03771
1.04617
0.958188
0.801431
0.692188
0.603998
0.503752
0.398324
0.304601
0.22241
0.148524
0.0853674
0.0668247
0.111379
0.159433
0.201966
0.240019
0.272811
0.300955
0.327098
0.351875
0.3675
0.367244
0.355543
0.334456
0.299476
0.249907
0.20114
0.155216
0.116914
0.091904
0.085381
0.0978221
0.120135
0.147072
0.174883
0.202591
0.229273
0.254663
0.279476
0.303969
0.327739
0.350721
0.372725
0.393785
0.41428
0.434469
0.454155
0.473416
0.492006
0.509633
0.526598
0.543682
0.561161
0.578052
0.594364
0.610113
0.625541
0.640599
0.655398
0.669866
0.684134
0.698082
0.711864
0.725329
0.738675
0.751741
0.764744
0.77751
0.790247
0.802774
0.815268
0.827578
0.839841
0.851976
0.864027
0.876023
0.887869
0.899744
0.911379
0.923134
0.934549
0.94618
0.957369
0.968866
0.979826
0.991178
1.0019
1.01308
1.02352
1.03446
1.04455
1.05511
1.06473
1.07476
1.08357
1.09233
1.09925
1.10498
1.10835
1.05575
1.09725
1.07815
1.00826
0.931066
0.856838
0.779746
0.693955
0.611967
0.537717
0.465159
0.395664
0.327305
0.26692
0.212956
0.163329
0.118676
0.080661
0.0549155
0.0565018
0.0740287
0.0985078
0.10737
0.0784752
0.0658048
0.0736432
0.11329
0.147494
0.184558
0.220752
0.254474
0.285048
0.313016
0.339855
0.365774
0.390526
0.414298
0.436781
0.458322
0.478935
0.499177
0.518569
0.537519
0.555508
0.573003
0.589785
0.606436
0.622495
0.638519
0.653835
0.668632
0.682425
0.696473
0.710777
0.725301
0.738999
0.75244
0.765385
0.778283
0.79079
0.803287
0.815412
0.827559
0.839351
0.851185
0.862658
0.874205
0.885387
0.896701
0.907624
0.918742
0.929425
0.94039
0.950865
0.961709
0.972006
0.982749
0.992889
1.00351
1.01351
1.024
1.03387
1.04421
1.054
1.06417
1.07392
1.08395
1.09369
1.10358
1.11329
1.12304
1.13277
1.14239
1.15197
1.16109
1.17
1.17798
1.18533
1.19063
1.19457
1.06898
1.1225
1.14158
1.11823
1.07728
1.02952
0.976
0.916398
0.854076
0.792686
0.731212
0.668546
0.608452
0.552339
0.500194
0.451349
0.403681
0.358551
0.31596
0.276486
0.241755
0.214197
0.201054
0.216844
0.250765
0.296331
0.344689
0.388556
0.42733
0.460184
0.488925
0.51411
0.536458
0.557151
0.576775
0.595409
0.613114
0.629912
0.645825
0.661104
0.675864
0.69016
0.70394
0.717269
0.730113
0.742652
0.754907
0.767009
0.778976
0.790792
0.802115
0.812786
0.823366
0.834451
0.845984
0.857214
0.868101
0.878741
0.889276
0.899704
0.910122
0.920434
0.930771
0.940963
0.95121
0.961293
0.971475
0.981496
0.991641
1.00161
1.0117
1.02159
1.03157
1.04139
1.05126
1.061
1.07075
1.08044
1.0901
1.09975
1.1093
1.11891
1.12836
1.1379
1.14725
1.15668
1.16592
1.17522
1.18443
1.19365
1.20281
1.21176
1.2207
1.22922
1.23776
1.24557
1.25321
1.25953
1.26485
1.26774
1.0773
1.13681
1.16998
1.17793
1.1626
1.13887
1.10737
1.07037
1.02858
0.984634
0.938353
0.890892
0.84209
0.794738
0.74837
0.703429
0.660152
0.616484
0.574859
0.535325
0.501228
0.474471
0.463369
0.470823
0.497193
0.536108
0.580503
0.623682
0.661223
0.690181
0.711604
0.728626
0.742354
0.754986
0.766982
0.778426
0.789264
0.799467
0.809091
0.818288
0.827236
0.835946
0.844587
0.85306
0.861488
0.869803
0.878163
0.886517
0.895016
0.903577
0.912039
0.919985
0.927871
0.936116
0.945137
0.954281
0.963319
0.972097
0.98089
0.989588
0.9984
1.00714
1.016
1.02476
1.03365
1.04242
1.05132
1.06007
1.06895
1.07766
1.08656
1.09527
1.10423
1.11297
1.12202
1.1308
1.13994
1.14871
1.1579
1.16666
1.17586
1.18459
1.19378
1.20251
1.21172
1.22057
1.22988
1.23887
1.24814
1.25713
1.26628
1.27519
1.28413
1.29283
1.30136
1.30955
1.3172
1.32415
1.32957
1.33321
1.07985
1.14291
1.18614
1.20853
1.2146
1.20756
1.19331
1.1727
1.14799
1.11968
1.08913
1.05617
1.02159
0.985319
0.949048
0.911846
0.874438
0.835625
0.795475
0.756702
0.719712
0.691765
0.674379
0.67361
0.694932
0.735374
0.782479
0.827496
0.865484
0.894407
0.9114
0.918927
0.9214
0.922332
0.924356
0.926863
0.929986
0.933408
0.93694
0.940693
0.944584
0.948644
0.952937
0.957449
0.962238
0.967331
0.972693
0.978417
0.984409
0.990773
0.997242
1.00351
1.00962
1.01602
1.0232
1.03094
1.03881
1.04653
1.05433
1.06202
1.06991
1.07771
1.08575
1.09365
1.10182
1.10981
1.11809
1.12618
1.13457
1.14274
1.15121
1.15944
1.16796
1.17624
1.18477
1.1931
1.2016
1.20999
1.21843
1.22687
1.23521
1.24372
1.25199
1.26066
1.26893
1.27766
1.28585
1.29458
1.30271
1.31137
1.31946
1.32799
1.33596
1.34427
1.35201
1.35988
1.36702
1.37383
1.37914
1.38271
1.08093
1.1433
1.19223
1.22529
1.24366
1.25091
1.24943
1.24188
1.22934
1.21396
1.19557
1.17476
1.15199
1.1269
1.10072
1.07266
1.04198
1.00825
0.970373
0.932285
0.895536
0.861394
0.831458
0.824897
0.846582
0.886752
0.93553
0.982259
1.01921
1.04734
1.06563
1.07231
1.0675
1.0586
1.04999
1.04346
1.03932
1.03736
1.03648
1.0369
1.03767
1.03898
1.04069
1.04284
1.04554
1.04855
1.05211
1.05594
1.06033
1.06502
1.07021
1.07531
1.08029
1.08527
1.09092
1.09722
1.10392
1.11061
1.11741
1.12416
1.13107
1.13799
1.14511
1.15222
1.15952
1.1668
1.17424
1.18168
1.18924
1.19684
1.20452
1.21228
1.22006
1.22799
1.23585
1.24392
1.25186
1.26004
1.26805
1.27632
1.28447
1.29286
1.30114
1.30951
1.31784
1.32618
1.33455
1.34285
1.35121
1.35943
1.36772
1.37581
1.38395
1.39181
1.39969
1.40714
1.41444
1.4209
1.42651
1.42973
1.08396
1.14233
1.19301
1.23213
1.25928
1.27631
1.28474
1.28753
1.285
1.27877
1.27041
1.25869
1.24578
1.22959
1.2118
1.19122
1.16583
1.13513
1.09966
1.06353
1.02265
0.974361
0.936695
0.931695
0.955237
0.99354
1.04215
1.09024
1.13023
1.15732
1.17797
1.18886
1.19003
1.18142
1.16717
1.15273
1.14059
1.1315
1.12567
1.1218
1.11964
1.11835
1.11786
1.11802
1.11861
1.11966
1.1212
1.12316
1.12566
1.12857
1.13211
1.13583
1.1396
1.14327
1.14748
1.1523
1.15787
1.16357
1.16952
1.17544
1.18158
1.18772
1.19411
1.20052
1.20719
1.21388
1.22078
1.22771
1.23482
1.24197
1.24927
1.25662
1.26411
1.27164
1.27932
1.28699
1.2948
1.30256
1.31051
1.31836
1.32638
1.33422
1.34224
1.35013
1.35816
1.36611
1.37416
1.38216
1.39021
1.39822
1.40627
1.41422
1.42224
1.43004
1.4379
1.44541
1.45279
1.45948
1.46529
1.46882
1.08844
1.1424
1.192
1.23423
1.26657
1.29072
1.30659
1.3168
1.322
1.32366
1.32221
1.31821
1.31192
1.30331
1.29118
1.27545
1.25219
1.2232
1.19112
1.15102
1.09863
1.03669
1.00147
1.00291
1.0266
1.06487
1.11305
1.16453
1.20602
1.23559
1.25422
1.26863
1.27553
1.27548
1.26714
1.2522
1.23379
1.2165
1.20232
1.19184
1.18469
1.18001
1.17696
1.17517
1.17382
1.17332
1.17305
1.17353
1.17447
1.17597
1.17816
1.18079
1.18384
1.18664
1.18985
1.19349
1.19811
1.20301
1.20832
1.21364
1.21924
1.22485
1.23073
1.23667
1.24286
1.24913
1.25563
1.26219
1.26897
1.27577
1.28281
1.28984
1.29712
1.30437
1.31186
1.3193
1.32698
1.33463
1.34241
1.35018
1.35801
1.36589
1.37374
1.38171
1.38957
1.39756
1.40543
1.41343
1.42131
1.42929
1.43715
1.4451
1.4529
1.46076
1.46838
1.47601
1.48321
1.49013
1.49594
1.49978
1.09418
1.14411
1.19133
1.23404
1.26947
1.29808
1.31945
1.33543
1.34631
1.35381
1.35799
1.35984
1.35886
1.35478
1.34674
1.33122
1.31007
1.28197
1.24844
1.19826
1.12585
1.06074
1.03842
1.04812
1.07281
1.1118
1.16151
1.2109
1.2527
1.28444
1.30733
1.32263
1.33366
1.33889
1.33909
1.33355
1.32019
1.30122
1.28102
1.26327
1.24912
1.23885
1.23187
1.22724
1.2243
1.22232
1.2211
1.22052
1.22044
1.22099
1.22216
1.2239
1.22621
1.22857
1.23108
1.23385
1.23744
1.24165
1.24634
1.25118
1.25631
1.26153
1.267
1.27258
1.2784
1.28436
1.29053
1.29684
1.3033
1.30992
1.31665
1.32355
1.33054
1.33768
1.34489
1.35229
1.35965
1.36714
1.37455
1.38213
1.38962
1.39729
1.40486
1.4126
1.42025
1.42803
1.43574
1.44354
1.45129
1.45908
1.46683
1.47458
1.48232
1.48996
1.4976
1.50498
1.51229
1.51894
1.52497
1.52851
1.10372
1.14847
1.19249
1.23402
1.27038
1.30148
1.32668
1.34658
1.36216
1.37368
1.38239
1.38801
1.39079
1.3896
1.38164
1.3655
1.34449
1.3154
1.27161
1.20183
1.11727
1.06708
1.06014
1.07469
1.10274
1.14496
1.19409
1.23947
1.27851
1.31137
1.3378
1.3579
1.37173
1.38099
1.38677
1.38819
1.38513
1.37508
1.35883
1.33826
1.31787
1.30008
1.28605
1.27601
1.26925
1.26495
1.26226
1.2606
1.25969
1.2593
1.25954
1.26033
1.26179
1.26358
1.26561
1.26767
1.27033
1.27367
1.27778
1.28217
1.28691
1.2918
1.29698
1.30226
1.30783
1.31349
1.31944
1.32545
1.33174
1.33808
1.34469
1.35132
1.35822
1.36515
1.37229
1.3794
1.38668
1.39395
1.40136
1.40879
1.41631
1.42388
1.43148
1.43915
1.44682
1.45455
1.46228
1.47003
1.4778
1.48551
1.4933
1.50095
1.50872
1.51628
1.52394
1.53134
1.53867
1.54551
1.55163
1.55549
1.11698
1.15664
1.19646
1.23553
1.27135
1.30315
1.33043
1.35321
1.37174
1.38688
1.39835
1.40699
1.41153
1.41021
1.39995
1.38353
1.35999
1.32263
1.25994
1.16909
1.0942
1.06967
1.07548
1.09314
1.12469
1.16848
1.21396
1.25498
1.29144
1.32359
1.35151
1.37497
1.39388
1.408
1.41718
1.42324
1.42602
1.42541
1.41954
1.40677
1.38786
1.36644
1.34601
1.32874
1.31571
1.30662
1.30085
1.29729
1.29532
1.29417
1.29372
1.29376
1.2944
1.29552
1.29713
1.2987
1.30064
1.30301
1.30632
1.31018
1.31453
1.31906
1.32392
1.32891
1.33419
1.33958
1.34523
1.35101
1.35703
1.3632
1.36958
1.37611
1.38283
1.38965
1.39651
1.40351
1.41052
1.4177
1.42485
1.43218
1.43945
1.44692
1.4543
1.46187
1.46935
1.47699
1.48454
1.49221
1.49981
1.50749
1.51509
1.52274
1.53031
1.53787
1.54533
1.5527
1.55988
1.56666
1.57273
1.57654
1.13133
1.16761
1.20435
1.2402
1.27431
1.30538
1.33303
1.35725
1.37725
1.39453
1.40775
1.41759
1.42189
1.41678
1.40435
1.38568
1.35499
1.29973
1.20946
1.1196
1.0771
1.07301
1.08413
1.10754
1.14357
1.18517
1.22511
1.26159
1.29526
1.32593
1.35416
1.37923
1.40159
1.41999
1.43507
1.44567
1.45261
1.45686
1.45844
1.45602
1.44768
1.43297
1.41282
1.39171
1.37222
1.35624
1.34445
1.33655
1.33171
1.32895
1.32753
1.32695
1.32702
1.3276
1.32875
1.33017
1.33173
1.33349
1.33595
1.3392
1.34316
1.34742
1.35204
1.35681
1.36188
1.36705
1.37253
1.3781
1.38398
1.38995
1.39622
1.4026
1.40915
1.41579
1.42254
1.42941
1.43634
1.44342
1.45051
1.45776
1.465
1.47239
1.47976
1.48723
1.49472
1.50223
1.5098
1.51731
1.52494
1.53241
1.54006
1.54747
1.55509
1.56242
1.56994
1.5771
1.58433
1.59095
1.5971
1.60081
1.14654
1.17883
1.2125
1.24642
1.2789
1.3097
1.33649
1.36139
1.38178
1.39943
1.41297
1.42131
1.42128
1.41195
1.39714
1.37124
1.32263
1.23804
1.14033
1.08292
1.06965
1.07592
1.09222
1.12015
1.15779
1.19414
1.22922
1.26143
1.29275
1.32183
1.34985
1.37567
1.39976
1.42134
1.44082
1.45709
1.47024
1.4785
1.48426
1.48765
1.48854
1.4845
1.4739
1.45726
1.4365
1.41544
1.39664
1.3817
1.37115
1.36427
1.36032
1.35814
1.35738
1.3572
1.35777
1.35874
1.36
1.36127
1.36291
1.36515
1.36831
1.37203
1.37622
1.38064
1.38537
1.39026
1.39539
1.40073
1.4063
1.41211
1.41813
1.42433
1.43065
1.43715
1.44372
1.45047
1.45725
1.46421
1.47118
1.47832
1.48547
1.49276
1.50007
1.50748
1.51492
1.5224
1.52992
1.53744
1.545
1.5525
1.56005
1.56752
1.57501
1.58242
1.58978
1.59704
1.60411
1.61087
1.61693
1.62085
1.16615
1.19374
1.22322
1.25393
1.28418
1.31355
1.34061
1.36453
1.38609
1.40241
1.41522
1.41786
1.41136
1.39866
1.37531
1.33191
1.25385
1.15476
1.08609
1.06463
1.06778
1.0783
1.10032
1.13202
1.1659
1.198
1.22861
1.25805
1.28713
1.31511
1.34277
1.36893
1.39432
1.41787
1.43991
1.4596
1.47713
1.49164
1.50236
1.50926
1.51427
1.51667
1.51652
1.5107
1.49806
1.47976
1.45847
1.43776
1.41987
1.40622
1.39682
1.39116
1.38812
1.38696
1.38671
1.38735
1.3884
1.38961
1.39089
1.39253
1.39484
1.398
1.40172
1.40584
1.41028
1.41498
1.41989
1.42503
1.43039
1.43604
1.44183
1.44784
1.45395
1.46029
1.4667
1.47332
1.47998
1.48683
1.49371
1.50074
1.5078
1.51498
1.5222
1.52949
1.53682
1.54419
1.55158
1.55899
1.56641
1.57382
1.58121
1.5886
1.59593
1.60326
1.61045
1.61764
1.62456
1.63125
1.6372
1.64114
1.18347
1.21048
1.23734
1.26481
1.29192
1.31883
1.34447
1.36738
1.38746
1.40276
1.40988
1.40639
1.395
1.37414
1.33416
1.26153
1.16338
1.08846
1.0599
1.05897
1.06705
1.08512
1.11207
1.14218
1.17102
1.19904
1.2263
1.25378
1.28093
1.30832
1.33507
1.36165
1.38713
1.41203
1.43526
1.45758
1.47749
1.49591
1.51105
1.52351
1.53254
1.53858
1.54359
1.54533
1.54389
1.53601
1.52147
1.50187
1.48053
1.46036
1.44364
1.43144
1.42355
1.41912
1.41714
1.41673
1.41737
1.41847
1.41967
1.42095
1.42261
1.42491
1.42794
1.4315
1.43548
1.43984
1.44447
1.44941
1.45461
1.46007
1.46565
1.47148
1.47741
1.48356
1.48978
1.49623
1.50272
1.50942
1.51612
1.52303
1.52991
1.53697
1.54398
1.55116
1.55827
1.56553
1.57269
1.57999
1.58716
1.59446
1.60162
1.60889
1.61598
1.62319
1.63015
1.63718
1.64389
1.6504
1.65619
1.66002
1.19893
1.22519
1.25081
1.27662
1.30229
1.32663
1.34995
1.37053
1.38774
1.39789
1.39662
1.38639
1.36721
1.33127
1.263
1.16711
1.08828
1.05493
1.05124
1.05805
1.07362
1.0977
1.1244
1.15012
1.17448
1.1992
1.22396
1.24984
1.2756
1.30215
1.32813
1.35444
1.37979
1.4051
1.42903
1.45249
1.47411
1.4948
1.51314
1.53016
1.54376
1.55549
1.56343
1.56994
1.57406
1.57533
1.57243
1.56244
1.546
1.52534
1.504
1.48476
1.46955
1.45881
1.45239
1.44913
1.44814
1.44856
1.44959
1.45067
1.45194
1.45361
1.45595
1.45893
1.4624
1.46632
1.47061
1.47534
1.48027
1.4855
1.49083
1.49645
1.50212
1.50809
1.51409
1.52037
1.52664
1.5332
1.5397
1.54648
1.55316
1.5601
1.56692
1.57396
1.58087
1.58797
1.59495
1.60206
1.60906
1.61615
1.62311
1.63014
1.63704
1.64396
1.65072
1.65745
1.66393
1.67013
1.6757
1.67932
1.21505
1.23952
1.26336
1.28724
1.31135
1.33438
1.35565
1.37358
1.38513
1.38525
1.37517
1.35701
1.32296
1.25813
1.16487
1.08487
1.0491
1.04407
1.05005
1.0643
1.08619
1.11063
1.13335
1.15519
1.1768
1.19925
1.22238
1.24654
1.27116
1.29654
1.32195
1.34765
1.37309
1.3983
1.42286
1.44679
1.46963
1.49179
1.51236
1.53222
1.54965
1.56593
1.57842
1.58919
1.59673
1.60338
1.60629
1.60678
1.60183
1.58961
1.57104
1.54986
1.5285
1.51015
1.49622
1.48706
1.48201
1.47998
1.4799
1.48078
1.48178
1.48299
1.48469
1.48706
1.4899
1.49327
1.49705
1.50139
1.50598
1.51096
1.51604
1.52145
1.52691
1.53271
1.53851
1.54465
1.55074
1.55715
1.56347
1.5701
1.57662
1.5834
1.59006
1.59694
1.6037
1.61063
1.61745
1.62438
1.63123
1.6381
1.64493
1.65172
1.65845
1.66511
1.67165
1.67809
1.6843
1.69017
1.69544
1.69882
1.23313
1.25603
1.2773
1.29844
1.31983
1.34045
1.35849
1.37218
1.3737
1.36386
1.34593
1.31266
1.24953
1.15864
1.07945
1.04339
1.03771
1.04338
1.05706
1.07817
1.10079
1.12142
1.14058
1.15966
1.17934
1.20016
1.22208
1.24509
1.26894
1.29338
1.31835
1.34347
1.36877
1.39371
1.41855
1.4426
1.46646
1.48925
1.51166
1.53271
1.55293
1.57136
1.58839
1.60304
1.61491
1.62451
1.63183
1.63733
1.63907
1.63803
1.63068
1.61599
1.5959
1.57393
1.55306
1.53585
1.52346
1.51592
1.51214
1.51121
1.51172
1.51267
1.51386
1.51567
1.518
1.52087
1.52413
1.52798
1.53211
1.53674
1.5415
1.54667
1.55188
1.55747
1.56306
1.56901
1.57492
1.58115
1.58731
1.59377
1.60015
1.60678
1.61333
1.62005
1.62672
1.63347
1.6402
1.64694
1.65368
1.66035
1.66704
1.6736
1.68015
1.68655
1.69285
1.69895
1.70483
1.7103
1.71516
1.71824
1.25204
1.271
1.29379
1.31275
1.32991
1.34613
1.35829
1.36089
1.35126
1.33384
1.30022
1.23753
1.14861
1.07232
1.03807
1.03288
1.03864
1.05307
1.07445
1.09578
1.11434
1.13126
1.14793
1.16527
1.18381
1.20357
1.22462
1.24665
1.26966
1.2933
1.3176
1.34206
1.3669
1.39145
1.4162
1.44034
1.4645
1.48773
1.51089
1.53276
1.55449
1.57448
1.59399
1.61111
1.6273
1.64011
1.6512
1.65962
1.66662
1.67055
1.67136
1.66841
1.65851
1.64147
1.62038
1.598
1.57793
1.56205
1.5513
1.54527
1.54292
1.54285
1.54368
1.54487
1.5465
1.54892
1.55172
1.55509
1.55876
1.56294
1.56733
1.57216
1.57712
1.58247
1.58786
1.59358
1.5993
1.60531
1.61129
1.61753
1.62374
1.63015
1.63654
1.64306
1.64957
1.65614
1.66271
1.66926
1.67583
1.68231
1.68881
1.69518
1.7015
1.70766
1.71368
1.71947
1.72494
1.72997
1.73427
1.737
1.26972
1.28451
1.30572
1.32481
1.33978
1.35029
1.35032
1.33877
1.32029
1.28463
1.22071
1.13293
1.06126
1.0306
1.02733
1.03368
1.04997
1.07246
1.09347
1.11094
1.12635
1.14089
1.15626
1.17253
1.19042
1.20935
1.22976
1.2509
1.27323
1.29598
1.3196
1.34335
1.36765
1.39176
1.41622
1.44011
1.46422
1.48752
1.51093
1.53328
1.55558
1.57658
1.59725
1.61627
1.63459
1.65058
1.66543
1.67688
1.68716
1.69499
1.70117
1.70345
1.70348
1.69854
1.68606
1.66714
1.64521
1.62306
1.60389
1.58957
1.58056
1.57599
1.57496
1.57554
1.57634
1.57786
1.58014
1.58314
1.58639
1.59011
1.59404
1.59845
1.60303
1.60804
1.61315
1.61861
1.62409
1.62985
1.63559
1.64156
1.64752
1.65368
1.65984
1.66612
1.6724
1.67875
1.6851
1.69146
1.6978
1.70409
1.71032
1.71645
1.72245
1.72831
1.73391
1.73929
1.74419
1.74865
1.75213
1.75441
1.29429
1.30132
1.31494
1.33249
1.34423
1.344
1.33089
1.31031
1.27076
1.2027
1.11427
1.04751
1.02156
1.02088
1.02838
1.04687
1.07128
1.0921
1.10913
1.12332
1.13673
1.15034
1.16509
1.18101
1.19839
1.21686
1.23657
1.2571
1.27863
1.30072
1.32357
1.34668
1.37028
1.39391
1.41773
1.44135
1.46505
1.48829
1.51156
1.53415
1.55666
1.57826
1.59958
1.61977
1.63933
1.6575
1.67452
1.68983
1.70298
1.71417
1.72334
1.7312
1.73577
1.7373
1.73584
1.72861
1.71408
1.69364
1.67086
1.64908
1.63119
1.61848
1.61117
1.60823
1.60807
1.6087
1.60996
1.61215
1.61499
1.61826
1.62178
1.62573
1.62994
1.63458
1.63939
1.64455
1.64979
1.65534
1.66088
1.66668
1.67241
1.67835
1.68422
1.69026
1.69624
1.70231
1.70832
1.71436
1.72034
1.72628
1.73212
1.73786
1.74343
1.7488
1.75385
1.75855
1.76264
1.76614
1.76843
1.76994
1.31885
1.31786
1.32656
1.33774
1.33972
1.32578
1.30216
1.25818
1.18463
1.09485
1.03328
1.01203
1.01383
1.02415
1.04507
1.07033
1.09185
1.10882
1.12248
1.13485
1.1473
1.16061
1.17509
1.19082
1.20776
1.22581
1.24489
1.26486
1.28559
1.30705
1.32896
1.35148
1.37417
1.39733
1.4204
1.44383
1.46696
1.49031
1.5132
1.53615
1.55853
1.58071
1.60219
1.62335
1.64344
1.6633
1.68151
1.69939
1.71506
1.72987
1.74173
1.75255
1.76108
1.76813
1.77122
1.77182
1.76838
1.75848
1.7416
1.71967
1.69636
1.67514
1.65848
1.64764
1.64179
1.6404
1.64076
1.64174
1.6436
1.64666
1.64996
1.65377
1.65758
1.66192
1.66634
1.6713
1.67625
1.68164
1.68692
1.69257
1.69804
1.70382
1.70942
1.71525
1.72093
1.72675
1.73244
1.73814
1.74376
1.74925
1.75466
1.7598
1.76478
1.76935
1.77356
1.77717
1.77997
1.78196
1.78291
1.78377
1.35027
1.33597
1.33419
1.33423
1.32274
1.29494
1.24538
1.16437
1.0736
1.0183
1.00214
1.00637
1.02138
1.04536
1.0708
1.09246
1.10935
1.12277
1.13441
1.14608
1.15832
1.17179
1.18619
1.20188
1.2184
1.2361
1.25448
1.2739
1.29383
1.31468
1.33586
1.35785
1.37997
1.40269
1.42539
1.44846
1.47135
1.49446
1.5172
1.54007
1.56236
1.5847
1.60636
1.6279
1.64872
1.66912
1.68855
1.70736
1.72476
1.74126
1.75583
1.76899
1.77982
1.78958
1.79734
1.80251
1.80367
1.80272
1.79725
1.78453
1.76512
1.74199
1.7186
1.69839
1.6834
1.6745
1.67062
1.67029
1.67092
1.67262
1.67541
1.67901
1.68282
1.68692
1.69112
1.69581
1.70055
1.70575
1.71093
1.71649
1.72201
1.72774
1.73345
1.73918
1.74496
1.75061
1.75635
1.76182
1.76737
1.77254
1.77769
1.78236
1.78683
1.79064
1.7939
1.79612
1.79743
1.79789
1.79748
1.79734
1.40074
1.35814
1.34005
1.32199
1.28752
1.22649
1.13637
1.0507
1.0047
0.993846
1.00001
1.01962
1.04749
1.07331
1.09494
1.11177
1.12482
1.13617
1.14727
1.1589
1.17154
1.18515
1.19977
1.21532
1.23175
1.24898
1.26703
1.28576
1.30529
1.32533
1.34612
1.36725
1.38897
1.41093
1.43321
1.45564
1.47818
1.50074
1.52327
1.54573
1.56805
1.59005
1.6118
1.63298
1.65379
1.67388
1.69351
1.71232
1.73044
1.74761
1.76374
1.77871
1.79207
1.80363
1.81367
1.82242
1.82914
1.83223
1.8323
1.82955
1.82159
1.80659
1.78493
1.76089
1.73768
1.7185
1.70562
1.69864
1.69692
1.69728
1.69836
1.701
1.70431
1.70862
1.71262
1.71717
1.7216
1.72651
1.73146
1.7367
1.74205
1.74752
1.75316
1.75875
1.7645
1.77007
1.77577
1.78117
1.78664
1.79163
1.79658
1.80079
1.80477
1.80757
1.80972
1.81036
1.81055
1.80938
1.80701
1.80649
1.48806
1.37638
1.33495
1.28263
1.20318
1.10246
1.02123
0.985031
0.982682
0.993051
1.01777
1.04911
1.07596
1.09782
1.11481
1.12773
1.13894
1.14962
1.1609
1.17287
1.18596
1.19969
1.21441
1.22962
1.24583
1.26259
1.28026
1.29854
1.31755
1.33712
1.35728
1.37792
1.39901
1.42044
1.44215
1.46403
1.486
1.50796
1.52991
1.55167
1.57331
1.59463
1.61575
1.63638
1.65681
1.67657
1.69615
1.71492
1.73337
1.751
1.76807
1.78415
1.79928
1.81305
1.82531
1.83586
1.84539
1.8533
1.85829
1.85984
1.85852
1.85382
1.84319
1.82567
1.80224
1.77775
1.75525
1.73802
1.72752
1.72312
1.72253
1.72328
1.72531
1.72838
1.73274
1.73692
1.74156
1.74605
1.75099
1.75587
1.7611
1.76628
1.77175
1.77712
1.78268
1.78803
1.79346
1.79854
1.80361
1.8081
1.81243
1.81579
1.81862
1.81984
1.82036
1.81958
1.81752
1.81439
1.80844
1.806
1.68968
1.42624
1.31732
1.18868
1.05892
0.977177
0.952836
0.959382
0.98073
1.01318
1.04596
1.07435
1.09714
1.11428
1.12751
1.13887
1.14994
1.1612
1.17334
1.18612
1.19983
1.21405
1.229
1.24438
1.26058
1.27727
1.29469
1.31261
1.33111
1.35008
1.36954
1.38941
1.40966
1.4302
1.45099
1.4719
1.49297
1.514
1.5351
1.556
1.57694
1.59756
1.61817
1.63834
1.65842
1.67796
1.6973
1.71609
1.73454
1.7524
1.76965
1.78635
1.80207
1.8172
1.83094
1.84364
1.85459
1.86442
1.87313
1.87961
1.88278
1.88204
1.87933
1.87249
1.85947
1.8389
1.81403
1.78921
1.76803
1.75346
1.74602
1.74372
1.7444
1.74584
1.74875
1.75284
1.75753
1.76227
1.76716
1.77198
1.77703
1.78204
1.78731
1.79249
1.79788
1.80302
1.80826
1.81298
1.81763
1.82146
1.82485
1.8269
1.82792
1.82756
1.82613
1.82364
1.8188
1.8115
1.79849
1.79123
1.96498
1.51325
1.24871
1.02274
0.921397
0.906701
0.924503
0.959135
1.00215
1.03719
1.06681
1.0904
1.10831
1.12197
1.13429
1.14638
1.15898
1.1718
1.18507
1.19851
1.21248
1.22674
1.24167
1.25694
1.27287
1.28922
1.30621
1.32365
1.34163
1.36007
1.37892
1.39817
1.41773
1.43755
1.45762
1.47781
1.49823
1.51857
1.53909
1.55928
1.57959
1.59942
1.61933
1.63876
1.65817
1.67707
1.69584
1.71412
1.73205
1.74958
1.76651
1.78311
1.79891
1.8143
1.82879
1.84257
1.85518
1.86664
1.87686
1.88628
1.89384
1.89853
1.89999
1.89785
1.89329
1.88381
1.86743
1.84355
1.81824
1.79363
1.7755
1.76422
1.75983
1.75917
1.76079
1.76318
1.76732
1.77224
1.77753
1.78272
1.78802
1.79323
1.79849
1.80376
1.80898
1.81412
1.81892
1.82342
1.82719
1.8303
1.83201
1.83247
1.8317
1.82992
1.82649
1.82006
1.80929
1.79505
1.77561
1.76489
2.2506
1.61114
1.06807
0.80769
0.807916
0.848729
0.904721
0.962922
1.00861
1.04309
1.07005
1.09103
1.10725
1.12129
1.13486
1.14863
1.16266
1.17693
1.19132
1.20599
1.22078
1.23596
1.25131
1.26711
1.28303
1.29946
1.31618
1.33343
1.35101
1.36903
1.38733
1.40593
1.42477
1.44376
1.46296
1.48218
1.50157
1.52081
1.54019
1.55929
1.57849
1.59736
1.61623
1.63477
1.65322
1.67129
1.68919
1.70667
1.72387
1.74068
1.75711
1.77324
1.78892
1.80429
1.81917
1.83351
1.84726
1.86008
1.8718
1.88249
1.89213
1.90056
1.9062
1.90893
1.90742
1.90405
1.89736
1.88491
1.86415
1.83882
1.81226
1.79094
1.77611
1.76912
1.76697
1.76867
1.77119
1.7749
1.78006
1.78588
1.79176
1.79749
1.80306
1.80848
1.81376
1.81877
1.82335
1.8272
1.83018
1.83166
1.83187
1.83114
1.82883
1.82373
1.8154
1.80188
1.78424
1.76455
1.7418
1.73048
2.34222
1.63222
0.846698
0.56543
0.646324
0.736129
0.830397
0.904303
0.957172
0.996836
1.02753
1.05255
1.07449
1.09439
1.11301
1.13104
1.14858
1.16594
1.18287
1.1998
1.21635
1.23312
1.24955
1.26639
1.28303
1.30006
1.31688
1.33419
1.35143
1.36907
1.38671
1.40457
1.4225
1.44049
1.45862
1.47665
1.49483
1.51287
1.531
1.54905
1.56708
1.58514
1.60295
1.62089
1.63829
1.65588
1.67271
1.68976
1.706
1.72254
1.73828
1.75438
1.76971
1.78533
1.80021
1.81512
1.82923
1.84302
1.8558
1.86775
1.87851
1.88846
1.89714
1.90379
1.90736
1.90755
1.9044
1.89965
1.89033
1.87456
1.85011
1.82396
1.79954
1.78209
1.77239
1.76852
1.76954
1.77259
1.77637
1.78144
1.78774
1.79412
1.80024
1.80612
1.81143
1.81632
1.82017
1.82305
1.82421
1.82468
1.8236
1.81996
1.8136
1.80222
1.78682
1.76685
1.74481
1.72339
1.70227
1.69358
2.40365
1.65335
0.753556
0.370531
0.482049
0.609136
0.715521
0.794222
0.853729
0.900824
0.940089
0.97498
1.00632
1.03497
1.06065
1.08467
1.10682
1.12839
1.14867
1.16873
1.18768
1.20672
1.22488
1.24334
1.26111
1.27936
1.29686
1.31462
1.33184
1.34936
1.36655
1.384
1.4013
1.41873
1.4361
1.45349
1.47086
1.48823
1.50563
1.5231
1.54054
1.55805
1.57537
1.59271
1.60966
1.62662
1.6431
1.65964
1.67574
1.69193
1.70778
1.72372
1.73932
1.755
1.77022
1.78544
1.8001
1.81449
1.82827
1.84142
1.85368
1.86504
1.87568
1.88505
1.89293
1.898
1.90004
1.8981
1.89467
1.88767
1.87594
1.85507
1.82935
1.80303
1.7839
1.77047
1.76567
1.76431
1.76739
1.7712
1.77601
1.7819
1.78829
1.79413
1.7994
1.80335
1.80613
1.80762
1.80813
1.8062
1.8016
1.79272
1.77954
1.76095
1.73973
1.71682
1.69517
1.67728
1.6622
1.65749
2.37081
1.64312
0.684152
0.260623
0.383578
0.507327
0.597144
0.668879
0.728848
0.781043
0.827626
0.870211
0.909142
0.944846
0.977541
1.00763
1.03571
1.06197
1.08697
1.11065
1.13347
1.1552
1.1763
1.19658
1.21647
1.2357
1.2549
1.27339
1.29173
1.30954
1.3274
1.34475
1.36218
1.3791
1.39619
1.4129
1.4299
1.44671
1.4639
1.48092
1.49827
1.51528
1.53254
1.54929
1.56626
1.58267
1.59939
1.61559
1.63221
1.64838
1.66502
1.68123
1.69786
1.71408
1.73052
1.74659
1.76261
1.77819
1.79356
1.80818
1.82251
1.83562
1.84828
1.85971
1.87037
1.87889
1.88562
1.88861
1.88843
1.88521
1.88014
1.87025
1.85286
1.82834
1.80189
1.78031
1.76483
1.7573
1.75469
1.75675
1.76062
1.76537
1.77049
1.77568
1.77994
1.78311
1.78478
1.78449
1.78167
1.77494
1.76435
1.74727
1.72704
1.70364
1.68113
1.66065
1.64447
1.63329
1.62504
1.62389
2.42635
1.68364
0.730248
0.279636
0.380326
0.472092
0.530919
0.581246
0.629625
0.676445
0.721716
0.764821
0.80592
0.844452
0.880864
0.914837
0.947073
0.977219
1.00601
1.03297
1.05892
1.08325
1.1069
1.12909
1.1509
1.17133
1.19168
1.21093
1.23025
1.24825
1.26664
1.2839
1.3017
1.31861
1.33609
1.35297
1.37034
1.3873
1.40458
1.42155
1.43867
1.45556
1.47254
1.48943
1.50642
1.52352
1.54071
1.55821
1.57578
1.59371
1.61166
1.62987
1.64802
1.66623
1.68424
1.70209
1.71964
1.73671
1.75343
1.76943
1.78479
1.7995
1.81286
1.82585
1.83715
1.84804
1.85623
1.86331
1.86661
1.86702
1.86421
1.85966
1.85178
1.83732
1.81493
1.78878
1.76542
1.7485
1.73854
1.73463
1.73526
1.73822
1.74179
1.74608
1.74869
1.74996
1.74924
1.74579
1.73789
1.72466
1.70558
1.68343
1.65944
1.63766
1.61863
1.60523
1.59533
1.59053
1.58632
1.58722
2.43383
1.6973
0.744955
0.289301
0.385899
0.468457
0.50963
0.540173
0.571554
0.605463
0.641583
0.679078
0.716829
0.754207
0.79041
0.825443
0.85884
0.890898
0.92125
0.950286
0.97769
1.00389
1.02862
1.05234
1.07483
1.0966
1.11743
1.13783
1.15769
1.17721
1.19618
1.21491
1.2332
1.25134
1.26903
1.28672
1.30391
1.3214
1.33833
1.35588
1.37282
1.39077
1.40822
1.42682
1.44503
1.46421
1.48309
1.5026
1.52184
1.54137
1.56059
1.57979
1.59867
1.61729
1.63552
1.6535
1.67079
1.68804
1.70428
1.72048
1.73571
1.75054
1.76453
1.77789
1.79035
1.80229
1.81316
1.823
1.83085
1.83702
1.83875
1.83819
1.83572
1.83023
1.81833
1.79916
1.77355
1.74983
1.73025
1.71794
1.71082
1.70844
1.70773
1.70798
1.70678
1.70357
1.69756
1.68754
1.67097
1.65033
1.62611
1.60282
1.58122
1.56499
1.55259
1.54549
1.54069
1.53914
1.53708
1.53876
2.39962
1.682
0.7064
0.268276
0.368539
0.451556
0.489325
0.513671
0.537718
0.563364
0.591274
0.621681
0.653488
0.686088
0.718897
0.751424
0.783384
0.814445
0.844577
0.873575
0.901531
0.92835
0.954151
0.978961
1.00284
1.02592
1.04814
1.06969
1.09044
1.11075
1.1302
1.14937
1.16777
1.18617
1.204
1.22214
1.23995
1.25833
1.27661
1.29567
1.31464
1.33438
1.35386
1.37405
1.39386
1.41424
1.43422
1.45449
1.47446
1.49437
1.51413
1.53355
1.55291
1.57177
1.59051
1.60878
1.62671
1.64432
1.6614
1.67826
1.69454
1.71059
1.72603
1.74124
1.75562
1.76983
1.78298
1.79568
1.80671
1.81655
1.82373
1.82749
1.82777
1.82636
1.8221
1.81182
1.79392
1.76777
1.7419
1.71903
1.70236
1.69084
1.68268
1.67536
1.66743
1.65677
1.64171
1.62135
1.59728
1.57159
1.54716
1.52661
1.51072
1.49994
1.49287
1.48907
1.48674
1.48609
1.48481
1.48707
2.41353
1.69881
0.719476
0.277952
0.369699
0.447667
0.482347
0.503712
0.524226
0.545967
0.569591
0.595597
0.622988
0.650947
0.679375
0.707984
0.736633
0.765127
0.793275
0.821091
0.848338
0.875167
0.901283
0.926839
0.951537
0.975487
0.998524
1.0206
1.04187
1.06223
1.08208
1.10115
1.1201
1.13856
1.15739
1.17597
1.19525
1.21428
1.23408
1.25354
1.27381
1.29366
1.3142
1.33421
1.35479
1.37475
1.3952
1.41492
1.43515
1.45449
1.47447
1.49334
1.51299
1.5314
1.55063
1.56875
1.58746
1.60537
1.62357
1.64118
1.65893
1.67601
1.69321
1.70957
1.72588
1.74128
1.7564
1.77037
1.78372
1.79542
1.80572
1.81346
1.81755
1.81805
1.81686
1.81274
1.80285
1.78447
1.75751
1.72898
1.70178
1.67847
1.65911
1.64098
1.62274
1.6013
1.57636
1.54862
1.52126
1.49651
1.47676
1.46208
1.45235
1.44602
1.44245
1.44035
1.43927
1.43898
1.43841
1.44105
2.41067
1.70317
0.7228
0.280267
0.371047
0.449947
0.485325
0.505129
0.523008
0.54247
0.563869
0.587687
0.613339
0.639263
0.665133
0.691181
0.717237
0.743624
0.769996
0.796609
0.822982
0.849341
0.875227
0.900792
0.925723
0.949953
0.973383
0.995855
1.01743
1.03798
1.05789
1.07708
1.09605
1.11474
1.13354
1.15232
1.1713
1.19041
1.20968
1.22917
1.24862
1.26834
1.28778
1.30757
1.32686
1.34665
1.36579
1.38552
1.40454
1.42418
1.44314
1.46269
1.48169
1.50109
1.52012
1.53933
1.5583
1.57725
1.596
1.6146
1.63296
1.65108
1.66887
1.68637
1.7033
1.71998
1.73576
1.75125
1.76557
1.77918
1.79126
1.80172
1.80972
1.81354
1.81377
1.81256
1.808
1.79721
1.77662
1.74704
1.7131
1.67806
1.644
1.61111
1.57809
1.54433
1.51096
1.48026
1.45445
1.43462
1.42057
1.4113
1.40535
1.40181
1.39952
1.39832
1.39761
1.39743
1.39691
1.39971
2.45015
1.73113
0.78928
0.330487
0.404679
0.477182
0.514323
0.530041
0.540795
0.553146
0.568237
0.587032
0.608449
0.630749
0.653817
0.67766
0.702256
0.727554
0.753433
0.779678
0.806111
0.832478
0.858676
0.884468
0.909784
0.934439
0.958348
0.981409
1.00361
1.02499
1.04561
1.06558
1.08506
1.1042
1.12317
1.14209
1.16107
1.1802
1.19943
1.21883
1.23822
1.25779
1.27717
1.2968
1.31607
1.33572
1.35483
1.37452
1.3935
1.41325
1.43215
1.45198
1.47082
1.49069
1.50946
1.52925
1.54795
1.5675
1.58609
1.6052
1.6236
1.64211
1.66015
1.67795
1.69531
1.71234
1.72859
1.74474
1.75946
1.77426
1.78685
1.79928
1.80846
1.81599
1.81782
1.81759
1.81523
1.80876
1.79433
1.76973
1.73348
1.69024
1.64159
1.59218
1.54366
1.49954
1.46165
1.43199
1.41021
1.39524
1.38526
1.37868
1.37421
1.37117
1.36891
1.36743
1.36635
1.36574
1.3649
1.36729
2.41644
1.71516
0.73467
0.289842
0.373818
0.450992
0.488423
0.508329
0.524278
0.541614
0.561258
0.583632
0.608249
0.632988
0.657685
0.682368
0.707285
0.732495
0.75818
0.784075
0.810206
0.83616
0.86203
0.887466
0.912564
0.937017
0.960809
0.983747
1.00573
1.0268
1.04694
1.06641
1.08529
1.10392
1.12238
1.14091
1.15949
1.17827
1.19709
1.21609
1.235
1.25408
1.27295
1.29204
1.3108
1.32994
1.34863
1.36791
1.3866
1.40606
1.42482
1.44444
1.4633
1.48301
1.5019
1.5216
1.54046
1.55999
1.57873
1.59791
1.61644
1.6351
1.65328
1.67123
1.68888
1.70593
1.72274
1.73871
1.7542
1.7688
1.78234
1.79485
1.80524
1.81394
1.81741
1.8175
1.8162
1.81163
1.80117
1.78023
1.74496
1.69847
1.64088
1.57993
1.52109
1.47158
1.43311
1.40598
1.38752
1.37543
1.36739
1.36182
1.35782
1.35476
1.35246
1.35069
1.34945
1.34857
1.34758
1.34972
)
;

boundaryField
{
    inlet
    {
        type            calculated;
        value           uniform 3.00001;
    }
    outlet
    {
        type            calculated;
        value           nonuniform List<scalar> 
40
(
0.910345
1.01308
1.10835
1.19457
1.26774
1.33321
1.38271
1.42973
1.46882
1.49978
1.52851
1.55549
1.57654
1.60081
1.62085
1.64114
1.66002
1.67932
1.69882
1.71824
1.737
1.75441
1.76994
1.78377
1.79734
1.80649
1.806
1.79123
1.76489
1.73048
1.69358
1.65749
1.62389
1.58722
1.53876
1.48707
1.44105
1.39971
1.36729
1.34972
)
;
    }
    bottom
    {
        type            symmetryPlane;
    }
    top
    {
        type            symmetryPlane;
    }
    obstacle
    {
        type            calculated;
        value           uniform 0;
    }
    defaultFaces
    {
        type            empty;
    }
}


// ************************************************************************* //
