/*--------------------------------*- C++ -*----------------------------------*\
| =========                 |                                                 |
| \\      /  F ield         | OpenFOAM: The Open Source CFD Toolbox           |
|  \\    /   O peration     | Version:  2406                                  |
|   \\  /    A nd           | Website:  www.openfoam.com                      |
|    \\/     M anipulation  |                                                 |
\*---------------------------------------------------------------------------*/
FoamFile
{
    version     2.0;
    format      ascii;
    arch        "LSB;label=32;scalar=64";
    class       vectorField;
    location    "constant/polyMesh";
    object      points;
}
// * * * * * * * * * * * * * * * * * * * * * * * * * * * * * * * * * * * * * //


882
(
(0 0 0)
(0.125 0 0)
(0.25 0 0)
(0.375 0 0)
(0.5 0 0)
(0.625 0 0)
(0.75 0 0)
(0.875 0 0)
(1 0 0)
(1.125 0 0)
(1.25 0 0)
(1.375 0 0)
(1.5 0 0)
(0 0.15 0)
(0.125 0.15 0)
(0.25 0.15 0)
(0.375 0.15 0)
(0.5 0.15 0)
(0.625 0.15 0)
(0.75 0.15 0)
(0.875 0.15 0)
(1 0.15 0)
(1.125 0.15 0)
(1.25 0.15 0)
(1.375 0.15 0)
(1.5 0.15 0)
(0 0.3 0)
(0.125 0.3 0)
(0.25 0.3 0)
(0.375 0.3 0)
(0.5 0.3 0)
(0.625 0.3 0)
(0.75 0.3 0)
(0.875 0.3 0)
(1 0.3 0)
(1.125 0.3 0)
(1.25 0.3 0)
(1.375 0.3 0)
(1.5 0.3 0)
(0 0.45 0)
(0.125 0.45 0)
(0.25 0.45 0)
(0.375 0.45 0)
(0.5 0.45 0)
(0.625 0.45 0)
(0.75 0.45 0)
(0.875 0.45 0)
(1 0.45 0)
(1.125 0.45 0)
(1.25 0.45 0)
(1.375 0.45 0)
(1.5 0.45 0)
(0 0.6 0)
(0.125 0.6 0)
(0.25 0.6 0)
(0.375 0.6 0)
(0.5 0.6 0)
(0.625 0.6 0)
(0.75 0.6 0)
(0.875 0.6 0)
(1 0.6 0)
(1.125 0.6 0)
(1.25 0.6 0)
(1.375 0.6 0)
(1.5 0.6 0)
(0 0.75 0)
(0.125 0.75 0)
(0.25 0.75 0)
(0.375 0.75 0)
(0.5 0.75 0)
(0.625 0.75 0)
(0.75 0.75 0)
(0.875 0.75 0)
(1 0.75 0)
(1.125 0.75 0)
(1.25 0.75 0)
(1.375 0.75 0)
(1.5 0.75 0)
(0 0.9 0)
(0.125 0.9 0)
(0.25 0.9 0)
(0.375 0.9 0)
(0.5 0.9 0)
(0.625 0.9 0)
(0.75 0.9 0)
(0.875 0.9 0)
(1 0.9 0)
(1.125 0.9 0)
(1.25 0.9 0)
(1.375 0.9 0)
(1.5 0.9 0)
(0 1.05 0)
(0.125 1.05 0)
(0.25 1.05 0)
(0.375 1.05 0)
(0.5 1.05 0)
(0.625 1.05 0)
(0.75 1.05 0)
(0.875 1.05 0)
(1 1.05 0)
(1.125 1.05 0)
(1.25 1.05 0)
(1.375 1.05 0)
(1.5 1.05 0)
(0 1.2 0)
(0.125 1.2 0)
(0.25 1.2 0)
(0.375 1.2 0)
(0.5 1.2 0)
(0.625 1.2 0)
(0.75 1.2 0)
(0.875 1.2 0)
(1 1.2 0)
(1.125 1.2 0)
(1.25 1.2 0)
(1.375 1.2 0)
(1.5 1.2 0)
(0 1.35 0)
(0.125 1.35 0)
(0.25 1.35 0)
(0.375 1.35 0)
(0.5 1.35 0)
(0.625 1.35 0)
(0.75 1.35 0)
(0.875 1.35 0)
(1 1.35 0)
(1.125 1.35 0)
(1.25 1.35 0)
(1.375 1.35 0)
(1.5 1.35 0)
(0 1.5 0)
(0.125 1.5 0)
(0.25 1.5 0)
(0.375 1.5 0)
(0.5 1.5 0)
(0.625 1.5 0)
(0.75 1.5 0)
(0.875 1.5 0)
(1 1.5 0)
(1.125 1.5 0)
(1.25 1.5 0)
(1.375 1.5 0)
(1.5 1.5 0)
(0 1.65 0)
(0.125 1.65 0)
(0.25 1.65 0)
(0.375 1.65 0)
(0.5 1.65 0)
(0.625 1.65 0)
(0.75 1.65 0)
(0.875 1.65 0)
(1 1.65 0)
(1.125 1.65 0)
(1.25 1.65 0)
(1.375 1.65 0)
(1.5 1.65 0)
(0 1.8 0)
(0.125 1.8 0)
(0.25 1.8 0)
(0.375 1.8 0)
(0.5 1.8 0)
(0.625 1.8 0)
(0.75 1.8 0)
(0.875 1.8 0)
(1 1.8 0)
(1.125 1.8 0)
(1.25 1.8 0)
(1.375 1.8 0)
(1.5 1.8 0)
(0 1.95 0)
(0.125 1.95 0)
(0.25 1.95 0)
(0.375 1.95 0)
(0.5 1.95 0)
(0.625 1.95 0)
(0.75 1.95 0)
(0.875 1.95 0)
(1 1.95 0)
(1.125 1.95 0)
(1.25 1.95 0)
(1.375 1.95 0)
(1.5 1.95 0)
(0 2.1 0)
(0.125 2.1 0)
(0.25 2.1 0)
(0.375 2.1 0)
(0.5 2.1 0)
(0.625 2.1 0)
(0.75 2.1 0)
(0.875 2.1 0)
(1 2.1 0)
(1.125 2.1 0)
(1.25 2.1 0)
(1.375 2.1 0)
(1.5 2.1 0)
(0 2.25 0)
(0.125 2.25 0)
(0.25 2.25 0)
(0.375 2.25 0)
(0.5 2.25 0)
(0.625 2.25 0)
(0.75 2.25 0)
(0.875 2.25 0)
(1 2.25 0)
(1.125 2.25 0)
(1.25 2.25 0)
(1.375 2.25 0)
(1.5 2.25 0)
(0 2.4 0)
(0.125 2.4 0)
(0.25 2.4 0)
(0.375 2.4 0)
(0.5 2.4 0)
(0.625 2.4 0)
(0.75 2.4 0)
(0.875 2.4 0)
(1 2.4 0)
(1.125 2.4 0)
(1.25 2.4 0)
(1.375 2.4 0)
(1.5 2.4 0)
(0 2.55 0)
(0.125 2.55 0)
(0.25 2.55 0)
(0.375 2.55 0)
(0.5 2.55 0)
(0.625 2.55 0)
(0.75 2.55 0)
(0.875 2.55 0)
(1 2.55 0)
(1.125 2.55 0)
(1.25 2.55 0)
(1.375 2.55 0)
(1.5 2.55 0)
(0 2.7 0)
(0.125 2.7 0)
(0.25 2.7 0)
(0.375 2.7 0)
(0.5 2.7 0)
(0.625 2.7 0)
(0.75 2.7 0)
(0.875 2.7 0)
(1 2.7 0)
(1.125 2.7 0)
(1.25 2.7 0)
(1.375 2.7 0)
(1.5 2.7 0)
(0 2.85 0)
(0.125 2.85 0)
(0.25 2.85 0)
(0.375 2.85 0)
(0.5 2.85 0)
(0.625 2.85 0)
(0.75 2.85 0)
(0.875 2.85 0)
(1 2.85 0)
(1.125 2.85 0)
(1.25 2.85 0)
(1.375 2.85 0)
(1.5 2.85 0)
(0 3 0)
(0.125 3 0)
(0.25 3 0)
(0.375 3 0)
(0.5 3 0)
(0.625 3 0)
(0.75 3 0)
(0.875 3 0)
(1 3 0)
(1.125 3 0)
(1.25 3 0)
(1.375 3 0)
(1.5 3 0)
(0 0 1)
(0.125 0 1)
(0.25 0 1)
(0.375 0 1)
(0.5 0 1)
(0.625 0 1)
(0.75 0 1)
(0.875 0 1)
(1 0 1)
(1.125 0 1)
(1.25 0 1)
(1.375 0 1)
(1.5 0 1)
(0 0.15 1)
(0.125 0.15 1)
(0.25 0.15 1)
(0.375 0.15 1)
(0.5 0.15 1)
(0.625 0.15 1)
(0.75 0.15 1)
(0.875 0.15 1)
(1 0.15 1)
(1.125 0.15 1)
(1.25 0.15 1)
(1.375 0.15 1)
(1.5 0.15 1)
(0 0.3 1)
(0.125 0.3 1)
(0.25 0.3 1)
(0.375 0.3 1)
(0.5 0.3 1)
(0.625 0.3 1)
(0.75 0.3 1)
(0.875 0.3 1)
(1 0.3 1)
(1.125 0.3 1)
(1.25 0.3 1)
(1.375 0.3 1)
(1.5 0.3 1)
(0 0.45 1)
(0.125 0.45 1)
(0.25 0.45 1)
(0.375 0.45 1)
(0.5 0.45 1)
(0.625 0.45 1)
(0.75 0.45 1)
(0.875 0.45 1)
(1 0.45 1)
(1.125 0.45 1)
(1.25 0.45 1)
(1.375 0.45 1)
(1.5 0.45 1)
(0 0.6 1)
(0.125 0.6 1)
(0.25 0.6 1)
(0.375 0.6 1)
(0.5 0.6 1)
(0.625 0.6 1)
(0.75 0.6 1)
(0.875 0.6 1)
(1 0.6 1)
(1.125 0.6 1)
(1.25 0.6 1)
(1.375 0.6 1)
(1.5 0.6 1)
(0 0.75 1)
(0.125 0.75 1)
(0.25 0.75 1)
(0.375 0.75 1)
(0.5 0.75 1)
(0.625 0.75 1)
(0.75 0.75 1)
(0.875 0.75 1)
(1 0.75 1)
(1.125 0.75 1)
(1.25 0.75 1)
(1.375 0.75 1)
(1.5 0.75 1)
(0 0.9 1)
(0.125 0.9 1)
(0.25 0.9 1)
(0.375 0.9 1)
(0.5 0.9 1)
(0.625 0.9 1)
(0.75 0.9 1)
(0.875 0.9 1)
(1 0.9 1)
(1.125 0.9 1)
(1.25 0.9 1)
(1.375 0.9 1)
(1.5 0.9 1)
(0 1.05 1)
(0.125 1.05 1)
(0.25 1.05 1)
(0.375 1.05 1)
(0.5 1.05 1)
(0.625 1.05 1)
(0.75 1.05 1)
(0.875 1.05 1)
(1 1.05 1)
(1.125 1.05 1)
(1.25 1.05 1)
(1.375 1.05 1)
(1.5 1.05 1)
(0 1.2 1)
(0.125 1.2 1)
(0.25 1.2 1)
(0.375 1.2 1)
(0.5 1.2 1)
(0.625 1.2 1)
(0.75 1.2 1)
(0.875 1.2 1)
(1 1.2 1)
(1.125 1.2 1)
(1.25 1.2 1)
(1.375 1.2 1)
(1.5 1.2 1)
(0 1.35 1)
(0.125 1.35 1)
(0.25 1.35 1)
(0.375 1.35 1)
(0.5 1.35 1)
(0.625 1.35 1)
(0.75 1.35 1)
(0.875 1.35 1)
(1 1.35 1)
(1.125 1.35 1)
(1.25 1.35 1)
(1.375 1.35 1)
(1.5 1.35 1)
(0 1.5 1)
(0.125 1.5 1)
(0.25 1.5 1)
(0.375 1.5 1)
(0.5 1.5 1)
(0.625 1.5 1)
(0.75 1.5 1)
(0.875 1.5 1)
(1 1.5 1)
(1.125 1.5 1)
(1.25 1.5 1)
(1.375 1.5 1)
(1.5 1.5 1)
(0 1.65 1)
(0.125 1.65 1)
(0.25 1.65 1)
(0.375 1.65 1)
(0.5 1.65 1)
(0.625 1.65 1)
(0.75 1.65 1)
(0.875 1.65 1)
(1 1.65 1)
(1.125 1.65 1)
(1.25 1.65 1)
(1.375 1.65 1)
(1.5 1.65 1)
(0 1.8 1)
(0.125 1.8 1)
(0.25 1.8 1)
(0.375 1.8 1)
(0.5 1.8 1)
(0.625 1.8 1)
(0.75 1.8 1)
(0.875 1.8 1)
(1 1.8 1)
(1.125 1.8 1)
(1.25 1.8 1)
(1.375 1.8 1)
(1.5 1.8 1)
(0 1.95 1)
(0.125 1.95 1)
(0.25 1.95 1)
(0.375 1.95 1)
(0.5 1.95 1)
(0.625 1.95 1)
(0.75 1.95 1)
(0.875 1.95 1)
(1 1.95 1)
(1.125 1.95 1)
(1.25 1.95 1)
(1.375 1.95 1)
(1.5 1.95 1)
(0 2.1 1)
(0.125 2.1 1)
(0.25 2.1 1)
(0.375 2.1 1)
(0.5 2.1 1)
(0.625 2.1 1)
(0.75 2.1 1)
(0.875 2.1 1)
(1 2.1 1)
(1.125 2.1 1)
(1.25 2.1 1)
(1.375 2.1 1)
(1.5 2.1 1)
(0 2.25 1)
(0.125 2.25 1)
(0.25 2.25 1)
(0.375 2.25 1)
(0.5 2.25 1)
(0.625 2.25 1)
(0.75 2.25 1)
(0.875 2.25 1)
(1 2.25 1)
(1.125 2.25 1)
(1.25 2.25 1)
(1.375 2.25 1)
(1.5 2.25 1)
(0 2.4 1)
(0.125 2.4 1)
(0.25 2.4 1)
(0.375 2.4 1)
(0.5 2.4 1)
(0.625 2.4 1)
(0.75 2.4 1)
(0.875 2.4 1)
(1 2.4 1)
(1.125 2.4 1)
(1.25 2.4 1)
(1.375 2.4 1)
(1.5 2.4 1)
(0 2.55 1)
(0.125 2.55 1)
(0.25 2.55 1)
(0.375 2.55 1)
(0.5 2.55 1)
(0.625 2.55 1)
(0.75 2.55 1)
(0.875 2.55 1)
(1 2.55 1)
(1.125 2.55 1)
(1.25 2.55 1)
(1.375 2.55 1)
(1.5 2.55 1)
(0 2.7 1)
(0.125 2.7 1)
(0.25 2.7 1)
(0.375 2.7 1)
(0.5 2.7 1)
(0.625 2.7 1)
(0.75 2.7 1)
(0.875 2.7 1)
(1 2.7 1)
(1.125 2.7 1)
(1.25 2.7 1)
(1.375 2.7 1)
(1.5 2.7 1)
(0 2.85 1)
(0.125 2.85 1)
(0.25 2.85 1)
(0.375 2.85 1)
(0.5 2.85 1)
(0.625 2.85 1)
(0.75 2.85 1)
(0.875 2.85 1)
(1 2.85 1)
(1.125 2.85 1)
(1.25 2.85 1)
(1.375 2.85 1)
(1.5 2.85 1)
(0 3 1)
(0.125 3 1)
(0.25 3 1)
(0.375 3 1)
(0.5 3 1)
(0.625 3 1)
(0.75 3 1)
(0.875 3 1)
(1 3 1)
(1.125 3 1)
(1.25 3 1)
(1.375 3 1)
(1.5 3 1)
(1.625 0.0375 0)
(1.75 0.075 0)
(1.875 0.1125 0)
(2 0.15 0)
(2.125 0.1875 0)
(2.25 0.225 0)
(2.375 0.2625 0)
(2.5 0.3 0)
(1.625 0.185625 0)
(1.75 0.22125 0)
(1.875 0.256875 0)
(2 0.2925 0)
(2.125 0.328125 0)
(2.25 0.36375 0)
(2.375 0.399375 0)
(2.5 0.435 0)
(1.625 0.33375 0)
(1.75 0.3675 0)
(1.875 0.40125 0)
(2 0.435 0)
(2.125 0.46875 0)
(2.25 0.5025 0)
(2.375 0.53625 0)
(2.5 0.57 0)
(1.625 0.481875 0)
(1.75 0.51375 0)
(1.875 0.545625 0)
(2 0.5775 0)
(2.125 0.609375 0)
(2.25 0.64125 0)
(2.375 0.673125 0)
(2.5 0.705 0)
(1.625 0.63 0)
(1.75 0.66 0)
(1.875 0.69 0)
(2 0.72 0)
(2.125 0.75 0)
(2.25 0.78 0)
(2.375 0.81 0)
(2.5 0.84 0)
(1.625 0.778125 0)
(1.75 0.80625 0)
(1.875 0.834375 0)
(2 0.8625 0)
(2.125 0.890625 0)
(2.25 0.91875 0)
(2.375 0.946875 0)
(2.5 0.975 0)
(1.625 0.92625 0)
(1.75 0.9525 0)
(1.875 0.97875 0)
(2 1.005 0)
(2.125 1.03125 0)
(2.25 1.0575 0)
(2.375 1.08375 0)
(2.5 1.11 0)
(1.625 1.074375 0)
(1.75 1.09875 0)
(1.875 1.123125 0)
(2 1.1475 0)
(2.125 1.171875 0)
(2.25 1.19625 0)
(2.375 1.220625 0)
(2.5 1.245 0)
(1.625 1.2225 0)
(1.75 1.245 0)
(1.875 1.2675 0)
(2 1.29 0)
(2.125 1.3125 0)
(2.25 1.335 0)
(2.375 1.3575 0)
(2.5 1.38 0)
(1.625 1.370625 0)
(1.75 1.39125 0)
(1.875 1.411875 0)
(2 1.4325 0)
(2.125 1.453125 0)
(2.25 1.47375 0)
(2.375 1.494375 0)
(2.5 1.515 0)
(1.625 1.51875 0)
(1.75 1.5375 0)
(1.875 1.55625 0)
(2 1.575 0)
(2.125 1.59375 0)
(2.25 1.6125 0)
(2.375 1.63125 0)
(2.5 1.65 0)
(1.625 1.666875 0)
(1.75 1.68375 0)
(1.875 1.700625 0)
(2 1.7175 0)
(2.125 1.734375 0)
(2.25 1.75125 0)
(2.375 1.768125 0)
(2.5 1.785 0)
(1.625 1.815 0)
(1.75 1.83 0)
(1.875 1.845 0)
(2 1.86 0)
(2.125 1.875 0)
(2.25 1.89 0)
(2.375 1.905 0)
(2.5 1.92 0)
(1.625 1.963125 0)
(1.75 1.97625 0)
(1.875 1.989375 0)
(2 2.0025 0)
(2.125 2.015625 0)
(2.25 2.02875 0)
(2.375 2.041875 0)
(2.5 2.055 0)
(1.625 2.11125 0)
(1.75 2.1225 0)
(1.875 2.13375 0)
(2 2.145 0)
(2.125 2.15625 0)
(2.25 2.1675 0)
(2.375 2.17875 0)
(2.5 2.19 0)
(1.625 2.259375 0)
(1.75 2.26875 0)
(1.875 2.278125 0)
(2 2.2875 0)
(2.125 2.296875 0)
(2.25 2.30625 0)
(2.375 2.315625 0)
(2.5 2.325 0)
(1.625 2.4075 0)
(1.75 2.415 0)
(1.875 2.4225 0)
(2 2.43 0)
(2.125 2.4375 0)
(2.25 2.445 0)
(2.375 2.4525 0)
(2.5 2.46 0)
(1.625 2.555625 0)
(1.75 2.56125 0)
(1.875 2.566875 0)
(2 2.5725 0)
(2.125 2.578125 0)
(2.25 2.58375 0)
(2.375 2.589375 0)
(2.5 2.595 0)
(1.625 2.70375 0)
(1.75 2.7075 0)
(1.875 2.71125 0)
(2 2.715 0)
(2.125 2.71875 0)
(2.25 2.7225 0)
(2.375 2.72625 0)
(2.5 2.73 0)
(1.625 2.851875 0)
(1.75 2.85375 0)
(1.875 2.855625 0)
(2 2.8575 0)
(2.125 2.859375 0)
(2.25 2.86125 0)
(2.375 2.863125 0)
(2.5 2.865 0)
(1.625 3 0)
(1.75 3 0)
(1.875 3 0)
(2 3 0)
(2.125 3 0)
(2.25 3 0)
(2.375 3 0)
(2.5 3 0)
(1.625 0.0375 1)
(1.75 0.075 1)
(1.875 0.1125 1)
(2 0.15 1)
(2.125 0.1875 1)
(2.25 0.225 1)
(2.375 0.2625 1)
(2.5 0.3 1)
(1.625 0.185625 1)
(1.75 0.22125 1)
(1.875 0.256875 1)
(2 0.2925 1)
(2.125 0.328125 1)
(2.25 0.36375 1)
(2.375 0.399375 1)
(2.5 0.435 1)
(1.625 0.33375 1)
(1.75 0.3675 1)
(1.875 0.40125 1)
(2 0.435 1)
(2.125 0.46875 1)
(2.25 0.5025 1)
(2.375 0.53625 1)
(2.5 0.57 1)
(1.625 0.481875 1)
(1.75 0.51375 1)
(1.875 0.545625 1)
(2 0.5775 1)
(2.125 0.609375 1)
(2.25 0.64125 1)
(2.375 0.673125 1)
(2.5 0.705 1)
(1.625 0.63 1)
(1.75 0.66 1)
(1.875 0.69 1)
(2 0.72 1)
(2.125 0.75 1)
(2.25 0.78 1)
(2.375 0.81 1)
(2.5 0.84 1)
(1.625 0.778125 1)
(1.75 0.80625 1)
(1.875 0.834375 1)
(2 0.8625 1)
(2.125 0.890625 1)
(2.25 0.91875 1)
(2.375 0.946875 1)
(2.5 0.975 1)
(1.625 0.92625 1)
(1.75 0.9525 1)
(1.875 0.97875 1)
(2 1.005 1)
(2.125 1.03125 1)
(2.25 1.0575 1)
(2.375 1.08375 1)
(2.5 1.11 1)
(1.625 1.074375 1)
(1.75 1.09875 1)
(1.875 1.123125 1)
(2 1.1475 1)
(2.125 1.171875 1)
(2.25 1.19625 1)
(2.375 1.220625 1)
(2.5 1.245 1)
(1.625 1.2225 1)
(1.75 1.245 1)
(1.875 1.2675 1)
(2 1.29 1)
(2.125 1.3125 1)
(2.25 1.335 1)
(2.375 1.3575 1)
(2.5 1.38 1)
(1.625 1.370625 1)
(1.75 1.39125 1)
(1.875 1.411875 1)
(2 1.4325 1)
(2.125 1.453125 1)
(2.25 1.47375 1)
(2.375 1.494375 1)
(2.5 1.515 1)
(1.625 1.51875 1)
(1.75 1.5375 1)
(1.875 1.55625 1)
(2 1.575 1)
(2.125 1.59375 1)
(2.25 1.6125 1)
(2.375 1.63125 1)
(2.5 1.65 1)
(1.625 1.666875 1)
(1.75 1.68375 1)
(1.875 1.700625 1)
(2 1.7175 1)
(2.125 1.734375 1)
(2.25 1.75125 1)
(2.375 1.768125 1)
(2.5 1.785 1)
(1.625 1.815 1)
(1.75 1.83 1)
(1.875 1.845 1)
(2 1.86 1)
(2.125 1.875 1)
(2.25 1.89 1)
(2.375 1.905 1)
(2.5 1.92 1)
(1.625 1.963125 1)
(1.75 1.97625 1)
(1.875 1.989375 1)
(2 2.0025 1)
(2.125 2.015625 1)
(2.25 2.02875 1)
(2.375 2.041875 1)
(2.5 2.055 1)
(1.625 2.11125 1)
(1.75 2.1225 1)
(1.875 2.13375 1)
(2 2.145 1)
(2.125 2.15625 1)
(2.25 2.1675 1)
(2.375 2.17875 1)
(2.5 2.19 1)
(1.625 2.259375 1)
(1.75 2.26875 1)
(1.875 2.278125 1)
(2 2.2875 1)
(2.125 2.296875 1)
(2.25 2.30625 1)
(2.375 2.315625 1)
(2.5 2.325 1)
(1.625 2.4075 1)
(1.75 2.415 1)
(1.875 2.4225 1)
(2 2.43 1)
(2.125 2.4375 1)
(2.25 2.445 1)
(2.375 2.4525 1)
(2.5 2.46 1)
(1.625 2.555625 1)
(1.75 2.56125 1)
(1.875 2.566875 1)
(2 2.5725 1)
(2.125 2.578125 1)
(2.25 2.58375 1)
(2.375 2.589375 1)
(2.5 2.595 1)
(1.625 2.70375 1)
(1.75 2.7075 1)
(1.875 2.71125 1)
(2 2.715 1)
(2.125 2.71875 1)
(2.25 2.7225 1)
(2.375 2.72625 1)
(2.5 2.73 1)
(1.625 2.851875 1)
(1.75 2.85375 1)
(1.875 2.855625 1)
(2 2.8575 1)
(2.125 2.859375 1)
(2.25 2.86125 1)
(2.375 2.863125 1)
(2.5 2.865 1)
(1.625 3 1)
(1.75 3 1)
(1.875 3 1)
(2 3 1)
(2.125 3 1)
(2.25 3 1)
(2.375 3 1)
(2.5 3 1)
)


// ************************************************************************* //
