/*--------------------------------*- C++ -*----------------------------------*\
| =========                 |                                                 |
| \\      /  F ield         | OpenFOAM: The Open Source CFD Toolbox           |
|  \\    /   O peration     | Version:  2412                                  |
|   \\  /    A nd           | Website:  www.openfoam.com                      |
|    \\/     M anipulation  |                                                 |
\*---------------------------------------------------------------------------*/
FoamFile
{
    version     2.0;
    format      ascii;
    arch        "LSB;label=32;scalar=64";
    class       vectorField;
    location    "constant/polyMesh";
    object      points;
}
// * * * * * * * * * * * * * * * * * * * * * * * * * * * * * * * * * * * * * //


462
(
(0 0 0)
(0.05 0 0)
(0.1 0 0)
(0.15 0 0)
(0.2 0 0)
(0.25 0 0)
(0.3 0 0)
(0.35 0 0)
(0.4 0 0)
(0.45 0 0)
(0.5 0 0)
(0 0.126 0)
(0.05 0.126 0)
(0.1 0.126 0)
(0.15 0.126 0)
(0.2 0.126 0)
(0.25 0.126 0)
(0.3 0.126 0)
(0.35 0.126 0)
(0.4 0.126 0)
(0.45 0.126 0)
(0.5 0.126 0)
(0 0.252 0)
(0.05 0.252 0)
(0.1 0.252 0)
(0.15 0.252 0)
(0.2 0.252 0)
(0.25 0.252 0)
(0.3 0.252 0)
(0.35 0.252 0)
(0.4 0.252 0)
(0.45 0.252 0)
(0.5 0.252 0)
(0 0.378 0)
(0.05 0.378 0)
(0.1 0.378 0)
(0.15 0.378 0)
(0.2 0.378 0)
(0.25 0.378 0)
(0.3 0.378 0)
(0.35 0.378 0)
(0.4 0.378 0)
(0.45 0.378 0)
(0.5 0.378 0)
(0 0.504 0)
(0.05 0.504 0)
(0.1 0.504 0)
(0.15 0.504 0)
(0.2 0.504 0)
(0.25 0.504 0)
(0.3 0.504 0)
(0.35 0.504 0)
(0.4 0.504 0)
(0.45 0.504 0)
(0.5 0.504 0)
(0 0.63 0)
(0.05 0.63 0)
(0.1 0.63 0)
(0.15 0.63 0)
(0.2 0.63 0)
(0.25 0.63 0)
(0.3 0.63 0)
(0.35 0.63 0)
(0.4 0.63 0)
(0.45 0.63 0)
(0.5 0.63 0)
(0 0.756 0)
(0.05 0.756 0)
(0.1 0.756 0)
(0.15 0.756 0)
(0.2 0.756 0)
(0.25 0.756 0)
(0.3 0.756 0)
(0.35 0.756 0)
(0.4 0.756 0)
(0.45 0.756 0)
(0.5 0.756 0)
(0 0.882 0)
(0.05 0.882 0)
(0.1 0.882 0)
(0.15 0.882 0)
(0.2 0.882 0)
(0.25 0.882 0)
(0.3 0.882 0)
(0.35 0.882 0)
(0.4 0.882 0)
(0.45 0.882 0)
(0.5 0.882 0)
(0 1.008 0)
(0.05 1.008 0)
(0.1 1.008 0)
(0.15 1.008 0)
(0.2 1.008 0)
(0.25 1.008 0)
(0.3 1.008 0)
(0.35 1.008 0)
(0.4 1.008 0)
(0.45 1.008 0)
(0.5 1.008 0)
(0 1.134 0)
(0.05 1.134 0)
(0.1 1.134 0)
(0.15 1.134 0)
(0.2 1.134 0)
(0.25 1.134 0)
(0.3 1.134 0)
(0.35 1.134 0)
(0.4 1.134 0)
(0.45 1.134 0)
(0.5 1.134 0)
(0 1.26 0)
(0.05 1.26 0)
(0.1 1.26 0)
(0.15 1.26 0)
(0.2 1.26 0)
(0.25 1.26 0)
(0.3 1.26 0)
(0.35 1.26 0)
(0.4 1.26 0)
(0.45 1.26 0)
(0.5 1.26 0)
(0 0 1)
(0.05 0 1)
(0.1 0 1)
(0.15 0 1)
(0.2 0 1)
(0.25 0 1)
(0.3 0 1)
(0.35 0 1)
(0.4 0 1)
(0.45 0 1)
(0.5 0 1)
(0 0.126 1)
(0.05 0.126 1)
(0.1 0.126 1)
(0.15 0.126 1)
(0.2 0.126 1)
(0.25 0.126 1)
(0.3 0.126 1)
(0.35 0.126 1)
(0.4 0.126 1)
(0.45 0.126 1)
(0.5 0.126 1)
(0 0.252 1)
(0.05 0.252 1)
(0.1 0.252 1)
(0.15 0.252 1)
(0.2 0.252 1)
(0.25 0.252 1)
(0.3 0.252 1)
(0.35 0.252 1)
(0.4 0.252 1)
(0.45 0.252 1)
(0.5 0.252 1)
(0 0.378 1)
(0.05 0.378 1)
(0.1 0.378 1)
(0.15 0.378 1)
(0.2 0.378 1)
(0.25 0.378 1)
(0.3 0.378 1)
(0.35 0.378 1)
(0.4 0.378 1)
(0.45 0.378 1)
(0.5 0.378 1)
(0 0.504 1)
(0.05 0.504 1)
(0.1 0.504 1)
(0.15 0.504 1)
(0.2 0.504 1)
(0.25 0.504 1)
(0.3 0.504 1)
(0.35 0.504 1)
(0.4 0.504 1)
(0.45 0.504 1)
(0.5 0.504 1)
(0 0.63 1)
(0.05 0.63 1)
(0.1 0.63 1)
(0.15 0.63 1)
(0.2 0.63 1)
(0.25 0.63 1)
(0.3 0.63 1)
(0.35 0.63 1)
(0.4 0.63 1)
(0.45 0.63 1)
(0.5 0.63 1)
(0 0.756 1)
(0.05 0.756 1)
(0.1 0.756 1)
(0.15 0.756 1)
(0.2 0.756 1)
(0.25 0.756 1)
(0.3 0.756 1)
(0.35 0.756 1)
(0.4 0.756 1)
(0.45 0.756 1)
(0.5 0.756 1)
(0 0.882 1)
(0.05 0.882 1)
(0.1 0.882 1)
(0.15 0.882 1)
(0.2 0.882 1)
(0.25 0.882 1)
(0.3 0.882 1)
(0.35 0.882 1)
(0.4 0.882 1)
(0.45 0.882 1)
(0.5 0.882 1)
(0 1.008 1)
(0.05 1.008 1)
(0.1 1.008 1)
(0.15 1.008 1)
(0.2 1.008 1)
(0.25 1.008 1)
(0.3 1.008 1)
(0.35 1.008 1)
(0.4 1.008 1)
(0.45 1.008 1)
(0.5 1.008 1)
(0 1.134 1)
(0.05 1.134 1)
(0.1 1.134 1)
(0.15 1.134 1)
(0.2 1.134 1)
(0.25 1.134 1)
(0.3 1.134 1)
(0.35 1.134 1)
(0.4 1.134 1)
(0.45 1.134 1)
(0.5 1.134 1)
(0 1.26 1)
(0.05 1.26 1)
(0.1 1.26 1)
(0.15 1.26 1)
(0.2 1.26 1)
(0.25 1.26 1)
(0.3 1.26 1)
(0.35 1.26 1)
(0.4 1.26 1)
(0.45 1.26 1)
(0.5 1.26 1)
(0.6 0.0364 0)
(0.7 0.0728 0)
(0.8 0.1092 0)
(0.9 0.1456 0)
(1 0.182 0)
(1.1 0.2184 0)
(1.2 0.2548 0)
(1.3 0.2912 0)
(1.4 0.3276 0)
(1.5 0.364 0)
(0.6 0.15876 0)
(0.7 0.19152 0)
(0.8 0.22428 0)
(0.9 0.25704 0)
(1 0.2898 0)
(1.1 0.32256 0)
(1.2 0.35532 0)
(1.3 0.38808 0)
(1.4 0.42084 0)
(1.5 0.4536 0)
(0.6 0.28112 0)
(0.7 0.31024 0)
(0.8 0.33936 0)
(0.9 0.36848 0)
(1 0.3976 0)
(1.1 0.42672 0)
(1.2 0.45584 0)
(1.3 0.48496 0)
(1.4 0.51408 0)
(1.5 0.5432 0)
(0.6 0.40348 0)
(0.7 0.42896 0)
(0.8 0.45444 0)
(0.9 0.47992 0)
(1 0.5054 0)
(1.1 0.53088 0)
(1.2 0.55636 0)
(1.3 0.58184 0)
(1.4 0.60732 0)
(1.5 0.6328 0)
(0.6 0.52584 0)
(0.7 0.54768 0)
(0.8 0.56952 0)
(0.9 0.59136 0)
(1 0.6132 0)
(1.1 0.63504 0)
(1.2 0.65688 0)
(1.3 0.67872 0)
(1.4 0.70056 0)
(1.5 0.7224 0)
(0.6 0.6482 0)
(0.7 0.6664 0)
(0.8 0.6846 0)
(0.9 0.7028 0)
(1 0.721 0)
(1.1 0.7392 0)
(1.2 0.7574 0)
(1.3 0.7756 0)
(1.4 0.7938 0)
(1.5 0.812 0)
(0.6 0.77056 0)
(0.7 0.78512 0)
(0.8 0.79968 0)
(0.9 0.81424 0)
(1 0.8288 0)
(1.1 0.84336 0)
(1.2 0.85792 0)
(1.3 0.87248 0)
(1.4 0.88704 0)
(1.5 0.9016 0)
(0.6 0.89292 0)
(0.7 0.90384 0)
(0.8 0.91476 0)
(0.9 0.92568 0)
(1 0.9366 0)
(1.1 0.94752 0)
(1.2 0.95844 0)
(1.3 0.96936 0)
(1.4 0.98028 0)
(1.5 0.9912 0)
(0.6 1.01528 0)
(0.7 1.02256 0)
(0.8 1.02984 0)
(0.9 1.03712 0)
(1 1.0444 0)
(1.1 1.05168 0)
(1.2 1.05896 0)
(1.3 1.06624 0)
(1.4 1.07352 0)
(1.5 1.0808 0)
(0.6 1.13764 0)
(0.7 1.14128 0)
(0.8 1.14492 0)
(0.9 1.14856 0)
(1 1.1522 0)
(1.1 1.15584 0)
(1.2 1.15948 0)
(1.3 1.16312 0)
(1.4 1.16676 0)
(1.5 1.1704 0)
(0.6 1.26 0)
(0.7 1.26 0)
(0.8 1.26 0)
(0.9 1.26 0)
(1 1.26 0)
(1.1 1.26 0)
(1.2 1.26 0)
(1.3 1.26 0)
(1.4 1.26 0)
(1.5 1.26 0)
(0.6 0.0364 1)
(0.7 0.0728 1)
(0.8 0.1092 1)
(0.9 0.1456 1)
(1 0.182 1)
(1.1 0.2184 1)
(1.2 0.2548 1)
(1.3 0.2912 1)
(1.4 0.3276 1)
(1.5 0.364 1)
(0.6 0.15876 1)
(0.7 0.19152 1)
(0.8 0.22428 1)
(0.9 0.25704 1)
(1 0.2898 1)
(1.1 0.32256 1)
(1.2 0.35532 1)
(1.3 0.38808 1)
(1.4 0.42084 1)
(1.5 0.4536 1)
(0.6 0.28112 1)
(0.7 0.31024 1)
(0.8 0.33936 1)
(0.9 0.36848 1)
(1 0.3976 1)
(1.1 0.42672 1)
(1.2 0.45584 1)
(1.3 0.48496 1)
(1.4 0.51408 1)
(1.5 0.5432 1)
(0.6 0.40348 1)
(0.7 0.42896 1)
(0.8 0.45444 1)
(0.9 0.47992 1)
(1 0.5054 1)
(1.1 0.53088 1)
(1.2 0.55636 1)
(1.3 0.58184 1)
(1.4 0.60732 1)
(1.5 0.6328 1)
(0.6 0.52584 1)
(0.7 0.54768 1)
(0.8 0.56952 1)
(0.9 0.59136 1)
(1 0.6132 1)
(1.1 0.63504 1)
(1.2 0.65688 1)
(1.3 0.67872 1)
(1.4 0.70056 1)
(1.5 0.7224 1)
(0.6 0.6482 1)
(0.7 0.6664 1)
(0.8 0.6846 1)
(0.9 0.7028 1)
(1 0.721 1)
(1.1 0.7392 1)
(1.2 0.7574 1)
(1.3 0.7756 1)
(1.4 0.7938 1)
(1.5 0.812 1)
(0.6 0.77056 1)
(0.7 0.78512 1)
(0.8 0.79968 1)
(0.9 0.81424 1)
(1 0.8288 1)
(1.1 0.84336 1)
(1.2 0.85792 1)
(1.3 0.87248 1)
(1.4 0.88704 1)
(1.5 0.9016 1)
(0.6 0.89292 1)
(0.7 0.90384 1)
(0.8 0.91476 1)
(0.9 0.92568 1)
(1 0.9366 1)
(1.1 0.94752 1)
(1.2 0.95844 1)
(1.3 0.96936 1)
(1.4 0.98028 1)
(1.5 0.9912 1)
(0.6 1.01528 1)
(0.7 1.02256 1)
(0.8 1.02984 1)
(0.9 1.03712 1)
(1 1.0444 1)
(1.1 1.05168 1)
(1.2 1.05896 1)
(1.3 1.06624 1)
(1.4 1.07352 1)
(1.5 1.0808 1)
(0.6 1.13764 1)
(0.7 1.14128 1)
(0.8 1.14492 1)
(0.9 1.14856 1)
(1 1.1522 1)
(1.1 1.15584 1)
(1.2 1.15948 1)
(1.3 1.16312 1)
(1.4 1.16676 1)
(1.5 1.1704 1)
(0.6 1.26 1)
(0.7 1.26 1)
(0.8 1.26 1)
(0.9 1.26 1)
(1 1.26 1)
(1.1 1.26 1)
(1.2 1.26 1)
(1.3 1.26 1)
(1.4 1.26 1)
(1.5 1.26 1)
)


// ************************************************************************* //
