/*--------------------------------*- C++ -*----------------------------------*\
| =========                 |                                                 |
| \\      /  F ield         | OpenFOAM: The Open Source CFD Toolbox           |
|  \\    /   O peration     | Version:  2412                                  |
|   \\  /    A nd           | Website:  www.openfoam.com                      |
|    \\/     M anipulation  |                                                 |
\*---------------------------------------------------------------------------*/
FoamFile
{
    version     2.0;
    format      ascii;
    arch        "LSB;label=32;scalar=64";
    note        "nPoints:5202  nCells:2500  nFaces:10100  nInternalFaces:4900";
    class       labelList;
    location    "constant/polyMesh";
    object      neighbour;
}
// * * * * * * * * * * * * * * * * * * * * * * * * * * * * * * * * * * * * * //


4900
(
1
17
2
18
3
19
4
20
5
21
6
22
7
23
8
24
9
25
10
26
11
27
12
28
13
29
14
30
15
31
16
32
33
850
18
34
19
35
20
36
21
37
22
38
23
39
24
40
25
41
26
42
27
43
28
44
29
45
30
46
31
47
32
48
33
49
50
883
35
51
36
52
37
53
38
54
39
55
40
56
41
57
42
58
43
59
44
60
45
61
46
62
47
63
48
64
49
65
50
66
67
916
52
68
53
69
54
70
55
71
56
72
57
73
58
74
59
75
60
76
61
77
62
78
63
79
64
80
65
81
66
82
67
83
84
949
69
85
70
86
71
87
72
88
73
89
74
90
75
91
76
92
77
93
78
94
79
95
80
96
81
97
82
98
83
99
84
100
101
982
86
102
87
103
88
104
89
105
90
106
91
107
92
108
93
109
94
110
95
111
96
112
97
113
98
114
99
115
100
116
101
117
118
1015
103
119
104
120
105
121
106
122
107
123
108
124
109
125
110
126
111
127
112
128
113
129
114
130
115
131
116
132
117
133
118
134
135
1048
120
136
121
137
122
138
123
139
124
140
125
141
126
142
127
143
128
144
129
145
130
146
131
147
132
148
133
149
134
150
135
151
152
1081
137
153
138
154
139
155
140
156
141
157
142
158
143
159
144
160
145
161
146
162
147
163
148
164
149
165
150
166
151
167
152
168
169
1114
154
170
155
171
156
172
157
173
158
174
159
175
160
176
161
177
162
178
163
179
164
180
165
181
166
182
167
183
168
184
169
185
186
1147
171
187
172
188
173
189
174
190
175
191
176
192
177
193
178
194
179
195
180
196
181
197
182
198
183
199
184
200
185
201
186
202
203
1180
188
204
189
205
190
206
191
207
192
208
193
209
194
210
195
211
196
212
197
213
198
214
199
215
200
216
201
217
202
218
203
219
220
1213
205
221
206
222
207
223
208
224
209
225
210
226
211
227
212
228
213
229
214
230
215
231
216
232
217
233
218
234
219
235
220
236
237
1246
222
238
223
239
224
240
225
241
226
242
227
243
228
244
229
245
230
246
231
247
232
248
233
249
234
250
235
251
236
252
237
253
254
1279
239
255
240
256
241
257
242
258
243
259
244
260
245
261
246
262
247
263
248
264
249
265
250
266
251
267
252
268
253
269
254
270
271
1312
256
272
257
273
258
274
259
275
260
276
261
277
262
278
263
279
264
280
265
281
266
282
267
283
268
284
269
285
270
286
271
287
288
1345
273
289
274
290
275
291
276
292
277
293
278
294
279
295
280
296
281
297
282
298
283
299
284
300
285
301
286
302
287
303
288
304
305
1378
290
306
291
307
292
308
293
309
294
310
295
311
296
312
297
313
298
314
299
315
300
316
301
317
302
318
303
319
304
320
305
321
322
1411
307
323
308
324
309
325
310
326
311
327
312
328
313
329
314
330
315
331
316
332
317
333
318
334
319
335
320
336
321
337
322
338
339
1444
324
340
325
341
326
342
327
343
328
344
329
345
330
346
331
347
332
348
333
349
334
350
335
351
336
352
337
353
338
354
339
355
356
1477
341
357
342
358
343
359
344
360
345
361
346
362
347
363
348
364
349
365
350
366
351
367
352
368
353
369
354
370
355
371
356
372
373
1510
358
374
359
375
360
376
361
377
362
378
363
379
364
380
365
381
366
382
367
383
368
384
369
385
370
386
371
387
372
388
373
389
390
1543
375
391
376
392
377
393
378
394
379
395
380
396
381
397
382
398
383
399
384
400
385
401
386
402
387
403
388
404
389
405
390
406
407
1576
392
408
393
409
394
410
395
411
396
412
397
413
398
414
399
415
400
416
401
417
402
418
403
419
404
420
405
421
406
422
407
423
424
1609
409
425
410
426
411
427
412
428
413
429
414
430
415
431
416
432
417
433
418
434
419
435
420
436
421
437
422
438
423
439
424
440
441
1642
426
442
427
443
428
444
429
445
430
446
431
447
432
448
433
449
434
450
435
451
436
452
437
453
438
454
439
455
440
456
441
457
458
1675
443
459
444
460
445
461
446
462
447
463
448
464
449
465
450
466
451
467
452
468
453
469
454
470
455
471
456
472
457
473
458
474
475
1708
460
476
461
477
462
478
463
479
464
480
465
481
466
482
467
483
468
484
469
485
470
486
471
487
472
488
473
489
474
490
475
491
492
1741
477
493
478
494
479
495
480
496
481
497
482
498
483
499
484
500
485
501
486
502
487
503
488
504
489
505
490
506
491
507
492
508
509
1774
494
510
495
511
496
512
497
513
498
514
499
515
500
516
501
517
502
518
503
519
504
520
505
521
506
522
507
523
508
524
509
525
526
1807
511
527
512
528
513
529
514
530
515
531
516
532
517
533
518
534
519
535
520
536
521
537
522
538
523
539
524
540
525
541
526
542
543
1840
528
544
529
545
530
546
531
547
532
548
533
549
534
550
535
551
536
552
537
553
538
554
539
555
540
556
541
557
542
558
543
559
560
1873
545
561
546
562
547
563
548
564
549
565
550
566
551
567
552
568
553
569
554
570
555
571
556
572
557
573
558
574
559
575
560
576
577
1906
562
578
563
579
564
580
565
581
566
582
567
583
568
584
569
585
570
586
571
587
572
588
573
589
574
590
575
591
576
592
577
593
594
1939
579
595
580
596
581
597
582
598
583
599
584
600
585
601
586
602
587
603
588
604
589
605
590
606
591
607
592
608
593
609
594
610
611
1972
596
612
597
613
598
614
599
615
600
616
601
617
602
618
603
619
604
620
605
621
606
622
607
623
608
624
609
625
610
626
611
627
628
2005
613
629
614
630
615
631
616
632
617
633
618
634
619
635
620
636
621
637
622
638
623
639
624
640
625
641
626
642
627
643
628
644
645
2038
630
646
631
647
632
648
633
649
634
650
635
651
636
652
637
653
638
654
639
655
640
656
641
657
642
658
643
659
644
660
645
661
662
2071
647
663
648
664
649
665
650
666
651
667
652
668
653
669
654
670
655
671
656
672
657
673
658
674
659
675
660
676
661
677
662
678
679
2104
664
680
665
681
666
682
667
683
668
684
669
685
670
686
671
687
672
688
673
689
674
690
675
691
676
692
677
693
678
694
679
695
696
2137
681
697
682
698
683
699
684
700
685
701
686
702
687
703
688
704
689
705
690
706
691
707
692
708
693
709
694
710
695
711
696
712
713
2170
698
714
699
715
700
716
701
717
702
718
703
719
704
720
705
721
706
722
707
723
708
724
709
725
710
726
711
727
712
728
713
729
730
2203
715
731
716
732
717
733
718
734
719
735
720
736
721
737
722
738
723
739
724
740
725
741
726
742
727
743
728
744
729
745
730
746
747
2236
732
748
733
749
734
750
735
751
736
752
737
753
738
754
739
755
740
756
741
757
742
758
743
759
744
760
745
761
746
762
747
763
764
2269
749
765
750
766
751
767
752
768
753
769
754
770
755
771
756
772
757
773
758
774
759
775
760
776
761
777
762
778
763
779
764
780
781
2302
766
782
767
783
768
784
769
785
770
786
771
787
772
788
773
789
774
790
775
791
776
792
777
793
778
794
779
795
780
796
781
797
798
2335
783
799
784
800
785
801
786
802
787
803
788
804
789
805
790
806
791
807
792
808
793
809
794
810
795
811
796
812
797
813
798
814
815
2368
800
816
801
817
802
818
803
819
804
820
805
821
806
822
807
823
808
824
809
825
810
826
811
827
812
828
813
829
814
830
815
831
832
2401
817
833
818
834
819
835
820
836
821
837
822
838
823
839
824
840
825
841
826
842
827
843
828
844
829
845
830
846
831
847
832
848
849
2434
834
835
836
837
838
839
840
841
842
843
844
845
846
847
848
849
2467
851
883
852
884
853
885
854
886
855
887
856
888
857
889
858
890
859
891
860
892
861
893
862
894
863
895
864
896
865
897
866
898
867
899
868
900
869
901
870
902
871
903
872
904
873
905
874
906
875
907
876
908
877
909
878
910
879
911
880
912
881
913
882
914
915
884
916
885
917
886
918
887
919
888
920
889
921
890
922
891
923
892
924
893
925
894
926
895
927
896
928
897
929
898
930
899
931
900
932
901
933
902
934
903
935
904
936
905
937
906
938
907
939
908
940
909
941
910
942
911
943
912
944
913
945
914
946
915
947
948
917
949
918
950
919
951
920
952
921
953
922
954
923
955
924
956
925
957
926
958
927
959
928
960
929
961
930
962
931
963
932
964
933
965
934
966
935
967
936
968
937
969
938
970
939
971
940
972
941
973
942
974
943
975
944
976
945
977
946
978
947
979
948
980
981
950
982
951
983
952
984
953
985
954
986
955
987
956
988
957
989
958
990
959
991
960
992
961
993
962
994
963
995
964
996
965
997
966
998
967
999
968
1000
969
1001
970
1002
971
1003
972
1004
973
1005
974
1006
975
1007
976
1008
977
1009
978
1010
979
1011
980
1012
981
1013
1014
983
1015
984
1016
985
1017
986
1018
987
1019
988
1020
989
1021
990
1022
991
1023
992
1024
993
1025
994
1026
995
1027
996
1028
997
1029
998
1030
999
1031
1000
1032
1001
1033
1002
1034
1003
1035
1004
1036
1005
1037
1006
1038
1007
1039
1008
1040
1009
1041
1010
1042
1011
1043
1012
1044
1013
1045
1014
1046
1047
1016
1048
1017
1049
1018
1050
1019
1051
1020
1052
1021
1053
1022
1054
1023
1055
1024
1056
1025
1057
1026
1058
1027
1059
1028
1060
1029
1061
1030
1062
1031
1063
1032
1064
1033
1065
1034
1066
1035
1067
1036
1068
1037
1069
1038
1070
1039
1071
1040
1072
1041
1073
1042
1074
1043
1075
1044
1076
1045
1077
1046
1078
1047
1079
1080
1049
1081
1050
1082
1051
1083
1052
1084
1053
1085
1054
1086
1055
1087
1056
1088
1057
1089
1058
1090
1059
1091
1060
1092
1061
1093
1062
1094
1063
1095
1064
1096
1065
1097
1066
1098
1067
1099
1068
1100
1069
1101
1070
1102
1071
1103
1072
1104
1073
1105
1074
1106
1075
1107
1076
1108
1077
1109
1078
1110
1079
1111
1080
1112
1113
1082
1114
1083
1115
1084
1116
1085
1117
1086
1118
1087
1119
1088
1120
1089
1121
1090
1122
1091
1123
1092
1124
1093
1125
1094
1126
1095
1127
1096
1128
1097
1129
1098
1130
1099
1131
1100
1132
1101
1133
1102
1134
1103
1135
1104
1136
1105
1137
1106
1138
1107
1139
1108
1140
1109
1141
1110
1142
1111
1143
1112
1144
1113
1145
1146
1115
1147
1116
1148
1117
1149
1118
1150
1119
1151
1120
1152
1121
1153
1122
1154
1123
1155
1124
1156
1125
1157
1126
1158
1127
1159
1128
1160
1129
1161
1130
1162
1131
1163
1132
1164
1133
1165
1134
1166
1135
1167
1136
1168
1137
1169
1138
1170
1139
1171
1140
1172
1141
1173
1142
1174
1143
1175
1144
1176
1145
1177
1146
1178
1179
1148
1180
1149
1181
1150
1182
1151
1183
1152
1184
1153
1185
1154
1186
1155
1187
1156
1188
1157
1189
1158
1190
1159
1191
1160
1192
1161
1193
1162
1194
1163
1195
1164
1196
1165
1197
1166
1198
1167
1199
1168
1200
1169
1201
1170
1202
1171
1203
1172
1204
1173
1205
1174
1206
1175
1207
1176
1208
1177
1209
1178
1210
1179
1211
1212
1181
1213
1182
1214
1183
1215
1184
1216
1185
1217
1186
1218
1187
1219
1188
1220
1189
1221
1190
1222
1191
1223
1192
1224
1193
1225
1194
1226
1195
1227
1196
1228
1197
1229
1198
1230
1199
1231
1200
1232
1201
1233
1202
1234
1203
1235
1204
1236
1205
1237
1206
1238
1207
1239
1208
1240
1209
1241
1210
1242
1211
1243
1212
1244
1245
1214
1246
1215
1247
1216
1248
1217
1249
1218
1250
1219
1251
1220
1252
1221
1253
1222
1254
1223
1255
1224
1256
1225
1257
1226
1258
1227
1259
1228
1260
1229
1261
1230
1262
1231
1263
1232
1264
1233
1265
1234
1266
1235
1267
1236
1268
1237
1269
1238
1270
1239
1271
1240
1272
1241
1273
1242
1274
1243
1275
1244
1276
1245
1277
1278
1247
1279
1248
1280
1249
1281
1250
1282
1251
1283
1252
1284
1253
1285
1254
1286
1255
1287
1256
1288
1257
1289
1258
1290
1259
1291
1260
1292
1261
1293
1262
1294
1263
1295
1264
1296
1265
1297
1266
1298
1267
1299
1268
1300
1269
1301
1270
1302
1271
1303
1272
1304
1273
1305
1274
1306
1275
1307
1276
1308
1277
1309
1278
1310
1311
1280
1312
1281
1313
1282
1314
1283
1315
1284
1316
1285
1317
1286
1318
1287
1319
1288
1320
1289
1321
1290
1322
1291
1323
1292
1324
1293
1325
1294
1326
1295
1327
1296
1328
1297
1329
1298
1330
1299
1331
1300
1332
1301
1333
1302
1334
1303
1335
1304
1336
1305
1337
1306
1338
1307
1339
1308
1340
1309
1341
1310
1342
1311
1343
1344
1313
1345
1314
1346
1315
1347
1316
1348
1317
1349
1318
1350
1319
1351
1320
1352
1321
1353
1322
1354
1323
1355
1324
1356
1325
1357
1326
1358
1327
1359
1328
1360
1329
1361
1330
1362
1331
1363
1332
1364
1333
1365
1334
1366
1335
1367
1336
1368
1337
1369
1338
1370
1339
1371
1340
1372
1341
1373
1342
1374
1343
1375
1344
1376
1377
1346
1378
1347
1379
1348
1380
1349
1381
1350
1382
1351
1383
1352
1384
1353
1385
1354
1386
1355
1387
1356
1388
1357
1389
1358
1390
1359
1391
1360
1392
1361
1393
1362
1394
1363
1395
1364
1396
1365
1397
1366
1398
1367
1399
1368
1400
1369
1401
1370
1402
1371
1403
1372
1404
1373
1405
1374
1406
1375
1407
1376
1408
1377
1409
1410
1379
1411
1380
1412
1381
1413
1382
1414
1383
1415
1384
1416
1385
1417
1386
1418
1387
1419
1388
1420
1389
1421
1390
1422
1391
1423
1392
1424
1393
1425
1394
1426
1395
1427
1396
1428
1397
1429
1398
1430
1399
1431
1400
1432
1401
1433
1402
1434
1403
1435
1404
1436
1405
1437
1406
1438
1407
1439
1408
1440
1409
1441
1410
1442
1443
1412
1444
1413
1445
1414
1446
1415
1447
1416
1448
1417
1449
1418
1450
1419
1451
1420
1452
1421
1453
1422
1454
1423
1455
1424
1456
1425
1457
1426
1458
1427
1459
1428
1460
1429
1461
1430
1462
1431
1463
1432
1464
1433
1465
1434
1466
1435
1467
1436
1468
1437
1469
1438
1470
1439
1471
1440
1472
1441
1473
1442
1474
1443
1475
1476
1445
1477
1446
1478
1447
1479
1448
1480
1449
1481
1450
1482
1451
1483
1452
1484
1453
1485
1454
1486
1455
1487
1456
1488
1457
1489
1458
1490
1459
1491
1460
1492
1461
1493
1462
1494
1463
1495
1464
1496
1465
1497
1466
1498
1467
1499
1468
1500
1469
1501
1470
1502
1471
1503
1472
1504
1473
1505
1474
1506
1475
1507
1476
1508
1509
1478
1510
1479
1511
1480
1512
1481
1513
1482
1514
1483
1515
1484
1516
1485
1517
1486
1518
1487
1519
1488
1520
1489
1521
1490
1522
1491
1523
1492
1524
1493
1525
1494
1526
1495
1527
1496
1528
1497
1529
1498
1530
1499
1531
1500
1532
1501
1533
1502
1534
1503
1535
1504
1536
1505
1537
1506
1538
1507
1539
1508
1540
1509
1541
1542
1511
1543
1512
1544
1513
1545
1514
1546
1515
1547
1516
1548
1517
1549
1518
1550
1519
1551
1520
1552
1521
1553
1522
1554
1523
1555
1524
1556
1525
1557
1526
1558
1527
1559
1528
1560
1529
1561
1530
1562
1531
1563
1532
1564
1533
1565
1534
1566
1535
1567
1536
1568
1537
1569
1538
1570
1539
1571
1540
1572
1541
1573
1542
1574
1575
1544
1576
1545
1577
1546
1578
1547
1579
1548
1580
1549
1581
1550
1582
1551
1583
1552
1584
1553
1585
1554
1586
1555
1587
1556
1588
1557
1589
1558
1590
1559
1591
1560
1592
1561
1593
1562
1594
1563
1595
1564
1596
1565
1597
1566
1598
1567
1599
1568
1600
1569
1601
1570
1602
1571
1603
1572
1604
1573
1605
1574
1606
1575
1607
1608
1577
1609
1578
1610
1579
1611
1580
1612
1581
1613
1582
1614
1583
1615
1584
1616
1585
1617
1586
1618
1587
1619
1588
1620
1589
1621
1590
1622
1591
1623
1592
1624
1593
1625
1594
1626
1595
1627
1596
1628
1597
1629
1598
1630
1599
1631
1600
1632
1601
1633
1602
1634
1603
1635
1604
1636
1605
1637
1606
1638
1607
1639
1608
1640
1641
1610
1642
1611
1643
1612
1644
1613
1645
1614
1646
1615
1647
1616
1648
1617
1649
1618
1650
1619
1651
1620
1652
1621
1653
1622
1654
1623
1655
1624
1656
1625
1657
1626
1658
1627
1659
1628
1660
1629
1661
1630
1662
1631
1663
1632
1664
1633
1665
1634
1666
1635
1667
1636
1668
1637
1669
1638
1670
1639
1671
1640
1672
1641
1673
1674
1643
1675
1644
1676
1645
1677
1646
1678
1647
1679
1648
1680
1649
1681
1650
1682
1651
1683
1652
1684
1653
1685
1654
1686
1655
1687
1656
1688
1657
1689
1658
1690
1659
1691
1660
1692
1661
1693
1662
1694
1663
1695
1664
1696
1665
1697
1666
1698
1667
1699
1668
1700
1669
1701
1670
1702
1671
1703
1672
1704
1673
1705
1674
1706
1707
1676
1708
1677
1709
1678
1710
1679
1711
1680
1712
1681
1713
1682
1714
1683
1715
1684
1716
1685
1717
1686
1718
1687
1719
1688
1720
1689
1721
1690
1722
1691
1723
1692
1724
1693
1725
1694
1726
1695
1727
1696
1728
1697
1729
1698
1730
1699
1731
1700
1732
1701
1733
1702
1734
1703
1735
1704
1736
1705
1737
1706
1738
1707
1739
1740
1709
1741
1710
1742
1711
1743
1712
1744
1713
1745
1714
1746
1715
1747
1716
1748
1717
1749
1718
1750
1719
1751
1720
1752
1721
1753
1722
1754
1723
1755
1724
1756
1725
1757
1726
1758
1727
1759
1728
1760
1729
1761
1730
1762
1731
1763
1732
1764
1733
1765
1734
1766
1735
1767
1736
1768
1737
1769
1738
1770
1739
1771
1740
1772
1773
1742
1774
1743
1775
1744
1776
1745
1777
1746
1778
1747
1779
1748
1780
1749
1781
1750
1782
1751
1783
1752
1784
1753
1785
1754
1786
1755
1787
1756
1788
1757
1789
1758
1790
1759
1791
1760
1792
1761
1793
1762
1794
1763
1795
1764
1796
1765
1797
1766
1798
1767
1799
1768
1800
1769
1801
1770
1802
1771
1803
1772
1804
1773
1805
1806
1775
1807
1776
1808
1777
1809
1778
1810
1779
1811
1780
1812
1781
1813
1782
1814
1783
1815
1784
1816
1785
1817
1786
1818
1787
1819
1788
1820
1789
1821
1790
1822
1791
1823
1792
1824
1793
1825
1794
1826
1795
1827
1796
1828
1797
1829
1798
1830
1799
1831
1800
1832
1801
1833
1802
1834
1803
1835
1804
1836
1805
1837
1806
1838
1839
1808
1840
1809
1841
1810
1842
1811
1843
1812
1844
1813
1845
1814
1846
1815
1847
1816
1848
1817
1849
1818
1850
1819
1851
1820
1852
1821
1853
1822
1854
1823
1855
1824
1856
1825
1857
1826
1858
1827
1859
1828
1860
1829
1861
1830
1862
1831
1863
1832
1864
1833
1865
1834
1866
1835
1867
1836
1868
1837
1869
1838
1870
1839
1871
1872
1841
1873
1842
1874
1843
1875
1844
1876
1845
1877
1846
1878
1847
1879
1848
1880
1849
1881
1850
1882
1851
1883
1852
1884
1853
1885
1854
1886
1855
1887
1856
1888
1857
1889
1858
1890
1859
1891
1860
1892
1861
1893
1862
1894
1863
1895
1864
1896
1865
1897
1866
1898
1867
1899
1868
1900
1869
1901
1870
1902
1871
1903
1872
1904
1905
1874
1906
1875
1907
1876
1908
1877
1909
1878
1910
1879
1911
1880
1912
1881
1913
1882
1914
1883
1915
1884
1916
1885
1917
1886
1918
1887
1919
1888
1920
1889
1921
1890
1922
1891
1923
1892
1924
1893
1925
1894
1926
1895
1927
1896
1928
1897
1929
1898
1930
1899
1931
1900
1932
1901
1933
1902
1934
1903
1935
1904
1936
1905
1937
1938
1907
1939
1908
1940
1909
1941
1910
1942
1911
1943
1912
1944
1913
1945
1914
1946
1915
1947
1916
1948
1917
1949
1918
1950
1919
1951
1920
1952
1921
1953
1922
1954
1923
1955
1924
1956
1925
1957
1926
1958
1927
1959
1928
1960
1929
1961
1930
1962
1931
1963
1932
1964
1933
1965
1934
1966
1935
1967
1936
1968
1937
1969
1938
1970
1971
1940
1972
1941
1973
1942
1974
1943
1975
1944
1976
1945
1977
1946
1978
1947
1979
1948
1980
1949
1981
1950
1982
1951
1983
1952
1984
1953
1985
1954
1986
1955
1987
1956
1988
1957
1989
1958
1990
1959
1991
1960
1992
1961
1993
1962
1994
1963
1995
1964
1996
1965
1997
1966
1998
1967
1999
1968
2000
1969
2001
1970
2002
1971
2003
2004
1973
2005
1974
2006
1975
2007
1976
2008
1977
2009
1978
2010
1979
2011
1980
2012
1981
2013
1982
2014
1983
2015
1984
2016
1985
2017
1986
2018
1987
2019
1988
2020
1989
2021
1990
2022
1991
2023
1992
2024
1993
2025
1994
2026
1995
2027
1996
2028
1997
2029
1998
2030
1999
2031
2000
2032
2001
2033
2002
2034
2003
2035
2004
2036
2037
2006
2038
2007
2039
2008
2040
2009
2041
2010
2042
2011
2043
2012
2044
2013
2045
2014
2046
2015
2047
2016
2048
2017
2049
2018
2050
2019
2051
2020
2052
2021
2053
2022
2054
2023
2055
2024
2056
2025
2057
2026
2058
2027
2059
2028
2060
2029
2061
2030
2062
2031
2063
2032
2064
2033
2065
2034
2066
2035
2067
2036
2068
2037
2069
2070
2039
2071
2040
2072
2041
2073
2042
2074
2043
2075
2044
2076
2045
2077
2046
2078
2047
2079
2048
2080
2049
2081
2050
2082
2051
2083
2052
2084
2053
2085
2054
2086
2055
2087
2056
2088
2057
2089
2058
2090
2059
2091
2060
2092
2061
2093
2062
2094
2063
2095
2064
2096
2065
2097
2066
2098
2067
2099
2068
2100
2069
2101
2070
2102
2103
2072
2104
2073
2105
2074
2106
2075
2107
2076
2108
2077
2109
2078
2110
2079
2111
2080
2112
2081
2113
2082
2114
2083
2115
2084
2116
2085
2117
2086
2118
2087
2119
2088
2120
2089
2121
2090
2122
2091
2123
2092
2124
2093
2125
2094
2126
2095
2127
2096
2128
2097
2129
2098
2130
2099
2131
2100
2132
2101
2133
2102
2134
2103
2135
2136
2105
2137
2106
2138
2107
2139
2108
2140
2109
2141
2110
2142
2111
2143
2112
2144
2113
2145
2114
2146
2115
2147
2116
2148
2117
2149
2118
2150
2119
2151
2120
2152
2121
2153
2122
2154
2123
2155
2124
2156
2125
2157
2126
2158
2127
2159
2128
2160
2129
2161
2130
2162
2131
2163
2132
2164
2133
2165
2134
2166
2135
2167
2136
2168
2169
2138
2170
2139
2171
2140
2172
2141
2173
2142
2174
2143
2175
2144
2176
2145
2177
2146
2178
2147
2179
2148
2180
2149
2181
2150
2182
2151
2183
2152
2184
2153
2185
2154
2186
2155
2187
2156
2188
2157
2189
2158
2190
2159
2191
2160
2192
2161
2193
2162
2194
2163
2195
2164
2196
2165
2197
2166
2198
2167
2199
2168
2200
2169
2201
2202
2171
2203
2172
2204
2173
2205
2174
2206
2175
2207
2176
2208
2177
2209
2178
2210
2179
2211
2180
2212
2181
2213
2182
2214
2183
2215
2184
2216
2185
2217
2186
2218
2187
2219
2188
2220
2189
2221
2190
2222
2191
2223
2192
2224
2193
2225
2194
2226
2195
2227
2196
2228
2197
2229
2198
2230
2199
2231
2200
2232
2201
2233
2202
2234
2235
2204
2236
2205
2237
2206
2238
2207
2239
2208
2240
2209
2241
2210
2242
2211
2243
2212
2244
2213
2245
2214
2246
2215
2247
2216
2248
2217
2249
2218
2250
2219
2251
2220
2252
2221
2253
2222
2254
2223
2255
2224
2256
2225
2257
2226
2258
2227
2259
2228
2260
2229
2261
2230
2262
2231
2263
2232
2264
2233
2265
2234
2266
2235
2267
2268
2237
2269
2238
2270
2239
2271
2240
2272
2241
2273
2242
2274
2243
2275
2244
2276
2245
2277
2246
2278
2247
2279
2248
2280
2249
2281
2250
2282
2251
2283
2252
2284
2253
2285
2254
2286
2255
2287
2256
2288
2257
2289
2258
2290
2259
2291
2260
2292
2261
2293
2262
2294
2263
2295
2264
2296
2265
2297
2266
2298
2267
2299
2268
2300
2301
2270
2302
2271
2303
2272
2304
2273
2305
2274
2306
2275
2307
2276
2308
2277
2309
2278
2310
2279
2311
2280
2312
2281
2313
2282
2314
2283
2315
2284
2316
2285
2317
2286
2318
2287
2319
2288
2320
2289
2321
2290
2322
2291
2323
2292
2324
2293
2325
2294
2326
2295
2327
2296
2328
2297
2329
2298
2330
2299
2331
2300
2332
2301
2333
2334
2303
2335
2304
2336
2305
2337
2306
2338
2307
2339
2308
2340
2309
2341
2310
2342
2311
2343
2312
2344
2313
2345
2314
2346
2315
2347
2316
2348
2317
2349
2318
2350
2319
2351
2320
2352
2321
2353
2322
2354
2323
2355
2324
2356
2325
2357
2326
2358
2327
2359
2328
2360
2329
2361
2330
2362
2331
2363
2332
2364
2333
2365
2334
2366
2367
2336
2368
2337
2369
2338
2370
2339
2371
2340
2372
2341
2373
2342
2374
2343
2375
2344
2376
2345
2377
2346
2378
2347
2379
2348
2380
2349
2381
2350
2382
2351
2383
2352
2384
2353
2385
2354
2386
2355
2387
2356
2388
2357
2389
2358
2390
2359
2391
2360
2392
2361
2393
2362
2394
2363
2395
2364
2396
2365
2397
2366
2398
2367
2399
2400
2369
2401
2370
2402
2371
2403
2372
2404
2373
2405
2374
2406
2375
2407
2376
2408
2377
2409
2378
2410
2379
2411
2380
2412
2381
2413
2382
2414
2383
2415
2384
2416
2385
2417
2386
2418
2387
2419
2388
2420
2389
2421
2390
2422
2391
2423
2392
2424
2393
2425
2394
2426
2395
2427
2396
2428
2397
2429
2398
2430
2399
2431
2400
2432
2433
2402
2434
2403
2435
2404
2436
2405
2437
2406
2438
2407
2439
2408
2440
2409
2441
2410
2442
2411
2443
2412
2444
2413
2445
2414
2446
2415
2447
2416
2448
2417
2449
2418
2450
2419
2451
2420
2452
2421
2453
2422
2454
2423
2455
2424
2456
2425
2457
2426
2458
2427
2459
2428
2460
2429
2461
2430
2462
2431
2463
2432
2464
2433
2465
2466
2435
2467
2436
2468
2437
2469
2438
2470
2439
2471
2440
2472
2441
2473
2442
2474
2443
2475
2444
2476
2445
2477
2446
2478
2447
2479
2448
2480
2449
2481
2450
2482
2451
2483
2452
2484
2453
2485
2454
2486
2455
2487
2456
2488
2457
2489
2458
2490
2459
2491
2460
2492
2461
2493
2462
2494
2463
2495
2464
2496
2465
2497
2466
2498
2499
2468
2469
2470
2471
2472
2473
2474
2475
2476
2477
2478
2479
2480
2481
2482
2483
2484
2485
2486
2487
2488
2489
2490
2491
2492
2493
2494
2495
2496
2497
2498
2499
)


// ************************************************************************* //
