/*--------------------------------*- C++ -*----------------------------------*\
| =========                 |                                                 |
| \\      /  F ield         | OpenFOAM: The Open Source CFD Toolbox           |
|  \\    /   O peration     | Version:  2406                                  |
|   \\  /    A nd           | Website:  www.openfoam.com                      |
|    \\/     M anipulation  |                                                 |
\*---------------------------------------------------------------------------*/
FoamFile
{
    version     2.0;
    format      ascii;
    arch        "LSB;label=32;scalar=64";
    note        "nPoints:242  nCells:100  nFaces:420  nInternalFaces:180";
    class       labelList;
    location    "constant/polyMesh";
    object      owner;
}
// * * * * * * * * * * * * * * * * * * * * * * * * * * * * * * * * * * * * * //


420
(
0
0
1
1
2
2
3
3
4
4
5
5
6
6
7
7
8
8
9
9
10
10
11
11
12
12
13
13
14
14
15
15
16
16
17
17
18
18
19
19
20
20
21
21
22
22
23
23
24
24
25
25
26
26
27
27
28
28
29
29
30
30
31
31
32
32
33
33
34
34
35
35
36
36
37
37
38
38
39
39
40
40
41
41
42
42
43
43
44
44
45
45
46
46
47
47
48
48
49
49
50
50
51
51
52
52
53
53
54
55
56
57
58
59
60
60
61
61
62
62
63
64
64
65
65
66
66
67
68
68
69
69
70
70
71
72
72
73
73
74
74
75
76
76
77
77
78
78
79
80
80
81
81
82
82
83
84
84
85
85
86
86
87
88
88
89
89
90
90
91
92
92
93
93
94
94
95
96
97
98
0
6
12
18
24
30
36
42
48
54
0
1
2
3
4
5
60
61
62
63
54
55
56
57
58
59
96
97
98
99
0
6
12
18
24
30
36
42
48
54
1
7
13
19
25
31
37
43
49
55
2
8
14
20
26
32
38
44
50
56
3
9
15
21
27
33
39
45
51
57
4
10
16
22
28
34
40
46
52
58
5
11
17
23
29
35
41
47
53
59
60
64
68
72
76
80
84
88
92
96
61
65
69
73
77
81
85
89
93
97
62
66
70
74
78
82
86
90
94
98
63
67
71
75
79
83
87
91
95
99
0
6
12
18
24
30
36
42
48
54
1
7
13
19
25
31
37
43
49
55
2
8
14
20
26
32
38
44
50
56
3
9
15
21
27
33
39
45
51
57
4
10
16
22
28
34
40
46
52
58
5
11
17
23
29
35
41
47
53
59
60
64
68
72
76
80
84
88
92
96
61
65
69
73
77
81
85
89
93
97
62
66
70
74
78
82
86
90
94
98
63
67
71
75
79
83
87
91
95
99
63
67
71
75
79
83
87
91
95
99
)


// ************************************************************************* //
