/*--------------------------------*- C++ -*----------------------------------*\
| =========                 |                                                 |
| \\      /  F ield         | OpenFOAM: The Open Source CFD Toolbox           |
|  \\    /   O peration     | Version:  2406                                  |
|   \\  /    A nd           | Website:  www.openfoam.com                      |
|    \\/     M anipulation  |                                                 |
\*---------------------------------------------------------------------------*/
FoamFile
{
    version     2.0;
    format      ascii;
    arch        "LSB;label=32;scalar=64";
    class       vectorField;
    location    "constant/polyMesh";
    object      points;
}
// * * * * * * * * * * * * * * * * * * * * * * * * * * * * * * * * * * * * * //


242
(
(0 0 0)
(0.25 0 0)
(0.5 0 0)
(0.75 0 0)
(1 0 0)
(1.25 0 0)
(1.5 0 0)
(0 0.22 0)
(0.25 0.22 0)
(0.5 0.22 0)
(0.75 0.22 0)
(1 0.22 0)
(1.25 0.22 0)
(1.5 0.22 0)
(0 0.44 0)
(0.25 0.44 0)
(0.5 0.44 0)
(0.75 0.44 0)
(1 0.44 0)
(1.25 0.44 0)
(1.5 0.44 0)
(0 0.66 0)
(0.25 0.66 0)
(0.5 0.66 0)
(0.75 0.66 0)
(1 0.66 0)
(1.25 0.66 0)
(1.5 0.66 0)
(0 0.88 0)
(0.25 0.88 0)
(0.5 0.88 0)
(0.75 0.88 0)
(1 0.88 0)
(1.25 0.88 0)
(1.5 0.88 0)
(0 1.1 0)
(0.25 1.1 0)
(0.5 1.1 0)
(0.75 1.1 0)
(1 1.1 0)
(1.25 1.1 0)
(1.5 1.1 0)
(0 1.32 0)
(0.25 1.32 0)
(0.5 1.32 0)
(0.75 1.32 0)
(1 1.32 0)
(1.25 1.32 0)
(1.5 1.32 0)
(0 1.54 0)
(0.25 1.54 0)
(0.5 1.54 0)
(0.75 1.54 0)
(1 1.54 0)
(1.25 1.54 0)
(1.5 1.54 0)
(0 1.76 0)
(0.25 1.76 0)
(0.5 1.76 0)
(0.75 1.76 0)
(1 1.76 0)
(1.25 1.76 0)
(1.5 1.76 0)
(0 1.98 0)
(0.25 1.98 0)
(0.5 1.98 0)
(0.75 1.98 0)
(1 1.98 0)
(1.25 1.98 0)
(1.5 1.98 0)
(0 2.2 0)
(0.25 2.2 0)
(0.5 2.2 0)
(0.75 2.2 0)
(1 2.2 0)
(1.25 2.2 0)
(1.5 2.2 0)
(0 0 1)
(0.25 0 1)
(0.5 0 1)
(0.75 0 1)
(1 0 1)
(1.25 0 1)
(1.5 0 1)
(0 0.22 1)
(0.25 0.22 1)
(0.5 0.22 1)
(0.75 0.22 1)
(1 0.22 1)
(1.25 0.22 1)
(1.5 0.22 1)
(0 0.44 1)
(0.25 0.44 1)
(0.5 0.44 1)
(0.75 0.44 1)
(1 0.44 1)
(1.25 0.44 1)
(1.5 0.44 1)
(0 0.66 1)
(0.25 0.66 1)
(0.5 0.66 1)
(0.75 0.66 1)
(1 0.66 1)
(1.25 0.66 1)
(1.5 0.66 1)
(0 0.88 1)
(0.25 0.88 1)
(0.5 0.88 1)
(0.75 0.88 1)
(1 0.88 1)
(1.25 0.88 1)
(1.5 0.88 1)
(0 1.1 1)
(0.25 1.1 1)
(0.5 1.1 1)
(0.75 1.1 1)
(1 1.1 1)
(1.25 1.1 1)
(1.5 1.1 1)
(0 1.32 1)
(0.25 1.32 1)
(0.5 1.32 1)
(0.75 1.32 1)
(1 1.32 1)
(1.25 1.32 1)
(1.5 1.32 1)
(0 1.54 1)
(0.25 1.54 1)
(0.5 1.54 1)
(0.75 1.54 1)
(1 1.54 1)
(1.25 1.54 1)
(1.5 1.54 1)
(0 1.76 1)
(0.25 1.76 1)
(0.5 1.76 1)
(0.75 1.76 1)
(1 1.76 1)
(1.25 1.76 1)
(1.5 1.76 1)
(0 1.98 1)
(0.25 1.98 1)
(0.5 1.98 1)
(0.75 1.98 1)
(1 1.98 1)
(1.25 1.98 1)
(1.5 1.98 1)
(0 2.2 1)
(0.25 2.2 1)
(0.5 2.2 1)
(0.75 2.2 1)
(1 2.2 1)
(1.25 2.2 1)
(1.5 2.2 1)
(1.75 0.025 0)
(2 0.05 0)
(2.25 0.075 0)
(2.5 0.1 0)
(1.75 0.2425 0)
(2 0.265 0)
(2.25 0.2875 0)
(2.5 0.31 0)
(1.75 0.46 0)
(2 0.48 0)
(2.25 0.5 0)
(2.5 0.52 0)
(1.75 0.6775 0)
(2 0.695 0)
(2.25 0.7125 0)
(2.5 0.73 0)
(1.75 0.895 0)
(2 0.91 0)
(2.25 0.925 0)
(2.5 0.94 0)
(1.75 1.1125 0)
(2 1.125 0)
(2.25 1.1375 0)
(2.5 1.15 0)
(1.75 1.33 0)
(2 1.34 0)
(2.25 1.35 0)
(2.5 1.36 0)
(1.75 1.5475 0)
(2 1.555 0)
(2.25 1.5625 0)
(2.5 1.57 0)
(1.75 1.765 0)
(2 1.77 0)
(2.25 1.775 0)
(2.5 1.78 0)
(1.75 1.9825 0)
(2 1.985 0)
(2.25 1.9875 0)
(2.5 1.99 0)
(1.75 2.2 0)
(2 2.2 0)
(2.25 2.2 0)
(2.5 2.2 0)
(1.75 0.025 1)
(2 0.05 1)
(2.25 0.075 1)
(2.5 0.1 1)
(1.75 0.2425 1)
(2 0.265 1)
(2.25 0.2875 1)
(2.5 0.31 1)
(1.75 0.46 1)
(2 0.48 1)
(2.25 0.5 1)
(2.5 0.52 1)
(1.75 0.6775 1)
(2 0.695 1)
(2.25 0.7125 1)
(2.5 0.73 1)
(1.75 0.895 1)
(2 0.91 1)
(2.25 0.925 1)
(2.5 0.94 1)
(1.75 1.1125 1)
(2 1.125 1)
(2.25 1.1375 1)
(2.5 1.15 1)
(1.75 1.33 1)
(2 1.34 1)
(2.25 1.35 1)
(2.5 1.36 1)
(1.75 1.5475 1)
(2 1.555 1)
(2.25 1.5625 1)
(2.5 1.57 1)
(1.75 1.765 1)
(2 1.77 1)
(2.25 1.775 1)
(2.5 1.78 1)
(1.75 1.9825 1)
(2 1.985 1)
(2.25 1.9875 1)
(2.5 1.99 1)
(1.75 2.2 1)
(2 2.2 1)
(2.25 2.2 1)
(2.5 2.2 1)
)


// ************************************************************************* //
