/*--------------------------------*- C++ -*----------------------------------*\
| =========                 |                                                 |
| \\      /  F ield         | OpenFOAM: The Open Source CFD Toolbox           |
|  \\    /   O peration     | Version:  2412                                  |
|   \\  /    A nd           | Website:  www.openfoam.com                      |
|    \\/     M anipulation  |                                                 |
\*---------------------------------------------------------------------------*/
FoamFile
{
    version     2.0;
    format      ascii;
    arch        "LSB;label=32;scalar=64";
    class       volScalarField;
    location    "8";
    object      Ma;
}
// * * * * * * * * * * * * * * * * * * * * * * * * * * * * * * * * * * * * * //

dimensions      [0 0 0 0 0 0 0];

internalField   nonuniform List<scalar> 
5250
(
2.99998
2.99995
2.99983
2.99966
2.99897
2.99799
2.9942
2.98799
2.96738
2.92207
2.81038
2.50472
1.93454
0.9181
0.401452
0.335922
0.346232
0.337774
0.303325
0.250415
0.201821
0.161347
0.12051
0.0752852
0.0415419
2.99998
2.99995
2.99983
2.99967
2.99899
2.99802
2.99431
2.98816
2.96792
2.92296
2.81266
2.5094
1.94544
0.928003
0.408782
0.336456
0.346887
0.33887
0.304882
0.252939
0.205627
0.166599
0.128112
0.0883929
0.0647025
2.99999
2.99996
2.99984
2.99968
2.99902
2.99808
2.99449
2.9885
2.96888
2.92507
2.81748
2.52007
1.96949
0.951306
0.426506
0.339129
0.350168
0.343663
0.311109
0.261677
0.217428
0.181964
0.148703
0.117783
0.102545
2.99999
2.99996
2.99985
2.99969
2.99907
2.99817
2.99475
2.989
2.97034
2.9283
2.82501
2.53672
2.00711
0.990174
0.454996
0.343524
0.356304
0.352726
0.322335
0.276556
0.236199
0.205261
0.177835
0.154216
0.143725
2.99999
2.99996
2.99986
2.99971
2.99912
2.99828
2.99507
2.98963
2.97209
2.93242
2.83521
2.56205
2.06065
1.05108
0.496522
0.351031
0.366264
0.366593
0.338643
0.296817
0.260794
0.234321
0.212317
0.194487
0.187132
2.99999
2.99996
2.99987
2.99973
2.99918
2.9984
2.99541
2.99037
2.97402
2.93733
2.8466
2.59289
2.1202
1.13623
0.549331
0.360766
0.379781
0.385163
0.359905
0.322354
0.29062
0.268956
0.251999
0.239466
0.235416
2.99999
2.99997
2.99988
2.99976
2.99925
2.99853
2.99578
2.99123
2.97621
2.94327
2.86016
2.63069
2.19463
1.25054
0.615018
0.375488
0.398942
0.409545
0.386497
0.353427
0.325668
0.308754
0.297678
0.291084
0.292306
2.99999
2.99997
2.99989
2.99978
2.99932
2.99868
2.99613
2.99216
2.97842
2.95036
2.87549
2.67499
2.28267
1.39787
0.694782
0.402394
0.428201
0.441763
0.420137
0.391405
0.367382
0.354764
0.349844
0.351803
0.363145
2.99999
2.99998
2.9999
2.9998
2.9994
2.99883
2.99653
2.99313
2.98084
2.95769
2.89168
2.72201
2.3797
1.57261
0.79039
0.449331
0.472606
0.483502
0.463673
0.43723
0.416432
0.408336
0.4107
0.425774
0.460124
3
2.99998
2.99992
2.99983
2.99949
2.99899
2.99705
2.99409
2.98361
2.96395
2.90667
2.76374
2.46226
1.76889
0.876132
0.491259
0.513641
0.524915
0.512502
0.489152
0.472131
0.468479
0.482845
0.523933
0.621655
3
2.99998
2.99995
2.99983
2.99965
2.99898
2.99792
2.99429
2.98723
2.96703
2.91762
2.80461
2.48833
1.89031
0.946446
0.54251
0.537348
0.550915
0.551621
0.537941
0.528969
0.533887
0.565269
0.642207
0.804529
3
2.99999
2.99994
2.99987
2.99961
2.99923
2.99773
2.99546
2.98727
2.97267
2.92778
2.82217
2.58635
1.98568
1.12307
0.623123
0.556062
0.571769
0.581965
0.580552
0.581894
0.598484
0.644185
0.735984
0.895766
3
2.99999
2.99995
2.99989
2.99966
2.99934
2.99802
2.99614
2.98893
2.97696
2.93803
2.84988
2.64632
2.11256
1.29178
0.711117
0.570545
0.588137
0.607944
0.618479
0.630312
0.656515
0.708605
0.795329
0.925027
3
2.99999
2.99996
2.99991
2.99971
2.99943
2.9983
2.99671
2.99039
2.98066
2.9469
2.87722
2.70258
2.2596
1.49092
0.815501
0.595904
0.611914
0.634723
0.654629
0.674023
0.706389
0.758514
0.834656
0.940522
3
2.99999
2.99997
2.99993
2.99976
2.99953
2.9986
2.99728
2.99203
2.98419
2.95573
2.90395
2.75602
2.42022
1.72854
0.936231
0.644419
0.652177
0.671119
0.692205
0.714015
0.74686
0.798726
0.865115
0.954136
3
3
2.99997
2.99994
2.99981
2.99962
2.99887
2.99781
2.99357
2.98731
2.96424
2.92287
2.8048
2.52369
1.94087
1.04737
0.700024
0.688747
0.707732
0.72945
0.751189
0.782359
0.830162
0.892703
0.967472
3
3
2.99998
2.99996
2.99985
2.99971
2.99913
2.99831
2.99515
2.99008
2.97318
2.93744
2.84589
2.60042
2.13716
1.22136
0.794261
0.716512
0.733646
0.755252
0.782688
0.813365
0.856022
0.913715
0.981457
3
3
2.99999
2.99997
2.99988
2.99977
2.99931
2.99866
2.99606
2.99218
2.97834
2.95191
2.87802
2.68738
2.30998
1.47074
0.924582
0.752993
0.758137
0.778014
0.807879
0.841606
0.880799
0.931408
0.992685
3.00001
3
2.99999
2.99998
2.99991
2.99983
2.99948
2.99898
2.99704
2.99413
2.98369
2.96468
2.90898
2.77201
2.48759
1.80767
1.09885
0.821531
0.800579
0.811656
0.835794
0.867773
0.905071
0.950269
1.00422
3.00001
3
3
2.99998
2.99995
2.99984
2.99968
2.99905
2.99812
2.9946
2.98907
2.97016
2.9325
2.83322
2.5853
2.0708
1.24373
0.889816
0.837578
0.847351
0.867235
0.895708
0.929231
0.968423
1.01551
3.00001
3
3
2.99999
2.99996
2.99988
2.99976
2.99929
2.99861
2.99599
2.99191
2.97792
2.95019
2.87502
2.68166
2.29346
1.50003
1.01291
0.876916
0.877386
0.894177
0.921638
0.953737
0.989575
1.02917
3.00001
3.00001
3
2.99999
2.99997
2.99993
2.99979
2.99957
2.99875
2.9975
2.9929
2.98537
2.96047
2.91115
2.77745
2.47749
1.81554
1.17528
0.939362
0.91314
0.922501
0.945062
0.975346
1.00859
1.0455
3.00001
3.00001
3
3
2.99998
2.99994
2.99988
2.99964
2.99927
2.99792
2.99581
2.98856
2.97498
2.9357
2.84093
2.63731
2.10975
1.35872
1.01429
0.953196
0.956639
0.97276
0.997359
1.02622
1.05974
3.00001
3.00001
3
3
2.99999
2.99997
2.9999
2.99979
2.9994
2.99878
2.99667
2.9928
2.98128
2.95481
2.89046
2.71676
2.37808
1.63556
1.14213
0.995951
0.988278
0.999762
1.02143
1.04605
1.07445
3.00001
3.00001
3.00001
3
3
2.99997
2.99994
2.99981
2.99963
2.99892
2.99785
2.9939
2.98756
2.96618
2.92597
2.81263
2.56704
1.99579
1.32174
1.06037
1.02279
1.0281
1.04605
1.07047
1.09358
3.00001
3.00001
3.00001
3
3
2.99998
2.99996
2.99987
2.99974
2.99924
2.99851
2.9957
2.9915
2.97629
2.94956
2.87193
2.69135
2.2944
1.57217
1.16398
1.05958
1.05521
1.06537
1.08771
1.11379
3.00001
3.00001
3.00001
3.00001
3
2.99999
2.99997
2.99993
2.99979
2.99958
2.99879
2.99759
2.99321
2.98609
2.96263
2.9173
2.79306
2.52147
1.90844
1.33095
1.11849
1.08674
1.08972
1.10501
1.12706
3.00001
3.00001
3.00001
3.00001
3
3
2.99999
2.99995
2.99989
2.99967
2.99934
2.99814
2.99625
2.98986
2.97793
2.94389
2.86192
2.6879
2.22166
1.53934
1.19695
1.1242
1.11738
1.12379
1.13767
3.00001
3.00001
3.00001
3.00001
3
3
2.99999
2.99997
2.99991
2.99982
2.99947
2.99895
2.99702
2.99401
2.98376
2.96457
2.91036
2.77871
2.50642
1.87382
1.35489
1.17019
1.14568
1.14317
1.15046
3.00001
3.00001
3.00001
3.00001
3.00001
3
3
2.99999
2.99994
2.99988
2.99965
2.99931
2.998
2.9961
2.98901
2.97752
2.94045
2.86014
2.67762
2.21867
1.56346
1.24594
1.17334
1.16243
1.15943
3.00001
3.00001
3.00001
3.00001
3.00001
3
3
2.99999
2.99997
2.99991
2.99982
2.99946
2.99894
2.997
2.994
2.98371
2.96477
2.91062
2.78158
2.51193
1.89577
1.40026
1.21493
1.17715
1.15894
3.00001
3.00001
3.00001
3.00001
3.00001
3.00001
3
3
2.99999
2.99994
2.99988
2.99965
2.99932
2.99802
2.99614
2.98909
2.97792
2.94128
2.86417
2.68553
2.24105
1.60363
1.28712
1.1903
1.14249
3.00001
3.00001
3.00001
3.00001
3.00001
3.00001
3
3
2.99999
2.99997
2.99991
2.99982
2.99949
2.99898
2.99713
2.99423
2.9845
2.96626
2.91513
2.79287
2.53786
1.95453
1.42735
1.20022
1.1017
3.00001
3.00001
3.00001
3.00001
3.00001
3.00001
3.00001
3
3
2.99998
2.99995
2.99986
2.99971
2.99917
2.99837
2.99539
2.99075
2.97471
2.94589
2.86371
2.67959
2.2602
1.59784
1.21137
1.02208
3.00001
3.00001
3.00001
3.00001
3.00001
3.00001
3.00001
3
3
2.99999
2.99997
2.9999
2.99981
2.99943
2.9989
2.99681
2.99375
2.98264
2.96325
2.90704
2.77581
2.49741
1.88816
1.233
0.907522
3.00001
3.00001
3.00001
3.00001
3.00001
3.00001
3.00001
3.00001
3
2.99999
2.99998
2.99993
2.99986
2.99958
2.99917
2.99758
2.99524
2.9864
2.97198
2.9244
2.82368
2.57596
2.02041
1.225
0.747059
3.00001
3.00001
3.00001
3.00001
3.00001
3.00001
3.00001
3.00001
3
3
2.99998
2.99996
2.99987
2.99973
2.99921
2.99842
2.9956
2.99039
2.9747
2.93721
2.84709
2.59162
2.10969
1.19516
0.607356
3.00001
3.00001
3.00001
3.00001
3.00001
3.00001
3.00001
3.00001
3
3
2.99999
2.99997
2.99989
2.99977
2.99932
2.99861
2.99616
2.99133
2.97732
2.94244
2.8596
2.61467
2.15327
1.19684
0.526307
3.00001
3.00001
3.00001
3.00001
3.00001
3.00001
3.00001
3.00001
3
3
2.99999
2.99996
2.99992
2.99974
2.99947
2.99853
2.99668
2.99137
2.97833
2.94608
2.85548
2.66486
2.10915
1.27322
0.50261
3.00001
3.00001
3.00001
3.00001
3.00001
3.00001
3.00001
3.00001
3
3
2.99999
2.99997
2.9999
2.9998
2.9994
2.99875
2.99655
2.99208
2.97932
2.94721
2.87092
2.64464
2.21232
1.27586
0.530411
3.00001
3.00001
3.00001
3.00001
3.00001
3.00001
3.00001
3.00001
3
3
2.99999
2.99997
2.99991
2.99981
2.99942
2.99883
2.99672
2.99263
2.98053
2.95064
2.87827
2.66624
2.25387
1.34356
0.564129
3.00001
3.00001
3.00001
3.00001
3.00001
3.00001
3.00001
3.00001
3.00001
3
2.99999
2.99996
2.99992
2.99976
2.99952
2.99859
2.99707
2.99201
2.98144
2.95227
2.87654
2.70871
2.23324
1.43684
0.572705
3.00001
3.00001
3.00001
3.00001
3.00001
3.00001
3.00001
3.00001
3
3
2.99999
2.99998
2.99991
2.99982
2.99948
2.99891
2.99706
2.99315
2.98253
2.95536
2.89223
2.70383
2.33869
1.49256
0.632209
3.00001
3.00001
3.00001
3.00001
3.00001
3.00001
3.00001
3.00001
3.00001
3
2.99999
2.99997
2.99992
2.99976
2.99953
2.99858
2.99719
2.99179
2.98316
2.95357
2.89192
2.73277
2.33239
1.56808
0.63481
3.00001
3.00001
3.00001
3.00001
3.00001
3.00001
3.00001
3.00001
3.00001
3
2.99999
2.99997
2.99993
2.99977
2.99954
2.99862
2.99729
2.99206
2.98382
2.9551
2.89702
2.74233
2.36233
1.60756
0.651739
3.00001
3.00001
3.00001
3.00001
3.00001
3.00001
3.00001
3.00001
3
3
2.99999
2.99998
2.99991
2.99982
2.99947
2.99895
2.99697
2.99374
2.98301
2.9606
2.90054
2.74152
2.41712
1.66827
0.716466
3.00001
3.00001
3.00001
3.00001
3.00001
3.00001
3.00001
3.00001
3
3
2.99999
2.99998
2.99991
2.99982
2.99946
2.99895
2.99687
2.99384
2.98243
2.96241
2.90095
2.75196
2.42934
1.69319
0.739389
3.00001
3.00001
3.00001
3.00001
3.00001
3.00001
3.00001
3.00001
3
3
2.99999
2.99998
2.99992
2.99983
2.99949
2.99899
2.99703
2.994
2.98345
2.96275
2.90419
2.75424
2.43973
1.70636
0.754637
3.00001
3.00001
3.00001
3.00001
3.00001
3.00001
3.00001
3.00001
3.00001
3
2.99999
2.99997
2.99993
2.99979
2.99959
2.99879
2.99755
2.99319
2.98502
2.96054
2.90163
2.76404
2.39573
1.6875
0.7089
3.00001
3.00001
3.00001
3.00001
3.00001
3.00001
3.00001
3.00001
3
3
2.99999
2.99998
2.99992
2.99983
2.99949
2.999
2.99706
2.99406
2.9836
2.96313
2.905
2.7567
2.44426
1.71772
0.768614
0.9616
0.762922
0.284908
0.248827
0.296514
0.397688
0.435143
0.462663
0.498794
0.538475
0.573016
0.602825
0.631442
0.662199
0.688669
0.703921
0.708286
0.707275
0.698112
0.677785
0.647949
0.611386
0.571529
0.530529
0.489808
0.450349
0.412325
0.375945
0.340824
0.306668
0.273378
0.240834
0.207895
0.175666
0.144326
0.113876
0.084405
0.0560483
0.0295737
0.0156832
0.0365114
0.0611827
0.0870814
0.111738
0.135786
0.158267
0.179937
0.202191
0.224907
0.246772
0.267885
0.288381
0.308406
0.327993
0.347209
0.366084
0.384542
0.402785
0.42058
0.438255
0.455451
0.472585
0.489303
0.505932
0.5222
0.53843
0.554268
0.570143
0.585608
0.601151
0.616262
0.631527
0.646267
0.661283
0.675658
0.690399
0.704452
0.718854
0.732622
0.74665
0.760124
0.773797
0.786941
0.800291
0.81308
0.826116
0.838549
0.851255
0.863331
0.875676
0.887371
0.899268
0.910496
0.921795
0.932297
0.942635
0.951772
0.960127
0.966141
0.970629
0.969872
0.849988
0.597387
0.414179
0.297032
0.160362
0.052244
0.140032
0.222317
0.28622
0.329388
0.361145
0.392261
0.424699
0.455826
0.47517
0.479089
0.474702
0.462498
0.439227
0.406534
0.368189
0.327992
0.288013
0.248723
0.21138
0.176244
0.142852
0.111239
0.0817355
0.0556537
0.039223
0.0417978
0.0611794
0.084999
0.110004
0.135217
0.160108
0.184314
0.207551
0.229786
0.25184
0.273772
0.295432
0.316543
0.336781
0.356059
0.37571
0.395677
0.415296
0.434019
0.452436
0.470252
0.487995
0.505124
0.522244
0.538792
0.555321
0.571366
0.58737
0.602901
0.618462
0.63352
0.648674
0.663344
0.678123
0.692459
0.706924
0.720932
0.735128
0.74881
0.762756
0.776154
0.789816
0.80298
0.816291
0.829252
0.842183
0.854941
0.8675
0.880012
0.892208
0.904436
0.91629
0.928246
0.93978
0.951493
0.962697
0.97416
0.98502
0.996196
1.00665
1.0175
1.02748
1.03776
1.04684
1.05581
1.06298
1.06892
1.07225
0.990127
0.964021
0.858043
0.752724
0.646028
0.53153
0.414005
0.30946
0.220327
0.140786
0.0758942
0.0719432
0.116142
0.160676
0.200119
0.22582
0.226329
0.20782
0.193074
0.170415
0.140374
0.110989
0.0848894
0.0697342
0.0691319
0.0830171
0.103547
0.127392
0.152253
0.177434
0.202178
0.226595
0.249792
0.272928
0.295636
0.318085
0.339998
0.361476
0.382174
0.4023
0.421622
0.440673
0.45936
0.477901
0.495969
0.513335
0.529829
0.546314
0.563329
0.580212
0.596532
0.612248
0.627825
0.642949
0.658059
0.672716
0.687363
0.70161
0.71585
0.729711
0.743604
0.757108
0.770702
0.783905
0.797223
0.810169
0.823224
0.835958
0.848776
0.861309
0.873927
0.886239
0.898705
0.910763
0.923086
0.934869
0.947034
0.958562
0.970526
0.981813
0.99351
1.00457
1.01599
1.02684
1.03797
1.0486
1.05945
1.06985
1.08049
1.09072
1.10117
1.11118
1.1213
1.13088
1.1404
1.14923
1.15755
1.16475
1.17034
1.17389
1.0128
1.03627
1.00517
0.952648
0.882709
0.800846
0.711841
0.621166
0.5392
0.459124
0.384589
0.313753
0.25321
0.198439
0.150007
0.109936
0.0821723
0.0862358
0.113423
0.140636
0.1793
0.214575
0.244871
0.271722
0.295782
0.318711
0.341074
0.363122
0.385013
0.406315
0.427258
0.447432
0.466949
0.485839
0.504407
0.522465
0.540121
0.557307
0.573862
0.590058
0.605505
0.62087
0.635701
0.650674
0.665103
0.679287
0.692435
0.705707
0.719232
0.733282
0.746747
0.759956
0.772748
0.785513
0.798019
0.810503
0.822773
0.834967
0.847001
0.85894
0.870747
0.882478
0.894056
0.905623
0.916966
0.928407
0.939536
0.950869
0.961826
0.973048
0.983887
0.994986
1.00573
1.01669
1.02732
1.03812
1.04861
1.05924
1.06953
1.07999
1.09008
1.10039
1.1103
1.12048
1.13029
1.1404
1.15015
1.16015
1.16975
1.17955
1.18895
1.19848
1.20759
1.21671
1.22532
1.23373
1.24135
1.24825
1.25349
1.25681
1.03027
1.07228
1.08334
1.06491
1.03077
0.980987
0.922128
0.858404
0.793527
0.727302
0.658524
0.592542
0.533459
0.47985
0.434793
0.399817
0.380935
0.381215
0.398378
0.421837
0.44901
0.477881
0.503454
0.524921
0.543576
0.560407
0.576635
0.592577
0.608358
0.623921
0.638927
0.653568
0.667473
0.681082
0.69407
0.706886
0.719153
0.731195
0.74268
0.753928
0.76472
0.775407
0.785939
0.796489
0.807042
0.817368
0.827109
0.836751
0.846816
0.857605
0.868373
0.878959
0.889266
0.899572
0.90977
0.920053
0.930259
0.940548
0.950746
0.961042
0.971211
0.981528
0.991654
1.002
1.01208
1.02245
1.03247
1.04284
1.05283
1.06316
1.07314
1.08339
1.09337
1.10351
1.11347
1.12348
1.13337
1.14322
1.153
1.16269
1.17242
1.18206
1.19177
1.20132
1.21094
1.22034
1.22987
1.23912
1.24854
1.2576
1.26685
1.27568
1.28465
1.29316
1.30165
1.3096
1.31714
1.32386
1.32919
1.33253
1.04065
1.09388
1.12058
1.12952
1.11855
1.09493
1.06075
1.02089
0.976055
0.927603
0.875671
0.821954
0.768655
0.718547
0.673454
0.638991
0.620127
0.621929
0.638252
0.663361
0.691312
0.719232
0.742793
0.760764
0.772839
0.781491
0.789348
0.797319
0.80544
0.813463
0.821296
0.828679
0.835712
0.842493
0.84911
0.855651
0.862112
0.868626
0.875111
0.881686
0.888264
0.894982
0.901826
0.90893
0.916321
0.923745
0.930831
0.937875
0.945289
0.953518
0.962094
0.970698
0.979126
0.987663
0.996129
1.00483
1.01346
1.02238
1.03116
1.04028
1.04916
1.05845
1.06741
1.07684
1.08588
1.0954
1.10453
1.11409
1.12331
1.13289
1.1422
1.15176
1.16113
1.17066
1.18002
1.18949
1.1988
1.20824
1.21755
1.227
1.23622
1.24557
1.25468
1.26394
1.27294
1.28211
1.29099
1.30003
1.30877
1.31767
1.32622
1.33495
1.34326
1.35172
1.35962
1.3676
1.3747
1.38156
1.38674
1.39031
1.0484
1.1045
1.1436
1.16419
1.17281
1.16647
1.15067
1.12778
1.09963
1.06612
1.02833
0.985974
0.940678
0.896315
0.855972
0.82559
0.809419
0.811649
0.827696
0.855222
0.886872
0.914819
0.936553
0.951074
0.957775
0.957388
0.955692
0.954439
0.954094
0.954822
0.955944
0.95741
0.959044
0.960876
0.962907
0.965151
0.967677
0.970537
0.973751
0.977293
0.98117
0.985371
0.989938
0.994867
1.00027
1.00588
1.01145
1.01691
1.02276
1.02933
1.03661
1.044
1.05151
1.05903
1.0667
1.07445
1.08235
1.0904
1.09851
1.10685
1.11514
1.12371
1.13214
1.1409
1.14945
1.15835
1.16701
1.176
1.18478
1.19381
1.20271
1.21175
1.22073
1.22975
1.23877
1.24779
1.25687
1.26586
1.27489
1.28378
1.29272
1.30151
1.31038
1.31907
1.32785
1.33644
1.34511
1.35359
1.36212
1.37047
1.37883
1.38701
1.39513
1.40308
1.41081
1.41834
1.42537
1.43191
1.43718
1.44054
1.05445
1.1101
1.15406
1.18498
1.20258
1.21111
1.20826
1.19806
1.18151
1.1591
1.12942
1.09395
1.05446
1.01511
0.977943
0.949266
0.935853
0.940371
0.957967
0.987224
1.02073
1.04896
1.06931
1.08354
1.08965
1.08724
1.07954
1.07113
1.06411
1.05934
1.05588
1.05387
1.05236
1.0517
1.05116
1.05126
1.05165
1.05257
1.05395
1.05581
1.0582
1.06095
1.06417
1.06776
1.07188
1.07631
1.08086
1.08526
1.08995
1.09527
1.1014
1.10782
1.11445
1.12118
1.12802
1.13503
1.14214
1.1495
1.15689
1.16456
1.17219
1.18012
1.18798
1.19612
1.20422
1.21254
1.22086
1.22931
1.23784
1.24638
1.25506
1.26367
1.27245
1.28112
1.29002
1.2987
1.30758
1.3162
1.32504
1.33361
1.34239
1.35091
1.3596
1.36805
1.37665
1.38504
1.39351
1.40181
1.41012
1.4183
1.4264
1.43441
1.44224
1.45001
1.45748
1.46482
1.47167
1.47807
1.48337
1.48665
1.06151
1.11457
1.16006
1.19578
1.221
1.23622
1.24377
1.2421
1.23297
1.21571
1.18984
1.15774
1.12279
1.08443
1.0454
1.02006
1.01288
1.02013
1.04105
1.07405
1.11144
1.14092
1.16125
1.1745
1.18331
1.18471
1.17894
1.16896
1.15814
1.14842
1.14083
1.13519
1.13107
1.12811
1.1257
1.12404
1.12264
1.12195
1.12157
1.12189
1.12264
1.12391
1.12556
1.12782
1.13041
1.13368
1.137
1.14041
1.14381
1.14793
1.15271
1.15825
1.1639
1.16993
1.17592
1.1823
1.18859
1.19535
1.20199
1.20911
1.21608
1.22354
1.23082
1.23856
1.24615
1.2541
1.26197
1.27012
1.27823
1.28653
1.29485
1.30331
1.31183
1.32036
1.3289
1.33743
1.34599
1.35452
1.36307
1.37157
1.38007
1.38851
1.39696
1.40532
1.4137
1.42198
1.43027
1.43846
1.44664
1.45475
1.46278
1.47077
1.47859
1.48641
1.49391
1.50139
1.50829
1.51492
1.5203
1.52393
1.06727
1.11804
1.16335
1.20145
1.23105
1.25171
1.26372
1.26776
1.2617
1.24446
1.21915
1.19036
1.15381
1.10985
1.07216
1.05653
1.05557
1.06732
1.09367
1.13132
1.16891
1.20011
1.22227
1.2362
1.24571
1.25066
1.25034
1.24401
1.23441
1.22254
1.21086
1.20082
1.19304
1.18697
1.18242
1.17884
1.17616
1.17414
1.17264
1.17175
1.17125
1.17131
1.17194
1.17305
1.17479
1.17702
1.17979
1.18245
1.18532
1.18849
1.19253
1.19723
1.20237
1.2078
1.21342
1.21932
1.22528
1.23158
1.23787
1.24457
1.25122
1.2583
1.26533
1.27274
1.28012
1.2878
1.29548
1.30338
1.3113
1.3194
1.32756
1.33578
1.34402
1.35228
1.36058
1.36887
1.37722
1.38554
1.39389
1.40219
1.41051
1.41876
1.42703
1.4352
1.4434
1.45149
1.45959
1.46758
1.47556
1.48343
1.49123
1.49896
1.50651
1.51403
1.52126
1.52845
1.53511
1.54149
1.54671
1.55019
1.07429
1.12106
1.16467
1.20328
1.23467
1.2586
1.27311
1.27825
1.27014
1.25166
1.2282
1.19621
1.1517
1.10646
1.08028
1.07409
1.07867
1.09702
1.12935
1.1685
1.20467
1.23508
1.2588
1.2758
1.28662
1.29417
1.29853
1.29833
1.29346
1.28583
1.27413
1.26153
1.25003
1.24077
1.23353
1.22811
1.22407
1.22098
1.21868
1.21691
1.21569
1.21497
1.21474
1.21512
1.21605
1.21764
1.21975
1.2221
1.22447
1.22714
1.23045
1.23456
1.23911
1.24409
1.24925
1.25479
1.26038
1.26636
1.27232
1.27869
1.28504
1.29178
1.29855
1.30563
1.31279
1.32017
1.3277
1.33534
1.3432
1.35107
1.35911
1.36707
1.37523
1.38328
1.39152
1.39964
1.40794
1.41609
1.4244
1.43255
1.44086
1.44898
1.45726
1.46533
1.47355
1.48155
1.48969
1.49762
1.50563
1.51345
1.52129
1.52894
1.53654
1.54394
1.55116
1.55813
1.5647
1.57078
1.57587
1.57911
1.08436
1.12571
1.16606
1.203
1.23396
1.25786
1.27179
1.27318
1.26138
1.243
1.2158
1.17456
1.12498
1.09016
1.07882
1.0791
1.09058
1.11702
1.15379
1.1905
1.22379
1.25284
1.27726
1.29702
1.3122
1.32269
1.32977
1.33405
1.33491
1.33226
1.32587
1.31537
1.3026
1.29034
1.27978
1.2713
1.26482
1.25982
1.25615
1.25324
1.25121
1.24966
1.24883
1.24844
1.24874
1.2496
1.25107
1.25298
1.25489
1.25702
1.25956
1.26299
1.26696
1.2715
1.27622
1.28143
1.2867
1.29243
1.29812
1.30427
1.31035
1.31688
1.32336
1.33025
1.33715
1.34438
1.35168
1.35925
1.36688
1.37459
1.3824
1.39024
1.39818
1.40613
1.41418
1.42219
1.43031
1.43835
1.44648
1.45452
1.46265
1.47067
1.47877
1.48676
1.4948
1.50273
1.51069
1.51854
1.52637
1.53412
1.54178
1.54937
1.55679
1.56412
1.57115
1.57802
1.58436
1.5903
1.59505
1.59831
1.09555
1.13296
1.16893
1.20241
1.23014
1.25083
1.25912
1.25382
1.23936
1.21708
1.18058
1.13207
1.0925
1.0754
1.07358
1.08021
1.10016
1.13229
1.16793
1.2012
1.23164
1.2591
1.28367
1.3052
1.32346
1.33812
1.34921
1.35649
1.36074
1.36256
1.36167
1.35709
1.34871
1.33697
1.3247
1.31344
1.304
1.2966
1.29103
1.28701
1.28409
1.28214
1.28083
1.2802
1.28012
1.28059
1.28171
1.28329
1.28508
1.28695
1.28911
1.292
1.29557
1.29976
1.30421
1.30916
1.31423
1.31975
1.3253
1.33126
1.33724
1.34358
1.34996
1.35667
1.36348
1.37056
1.3778
1.38518
1.39267
1.40023
1.40792
1.41562
1.42346
1.43126
1.43921
1.44707
1.45508
1.46296
1.47099
1.47887
1.4869
1.49476
1.50278
1.51062
1.51859
1.52638
1.53427
1.54195
1.5497
1.55724
1.56477
1.57209
1.57931
1.58628
1.59302
1.59942
1.60533
1.61066
1.61496
1.61784
1.10642
1.13963
1.17193
1.20075
1.22358
1.23609
1.2352
1.22357
1.20469
1.1731
1.12714
1.0856
1.06507
1.06174
1.06611
1.0819
1.10949
1.1424
1.17406
1.2035
1.23117
1.25715
1.28169
1.30425
1.32473
1.34249
1.35741
1.36914
1.37719
1.38256
1.38513
1.38611
1.3839
1.37781
1.36806
1.35651
1.34526
1.33525
1.32721
1.32094
1.31653
1.31339
1.31149
1.31025
1.30979
1.3098
1.31042
1.31161
1.31317
1.31485
1.31661
1.31895
1.32193
1.3257
1.32976
1.33434
1.33912
1.34432
1.34966
1.35534
1.36113
1.36722
1.37345
1.37994
1.38663
1.39357
1.40066
1.40785
1.4152
1.42256
1.43012
1.43762
1.44535
1.45295
1.46082
1.4685
1.47645
1.48417
1.49213
1.49986
1.5078
1.51553
1.52343
1.53112
1.53898
1.54661
1.55438
1.56191
1.56954
1.57691
1.5843
1.59141
1.59841
1.60509
1.61145
1.6174
1.62272
1.62753
1.63117
1.63366
1.11899
1.14674
1.17294
1.19606
1.2107
1.21185
1.20221
1.18589
1.15685
1.11401
1.07275
1.0507
1.04588
1.04955
1.06316
1.08759
1.11738
1.14621
1.17354
1.19989
1.22566
1.2507
1.27496
1.2982
1.31986
1.33991
1.35761
1.37311
1.38585
1.39583
1.40223
1.40624
1.40803
1.40811
1.40454
1.39724
1.38703
1.3763
1.366
1.35731
1.35034
1.3454
1.34192
1.33979
1.33865
1.33816
1.3384
1.33924
1.34053
1.3421
1.34366
1.34559
1.34805
1.35137
1.35509
1.35936
1.36388
1.36886
1.37402
1.37955
1.38521
1.39115
1.39727
1.40361
1.41022
1.41693
1.42385
1.43079
1.43799
1.44514
1.45257
1.45989
1.46748
1.47493
1.48265
1.49019
1.49798
1.50555
1.51337
1.52093
1.52874
1.53627
1.54406
1.55155
1.55929
1.56672
1.57433
1.58167
1.58907
1.59624
1.60331
1.61017
1.61675
1.62304
1.62883
1.63415
1.63882
1.64292
1.64549
1.64741
1.13524
1.15467
1.17342
1.18536
1.18698
1.17782
1.16229
1.13461
1.09417
1.05519
1.03409
1.02895
1.03246
1.04517
1.06753
1.09456
1.12058
1.14561
1.16987
1.1943
1.21859
1.2431
1.26713
1.29083
1.31329
1.33471
1.35435
1.37236
1.38809
1.40168
1.41253
1.4209
1.42596
1.42901
1.43062
1.42979
1.42511
1.41696
1.40713
1.39685
1.38776
1.38017
1.37445
1.37057
1.36798
1.36681
1.3663
1.36671
1.36771
1.3692
1.37066
1.37237
1.37435
1.37717
1.3805
1.38443
1.38863
1.3933
1.3982
1.40347
1.40892
1.41466
1.42059
1.4268
1.43319
1.43969
1.44642
1.45318
1.46021
1.46718
1.47447
1.48162
1.48908
1.49638
1.50396
1.51137
1.519
1.52649
1.5341
1.5416
1.54916
1.55661
1.5641
1.57146
1.57886
1.5861
1.59339
1.60046
1.60756
1.61437
1.62113
1.6275
1.63363
1.63925
1.64431
1.64888
1.65262
1.65549
1.65659
1.65785
1.14693
1.16196
1.16934
1.16763
1.15652
1.13919
1.10982
1.06922
1.03282
1.01392
1.01007
1.0141
1.0275
1.04983
1.07476
1.0988
1.12119
1.14337
1.16562
1.18846
1.21179
1.23545
1.25918
1.2826
1.30546
1.32749
1.34842
1.368
1.3861
1.40244
1.4168
1.429
1.43862
1.44557
1.44991
1.45304
1.45433
1.45271
1.44694
1.43841
1.42875
1.41945
1.41124
1.40481
1.40028
1.3972
1.39584
1.39525
1.39576
1.39693
1.39834
1.39987
1.40147
1.40372
1.40653
1.41
1.41381
1.41812
1.42274
1.42773
1.43301
1.43855
1.44442
1.45044
1.4567
1.46306
1.46961
1.47626
1.48304
1.48991
1.4969
1.50393
1.51111
1.51824
1.52558
1.53278
1.54023
1.54746
1.55495
1.56216
1.56964
1.5768
1.58422
1.59128
1.59859
1.60551
1.61265
1.61937
1.62618
1.63259
1.63884
1.64469
1.65001
1.65482
1.65896
1.66243
1.66469
1.66561
1.66508
1.66608
1.15373
1.16148
1.15619
1.14266
1.12133
1.08767
1.0447
1.00922
0.992357
0.989568
0.994295
1.00934
1.0326
1.05667
1.0789
1.09954
1.11947
1.13958
1.16058
1.1823
1.205
1.22792
1.25133
1.27442
1.29742
1.31968
1.34141
1.36207
1.38192
1.40026
1.41753
1.43274
1.4465
1.45755
1.46616
1.47223
1.47687
1.47949
1.48032
1.47771
1.47133
1.4623
1.45313
1.44428
1.4371
1.43155
1.42792
1.426
1.42514
1.42561
1.42672
1.4281
1.42947
1.43122
1.43349
1.43645
1.43985
1.44375
1.448
1.45268
1.45767
1.46299
1.46864
1.47446
1.48053
1.48664
1.49306
1.49938
1.50608
1.51258
1.51948
1.52615
1.53319
1.54003
1.54718
1.55416
1.56138
1.56845
1.57569
1.58276
1.58998
1.59697
1.60412
1.61098
1.61799
1.62467
1.6314
1.63782
1.64414
1.65005
1.6557
1.66068
1.66522
1.66897
1.67208
1.67387
1.67411
1.67311
1.6712
1.67187
1.15737
1.1502
1.1337
1.10916
1.07048
1.02274
0.987134
0.972095
0.970868
0.977218
0.994548
1.0194
1.04281
1.06396
1.08303
1.10102
1.11929
1.13802
1.15812
1.17884
1.20079
1.22296
1.24586
1.26857
1.29152
1.3139
1.33615
1.35754
1.3785
1.39828
1.41731
1.43475
1.45099
1.46532
1.47791
1.48786
1.49565
1.50142
1.50586
1.50776
1.50781
1.50406
1.49669
1.48804
1.47874
1.47092
1.46427
1.45991
1.45696
1.45586
1.45587
1.45682
1.45812
1.45946
1.46123
1.46355
1.46659
1.47001
1.47395
1.47819
1.48293
1.48795
1.49336
1.49889
1.50472
1.51061
1.51678
1.5229
1.52933
1.53563
1.54226
1.5487
1.5555
1.56209
1.569
1.57573
1.58269
1.58953
1.59646
1.60334
1.61019
1.61703
1.62372
1.63046
1.63691
1.64344
1.64954
1.65568
1.66123
1.66664
1.67126
1.67542
1.67882
1.68142
1.68256
1.68222
1.6806
1.67816
1.67337
1.67224
1.15114
1.13109
1.1006
1.05535
1.00256
0.965133
0.950854
0.950784
0.96008
0.980383
1.00645
1.03054
1.05134
1.06953
1.08653
1.10303
1.1203
1.1382
1.15741
1.17747
1.19858
1.2203
1.24254
1.26505
1.28756
1.31009
1.33223
1.35414
1.37541
1.39613
1.41602
1.43511
1.45318
1.47002
1.48538
1.49892
1.51034
1.51931
1.52673
1.53246
1.53627
1.53753
1.53653
1.53152
1.52389
1.51499
1.50661
1.49898
1.49361
1.48961
1.4879
1.48723
1.48805
1.48927
1.49052
1.49226
1.49465
1.49769
1.50125
1.5051
1.5095
1.51411
1.51922
1.52438
1.52993
1.53552
1.54136
1.54728
1.55332
1.55948
1.56571
1.57205
1.57847
1.58494
1.59153
1.59808
1.60479
1.61137
1.61812
1.62465
1.63132
1.63774
1.64421
1.65042
1.65654
1.66247
1.66801
1.67341
1.6781
1.68245
1.68588
1.68882
1.69079
1.6912
1.69018
1.68835
1.685
1.6793
1.66933
1.66469
1.13516
1.0966
1.04303
0.986945
0.948147
0.933463
0.933545
0.945563
0.96851
0.995812
1.02055
1.0413
1.05917
1.07519
1.09083
1.10659
1.12319
1.14067
1.1592
1.17878
1.19908
1.22029
1.24173
1.26375
1.28566
1.30787
1.32975
1.35174
1.37319
1.39456
1.41523
1.43553
1.45483
1.47347
1.49075
1.50696
1.5213
1.53405
1.54423
1.55293
1.56013
1.56529
1.56766
1.56853
1.56635
1.56041
1.55221
1.54328
1.53517
1.52835
1.52351
1.52068
1.51942
1.51986
1.52086
1.52205
1.52358
1.52599
1.52902
1.53255
1.53649
1.54069
1.54528
1.55004
1.55519
1.56043
1.56599
1.57163
1.57746
1.58341
1.58943
1.59562
1.60178
1.60814
1.6144
1.62085
1.62716
1.63362
1.63994
1.6463
1.65255
1.65869
1.66475
1.67053
1.67624
1.68144
1.68648
1.69078
1.6946
1.69746
1.6999
1.70093
1.70081
1.69912
1.69669
1.69205
1.68451
1.67382
1.65963
1.65289
1.09403
1.02973
0.969104
0.930079
0.916089
0.917535
0.933109
0.959518
0.987528
1.01244
1.03334
1.05082
1.06652
1.08131
1.09631
1.11175
1.12808
1.14528
1.16333
1.18233
1.20189
1.22238
1.24312
1.26454
1.28599
1.30788
1.32958
1.35154
1.3731
1.39479
1.4158
1.43683
1.45686
1.4767
1.49521
1.51319
1.52954
1.54486
1.5582
1.56984
1.57934
1.58784
1.59421
1.59847
1.59981
1.59942
1.59561
1.58869
1.57982
1.57112
1.563
1.55709
1.55278
1.55087
1.55035
1.5512
1.55215
1.55364
1.55579
1.55895
1.56243
1.56637
1.57051
1.57504
1.57978
1.58479
1.59003
1.59539
1.60098
1.60662
1.61248
1.61836
1.62442
1.6305
1.63668
1.64289
1.64911
1.65534
1.66148
1.66764
1.67357
1.67951
1.68507
1.69059
1.69553
1.70028
1.70424
1.70755
1.71001
1.71167
1.71208
1.71123
1.70922
1.70547
1.69975
1.69011
1.67728
1.66328
1.64754
1.64062
1.01892
0.950626
0.9122
0.900155
0.903624
0.92389
0.954365
0.982844
1.00752
1.02785
1.04484
1.05976
1.07398
1.08814
1.10277
1.11811
1.13417
1.15114
1.16874
1.18726
1.20638
1.22624
1.24664
1.26754
1.28876
1.31023
1.33185
1.35347
1.37518
1.39661
1.41807
1.43896
1.45973
1.47967
1.49932
1.51786
1.53595
1.5526
1.56848
1.58241
1.59496
1.60526
1.6144
1.62192
1.62708
1.62929
1.62959
1.62775
1.62221
1.61406
1.60487
1.59615
1.58858
1.5832
1.57986
1.5785
1.57878
1.57958
1.5808
1.58283
1.58576
1.58932
1.59325
1.59752
1.60205
1.60681
1.61185
1.61706
1.62251
1.62807
1.63383
1.63962
1.64561
1.65154
1.65767
1.66363
1.66978
1.67569
1.6817
1.68748
1.69316
1.69866
1.70379
1.70874
1.71297
1.71686
1.71958
1.72179
1.72287
1.72288
1.72147
1.71903
1.71462
1.707
1.69557
1.68162
1.66617
1.65132
1.63672
1.63104
0.91609
0.873468
0.866929
0.877184
0.906481
0.944326
0.976355
1.00239
1.02333
1.04053
1.05551
1.06958
1.08349
1.09769
1.11249
1.12777
1.14385
1.16048
1.17786
1.19581
1.21437
1.23341
1.253
1.27299
1.29343
1.31415
1.33519
1.35644
1.37773
1.39919
1.42034
1.44148
1.46217
1.4826
1.50247
1.52183
1.54044
1.55819
1.57501
1.59051
1.60484
1.61725
1.62812
1.63729
1.64553
1.65165
1.65475
1.65517
1.65432
1.65077
1.64397
1.63482
1.62541
1.61667
1.60998
1.60516
1.60293
1.60223
1.60301
1.60409
1.6058
1.6087
1.61229
1.61653
1.62088
1.62567
1.63058
1.63585
1.64125
1.64685
1.65258
1.65837
1.66433
1.67018
1.67624
1.68205
1.68807
1.69373
1.69955
1.70495
1.71037
1.71527
1.71998
1.72398
1.72742
1.7298
1.73144
1.73198
1.73152
1.72978
1.72646
1.72067
1.71124
1.69857
1.68392
1.66842
1.65317
1.64034
1.62919
1.62566
0.804835
0.806935
0.830226
0.871677
0.91921
0.957426
0.987165
1.01008
1.02829
1.04406
1.05874
1.07322
1.08795
1.10289
1.11842
1.13428
1.15066
1.16749
1.18478
1.20267
1.22102
1.23992
1.25919
1.27889
1.29892
1.31926
1.33986
1.36065
1.38149
1.40241
1.42317
1.44386
1.46417
1.48431
1.50394
1.52323
1.54183
1.55988
1.57705
1.5934
1.60865
1.62272
1.63536
1.64626
1.65564
1.6639
1.67053
1.67443
1.67523
1.67464
1.67239
1.66719
1.65894
1.6493
1.63973
1.63171
1.62576
1.62238
1.62095
1.6214
1.62243
1.62413
1.62676
1.63059
1.6348
1.63955
1.6444
1.64967
1.65497
1.66065
1.66631
1.67228
1.67815
1.68422
1.69017
1.69619
1.70205
1.70783
1.71341
1.7187
1.72372
1.72818
1.7322
1.7352
1.73739
1.73844
1.7386
1.73757
1.73548
1.73102
1.72329
1.71219
1.69847
1.68341
1.66781
1.65353
1.64116
1.63217
1.62521
1.62383
0.65436
0.712307
0.782798
0.854784
0.909467
0.948948
0.977922
0.999881
1.01834
1.03552
1.05232
1.06901
1.0859
1.1027
1.11958
1.13647
1.15351
1.17083
1.18841
1.20647
1.22487
1.24372
1.26281
1.2822
1.30187
1.32173
1.34183
1.36197
1.38223
1.4024
1.42252
1.4425
1.4623
1.48191
1.50112
1.52008
1.53839
1.55631
1.57344
1.58989
1.60559
1.62011
1.63395
1.64598
1.65726
1.66637
1.67542
1.68198
1.68732
1.68852
1.68792
1.6859
1.68174
1.67481
1.6654
1.65564
1.64678
1.63983
1.63526
1.63318
1.63309
1.63431
1.63606
1.63862
1.64239
1.64701
1.65203
1.65731
1.66275
1.66843
1.67424
1.68025
1.68627
1.69241
1.69845
1.70451
1.71036
1.7161
1.72151
1.72659
1.73114
1.73505
1.73795
1.73992
1.74066
1.7406
1.73956
1.73674
1.73072
1.72145
1.70894
1.69466
1.67906
1.66415
1.65052
1.63981
1.63156
1.62688
1.62322
1.62362
0.489837
0.595703
0.712613
0.804576
0.865471
0.9077
0.939069
0.964369
0.987099
1.00874
1.0296
1.04981
1.06967
1.08912
1.10829
1.12726
1.14596
1.16464
1.18322
1.20205
1.22097
1.24018
1.25949
1.27885
1.29836
1.31784
1.33747
1.35696
1.37656
1.39598
1.41549
1.43478
1.45406
1.47301
1.49176
1.5101
1.52796
1.54542
1.56213
1.57849
1.59386
1.60889
1.62271
1.63599
1.64786
1.65872
1.66817
1.67679
1.68413
1.68945
1.69224
1.69248
1.69091
1.688
1.68285
1.67477
1.66509
1.65577
1.64809
1.64271
1.63995
1.63938
1.64061
1.64243
1.64513
1.64887
1.65372
1.65901
1.66462
1.67041
1.67632
1.68236
1.68845
1.6946
1.70066
1.7067
1.71248
1.71807
1.72321
1.72787
1.73181
1.73475
1.7366
1.73741
1.73742
1.73594
1.73182
1.72437
1.71356
1.70042
1.68552
1.67032
1.65587
1.64372
1.63405
1.62762
1.62344
1.6219
1.62048
1.62198
0.350135
0.492611
0.631764
0.723785
0.78701
0.834218
0.871669
0.904708
0.934959
0.963046
0.989482
1.01442
1.03802
1.06055
1.0823
1.10333
1.12382
1.14388
1.16371
1.18335
1.20296
1.22259
1.24226
1.26183
1.28121
1.30061
1.31991
1.33922
1.35849
1.37775
1.3969
1.41602
1.43487
1.45359
1.4719
1.48988
1.50746
1.5245
1.54124
1.55722
1.57304
1.58787
1.60258
1.6161
1.62937
1.64124
1.65246
1.66223
1.67131
1.67929
1.68521
1.68909
1.68999
1.68911
1.687
1.68308
1.67689
1.66777
1.65867
1.6504
1.64446
1.64099
1.64002
1.64106
1.64342
1.64625
1.64999
1.65485
1.66059
1.66659
1.67276
1.67892
1.68512
1.69126
1.69733
1.70323
1.70884
1.71406
1.71866
1.72252
1.72522
1.72684
1.72754
1.72735
1.72494
1.71946
1.71051
1.69895
1.68493
1.67013
1.65524
1.64208
1.63108
1.62313
1.6178
1.6151
1.61391
1.61397
1.61395
1.61627
0.264818
0.414872
0.547741
0.63203
0.692472
0.741769
0.785774
0.826136
0.863299
0.897429
0.929074
0.958343
0.986104
1.0122
1.03711
1.06092
1.08406
1.10667
1.1286
1.15019
1.17108
1.192
1.21228
1.2328
1.25262
1.27247
1.292
1.3115
1.33091
1.35024
1.36945
1.38858
1.40739
1.42603
1.44428
1.46212
1.47968
1.49659
1.51336
1.52933
1.54521
1.56018
1.57515
1.589
1.60299
1.61545
1.6281
1.63876
1.64943
1.65843
1.66706
1.67352
1.67824
1.68048
1.6805
1.67889
1.67606
1.6717
1.66413
1.65569
1.64723
1.64111
1.63715
1.63616
1.63699
1.63962
1.64289
1.6469
1.65181
1.65771
1.66376
1.66997
1.67605
1.68195
1.68774
1.69303
1.69809
1.70224
1.7058
1.708
1.70962
1.71016
1.70919
1.70544
1.69862
1.68866
1.67601
1.6618
1.64696
1.6331
1.62104
1.61175
1.60524
1.60131
1.59961
1.59936
1.60012
1.60107
1.60166
1.60428
0.254773
0.386053
0.498256
0.565066
0.61466
0.660541
0.705045
0.747556
0.78755
0.824771
0.859508
0.891936
0.922297
0.95111
0.978191
1.00429
1.02896
1.05313
1.07635
1.09943
1.12164
1.14373
1.16501
1.18627
1.20695
1.22727
1.24759
1.26748
1.28775
1.30753
1.32755
1.34711
1.36647
1.3855
1.40399
1.42221
1.43979
1.45714
1.47383
1.49039
1.50624
1.52214
1.53725
1.55239
1.56677
1.58083
1.59422
1.60676
1.61859
1.62939
1.63936
1.64864
1.65603
1.66209
1.66533
1.66684
1.66596
1.6647
1.66206
1.65668
1.64923
1.64111
1.63497
1.63073
1.62947
1.62994
1.63255
1.63636
1.64028
1.64517
1.65069
1.65692
1.66294
1.6688
1.67428
1.67905
1.68324
1.68614
1.68849
1.68964
1.68959
1.68739
1.68202
1.67347
1.66218
1.64857
1.63389
1.61939
1.60635
1.59572
1.58781
1.58255
1.57983
1.57863
1.57928
1.58043
1.58152
1.58293
1.58397
1.58663
0.264508
0.388432
0.487432
0.536337
0.57029
0.605536
0.643638
0.682221
0.719892
0.755987
0.790309
0.823036
0.854063
0.883785
0.912102
0.939367
0.965512
0.990838
1.01539
1.03929
1.06262
1.08546
1.10796
1.13012
1.15236
1.17419
1.19605
1.21749
1.23892
1.25987
1.28053
1.3008
1.32043
1.33992
1.35855
1.37715
1.39505
1.41272
1.43013
1.447
1.46397
1.4802
1.4966
1.5121
1.52765
1.5422
1.55657
1.57005
1.583
1.59512
1.60654
1.61777
1.62743
1.6368
1.64394
1.6502
1.65311
1.65474
1.65464
1.65304
1.64912
1.64246
1.63412
1.62736
1.62189
1.61966
1.61909
1.62104
1.62403
1.6282
1.63246
1.63752
1.64302
1.64869
1.65346
1.65758
1.66066
1.66296
1.66368
1.663
1.6598
1.653
1.64308
1.63051
1.61622
1.60125
1.58707
1.57478
1.56487
1.55801
1.55308
1.551
1.54963
1.55042
1.55146
1.55259
1.55396
1.55581
1.55719
1.56007
0.242171
0.377154
0.476042
0.517828
0.542661
0.569805
0.601325
0.634641
0.667942
0.700616
0.732278
0.762877
0.79259
0.82111
0.849042
0.875897
0.902359
0.92795
0.953287
0.977921
1.00235
1.02627
1.04992
1.07329
1.09632
1.11918
1.14142
1.16349
1.18487
1.20612
1.2267
1.2472
1.26708
1.28689
1.30616
1.32527
1.34406
1.36245
1.38081
1.39851
1.41628
1.43341
1.45045
1.46696
1.48327
1.49913
1.51487
1.53017
1.54534
1.56011
1.57441
1.58831
1.60141
1.61408
1.62489
1.63449
1.6417
1.64622
1.64841
1.64876
1.6477
1.64448
1.63766
1.62969
1.6209
1.61447
1.6104
1.60828
1.60879
1.61046
1.61286
1.61595
1.6193
1.62299
1.62617
1.62866
1.62969
1.62955
1.62782
1.62282
1.61479
1.60354
1.58988
1.57478
1.55942
1.54543
1.5334
1.5242
1.51768
1.51326
1.51132
1.51006
1.51085
1.51205
1.51335
1.51509
1.51699
1.51965
1.52142
1.52514
0.272509
0.396595
0.489717
0.523662
0.540037
0.559304
0.583701
0.610699
0.63837
0.665997
0.693306
0.720124
0.746617
0.772686
0.798473
0.82411
0.849373
0.87467
0.899455
0.924301
0.948537
0.972759
0.996379
1.01988
1.04286
1.06574
1.0882
1.11044
1.13235
1.15404
1.17553
1.1967
1.21779
1.23838
1.25898
1.2789
1.29892
1.31813
1.33749
1.35607
1.37478
1.39295
1.411
1.42887
1.44636
1.46393
1.48118
1.49846
1.51541
1.53207
1.54831
1.56377
1.57867
1.59272
1.60543
1.61679
1.6263
1.63342
1.63837
1.63973
1.63962
1.63872
1.63541
1.6288
1.61911
1.60994
1.60263
1.59665
1.59429
1.59225
1.59294
1.59396
1.59516
1.59643
1.597
1.59669
1.59481
1.59114
1.58446
1.57449
1.56169
1.54673
1.5306
1.51516
1.50094
1.48964
1.48079
1.47481
1.47107
1.46908
1.46834
1.46918
1.47056
1.47257
1.47443
1.47729
1.47989
1.48373
1.48607
1.49105
0.251298
0.385965
0.481053
0.515868
0.531659
0.549035
0.570554
0.594342
0.618839
0.643227
0.667456
0.691312
0.715127
0.739012
0.76298
0.78727
0.811529
0.835922
0.860139
0.884166
0.907961
0.931399
0.954683
0.977657
1.00061
1.02342
1.04631
1.06904
1.09176
1.1143
1.13667
1.15877
1.18056
1.20199
1.223
1.2436
1.26377
1.28362
1.30313
1.32241
1.34151
1.36046
1.37946
1.39843
1.41746
1.43639
1.45519
1.4737
1.49186
1.50953
1.52665
1.54314
1.55887
1.5738
1.58766
1.60048
1.61161
1.62131
1.62846
1.63341
1.63514
1.63528
1.63473
1.63231
1.62565
1.61634
1.60655
1.59772
1.59092
1.58601
1.58283
1.58044
1.57862
1.57642
1.57313
1.56879
1.56259
1.55395
1.54165
1.52727
1.51061
1.49388
1.47766
1.46368
1.45246
1.44395
1.43845
1.43477
1.43302
1.43266
1.43315
1.43473
1.43678
1.43953
1.44181
1.4455
1.44855
1.45302
1.45557
1.46081
0.246339
0.377109
0.471334
0.507361
0.523767
0.540206
0.560042
0.582122
0.605118
0.628225
0.651074
0.673777
0.696318
0.71923
0.742209
0.765641
0.789111
0.812675
0.836216
0.859527
0.882852
0.905907
0.929045
0.952051
0.975162
0.998244
1.02134
1.04436
1.06714
1.08977
1.11196
1.13394
1.15539
1.17662
1.19732
1.21787
1.23802
1.25818
1.2781
1.29814
1.31808
1.33799
1.35801
1.37776
1.39787
1.41737
1.43717
1.45612
1.47521
1.49334
1.51127
1.52816
1.54459
1.55992
1.57461
1.58821
1.60072
1.61201
1.62179
1.62961
1.63532
1.63776
1.6385
1.63839
1.63628
1.62973
1.61997
1.60873
1.59838
1.58858
1.58104
1.57411
1.56801
1.56126
1.55349
1.54433
1.53263
1.51835
1.5017
1.48389
1.46597
1.44943
1.43521
1.42392
1.41537
1.40969
1.40577
1.4037
1.40291
1.40284
1.40377
1.40534
1.40775
1.40976
1.41233
1.41521
1.41812
1.42166
1.42369
1.42767
0.282864
0.39509
0.486738
0.523461
0.539501
0.553399
0.569745
0.588323
0.608165
0.628541
0.649217
0.670075
0.691375
0.713062
0.735262
0.75764
0.78035
0.802972
0.825753
0.848425
0.871144
0.893924
0.916696
0.939668
0.962575
0.985652
1.00853
1.03141
1.05389
1.0762
1.09801
1.11953
1.1406
1.1614
1.18191
1.20227
1.22255
1.24278
1.26303
1.28333
1.3036
1.32406
1.34432
1.36462
1.38461
1.40433
1.42375
1.44276
1.46128
1.47947
1.49699
1.51428
1.53075
1.54705
1.56249
1.57775
1.59177
1.60541
1.61734
1.62816
1.63659
1.64265
1.64539
1.64619
1.64606
1.64348
1.63625
1.62455
1.61141
1.5977
1.58488
1.57256
1.5605
1.54826
1.53468
1.51965
1.50219
1.48325
1.46357
1.44458
1.42749
1.41304
1.40175
1.39322
1.3874
1.38336
1.38111
1.3798
1.37927
1.37959
1.38042
1.38181
1.3837
1.38521
1.38711
1.38917
1.39142
1.39395
1.39545
1.39832
0.290629
0.397778
0.489586
0.529107
0.547124
0.560533
0.575028
0.591354
0.608949
0.62724
0.645936
0.665426
0.686167
0.707554
0.729501
0.751534
0.773846
0.796117
0.818531
0.840981
0.863493
0.886153
0.908812
0.931657
0.954456
0.977349
1.0001
1.02272
1.04505
1.06703
1.08866
1.10989
1.13085
1.15155
1.17209
1.19263
1.21307
1.23368
1.25415
1.27484
1.29526
1.31591
1.33608
1.35648
1.37627
1.39616
1.41549
1.43468
1.45353
1.47204
1.49033
1.50819
1.52583
1.54287
1.55967
1.57564
1.5913
1.60556
1.61949
1.63128
1.64226
1.65036
1.65613
1.65828
1.65883
1.65815
1.65427
1.64486
1.63106
1.61455
1.59651
1.57835
1.55957
1.54064
1.52038
1.49905
1.47673
1.45467
1.43397
1.41564
1.40052
1.38862
1.37974
1.37341
1.36896
1.36624
1.36436
1.36328
1.36308
1.36308
1.3639
1.36464
1.36601
1.36705
1.36829
1.36984
1.37149
1.37351
1.3746
1.37707
0.296903
0.39605
0.484609
0.527311
0.548098
0.562015
0.57569
0.590705
0.606947
0.624046
0.641682
0.660208
0.680679
0.702398
0.724342
0.746436
0.768513
0.790736
0.812975
0.835427
0.85793
0.88058
0.903306
0.926085
0.948949
0.971743
0.994558
1.01703
1.0394
1.06119
1.08284
1.10389
1.12489
1.14553
1.16623
1.18685
1.20758
1.22836
1.24922
1.27011
1.29099
1.31181
1.33239
1.35292
1.37296
1.39302
1.4125
1.43197
1.451
1.46983
1.48842
1.50664
1.52465
1.54213
1.55943
1.57587
1.59205
1.6072
1.62159
1.63488
1.64666
1.65687
1.66456
1.66888
1.66991
1.67007
1.66822
1.66192
1.64967
1.63198
1.61096
1.58741
1.56219
1.53603
1.50935
1.48275
1.45731
1.4341
1.41416
1.39769
1.38481
1.37498
1.3676
1.36231
1.35828
1.35554
1.35354
1.3521
1.35138
1.35091
1.3512
1.35163
1.35247
1.35315
1.35395
1.3554
1.35683
1.35874
1.35969
1.36218
0.268198
0.37113
0.460597
0.503727
0.526529
0.542449
0.557877
0.575008
0.59373
0.613548
0.633942
0.654979
0.677408
0.701199
0.725046
0.748954
0.772516
0.796068
0.819347
0.842784
0.866094
0.8894
0.912568
0.935492
0.958376
0.980883
1.00338
1.02526
1.047
1.06789
1.08864
1.10866
1.12878
1.1485
1.16857
1.18852
1.20889
1.22923
1.24994
1.27041
1.29123
1.31144
1.33211
1.3518
1.37212
1.39132
1.41112
1.42997
1.44919
1.46777
1.4864
1.50474
1.52265
1.54061
1.55764
1.57483
1.59085
1.60684
1.62133
1.63565
1.6478
1.65942
1.66809
1.67455
1.67649
1.67693
1.67603
1.67178
1.66141
1.64432
1.622
1.5945
1.56403
1.53161
1.49981
1.4697
1.44306
1.42037
1.40201
1.38758
1.3765
1.36804
1.36163
1.35669
1.35297
1.35006
1.34801
1.34643
1.3454
1.34479
1.34481
1.3452
1.34581
1.34657
1.34722
1.34867
1.35009
1.3521
1.35308
1.35569
0.306555
0.393925
0.478052
0.524835
0.547559
0.56098
0.573424
0.587136
0.602391
0.619028
0.636492
0.655314
0.676508
0.699104
0.721822
0.744756
0.767515
0.790386
0.813145
0.836138
0.859074
0.882079
0.904961
0.927687
0.950415
0.972836
0.995334
1.01726
1.03916
1.06031
1.08138
1.10183
1.12238
1.14259
1.16315
1.18355
1.2044
1.22511
1.24624
1.26707
1.28827
1.3089
1.32996
1.35012
1.37087
1.39047
1.41078
1.42993
1.44969
1.46852
1.48763
1.50621
1.52453
1.54279
1.56014
1.57774
1.59396
1.6104
1.62511
1.63995
1.65241
1.66473
1.674
1.6815
1.68435
1.6849
1.68432
1.68074
1.67145
1.65494
1.63174
1.60168
1.56747
1.53071
1.49534
1.463
1.43576
1.41357
1.39629
1.38299
1.3729
1.36519
1.35926
1.35473
1.3512
1.34855
1.34653
1.34493
1.34387
1.34322
1.34292
1.34327
1.34351
1.34417
1.34458
1.3458
1.34705
1.34889
1.34975
1.35223
)
;

boundaryField
{
    inlet
    {
        type            calculated;
        value           uniform 3.00001;
    }
    outlet
    {
        type            calculated;
        value           nonuniform List<scalar> 
40
(
0.970629
1.07225
1.17389
1.25681
1.33253
1.39031
1.44054
1.48665
1.52393
1.55019
1.57911
1.59831
1.61784
1.63366
1.64741
1.65785
1.66608
1.67187
1.67224
1.66469
1.65289
1.64062
1.63104
1.62566
1.62383
1.62362
1.62198
1.61627
1.60428
1.58663
1.56007
1.52514
1.49105
1.46081
1.42767
1.39832
1.37707
1.36218
1.35569
1.35223
)
;
    }
    bottom
    {
        type            symmetryPlane;
    }
    top
    {
        type            symmetryPlane;
    }
    obstacle
    {
        type            calculated;
        value           uniform 0;
    }
    defaultFaces
    {
        type            empty;
    }
}


// ************************************************************************* //
