/*--------------------------------*- C++ -*----------------------------------*\
| =========                 |                                                 |
| \\      /  F ield         | OpenFOAM: The Open Source CFD Toolbox           |
|  \\    /   O peration     | Version:  2406                                  |
|   \\  /    A nd           | Website:  www.openfoam.com                      |
|    \\/     M anipulation  |                                                 |
\*---------------------------------------------------------------------------*/
FoamFile
{
    version     2.0;
    format      ascii;
    arch        "LSB;label=32;scalar=64";
    note        "nPoints:8466  nCells:4100  nFaces:16532  nInternalFaces:8068";
    class       labelList;
    location    "constant/polyMesh";
    object      neighbour;
}
// * * * * * * * * * * * * * * * * * * * * * * * * * * * * * * * * * * * * * //


8068
(
1
17
2
18
3
19
4
20
5
21
6
22
7
23
8
24
9
25
10
26
11
27
12
28
13
29
14
30
15
31
16
32
33
1394
18
34
19
35
20
36
21
37
22
38
23
39
24
40
25
41
26
42
27
43
28
44
29
45
30
46
31
47
32
48
33
49
50
1427
35
51
36
52
37
53
38
54
39
55
40
56
41
57
42
58
43
59
44
60
45
61
46
62
47
63
48
64
49
65
50
66
67
1460
52
68
53
69
54
70
55
71
56
72
57
73
58
74
59
75
60
76
61
77
62
78
63
79
64
80
65
81
66
82
67
83
84
1493
69
85
70
86
71
87
72
88
73
89
74
90
75
91
76
92
77
93
78
94
79
95
80
96
81
97
82
98
83
99
84
100
101
1526
86
102
87
103
88
104
89
105
90
106
91
107
92
108
93
109
94
110
95
111
96
112
97
113
98
114
99
115
100
116
101
117
118
1559
103
119
104
120
105
121
106
122
107
123
108
124
109
125
110
126
111
127
112
128
113
129
114
130
115
131
116
132
117
133
118
134
135
1592
120
136
121
137
122
138
123
139
124
140
125
141
126
142
127
143
128
144
129
145
130
146
131
147
132
148
133
149
134
150
135
151
152
1625
137
153
138
154
139
155
140
156
141
157
142
158
143
159
144
160
145
161
146
162
147
163
148
164
149
165
150
166
151
167
152
168
169
1658
154
170
155
171
156
172
157
173
158
174
159
175
160
176
161
177
162
178
163
179
164
180
165
181
166
182
167
183
168
184
169
185
186
1691
171
187
172
188
173
189
174
190
175
191
176
192
177
193
178
194
179
195
180
196
181
197
182
198
183
199
184
200
185
201
186
202
203
1724
188
204
189
205
190
206
191
207
192
208
193
209
194
210
195
211
196
212
197
213
198
214
199
215
200
216
201
217
202
218
203
219
220
1757
205
221
206
222
207
223
208
224
209
225
210
226
211
227
212
228
213
229
214
230
215
231
216
232
217
233
218
234
219
235
220
236
237
1790
222
238
223
239
224
240
225
241
226
242
227
243
228
244
229
245
230
246
231
247
232
248
233
249
234
250
235
251
236
252
237
253
254
1823
239
255
240
256
241
257
242
258
243
259
244
260
245
261
246
262
247
263
248
264
249
265
250
266
251
267
252
268
253
269
254
270
271
1856
256
272
257
273
258
274
259
275
260
276
261
277
262
278
263
279
264
280
265
281
266
282
267
283
268
284
269
285
270
286
271
287
288
1889
273
289
274
290
275
291
276
292
277
293
278
294
279
295
280
296
281
297
282
298
283
299
284
300
285
301
286
302
287
303
288
304
305
1922
290
306
291
307
292
308
293
309
294
310
295
311
296
312
297
313
298
314
299
315
300
316
301
317
302
318
303
319
304
320
305
321
322
1955
307
323
308
324
309
325
310
326
311
327
312
328
313
329
314
330
315
331
316
332
317
333
318
334
319
335
320
336
321
337
322
338
339
1988
324
340
325
341
326
342
327
343
328
344
329
345
330
346
331
347
332
348
333
349
334
350
335
351
336
352
337
353
338
354
339
355
356
2021
341
357
342
358
343
359
344
360
345
361
346
362
347
363
348
364
349
365
350
366
351
367
352
368
353
369
354
370
355
371
356
372
373
2054
358
374
359
375
360
376
361
377
362
378
363
379
364
380
365
381
366
382
367
383
368
384
369
385
370
386
371
387
372
388
373
389
390
2087
375
391
376
392
377
393
378
394
379
395
380
396
381
397
382
398
383
399
384
400
385
401
386
402
387
403
388
404
389
405
390
406
407
2120
392
408
393
409
394
410
395
411
396
412
397
413
398
414
399
415
400
416
401
417
402
418
403
419
404
420
405
421
406
422
407
423
424
2153
409
425
410
426
411
427
412
428
413
429
414
430
415
431
416
432
417
433
418
434
419
435
420
436
421
437
422
438
423
439
424
440
441
2186
426
442
427
443
428
444
429
445
430
446
431
447
432
448
433
449
434
450
435
451
436
452
437
453
438
454
439
455
440
456
441
457
458
2219
443
459
444
460
445
461
446
462
447
463
448
464
449
465
450
466
451
467
452
468
453
469
454
470
455
471
456
472
457
473
458
474
475
2252
460
476
461
477
462
478
463
479
464
480
465
481
466
482
467
483
468
484
469
485
470
486
471
487
472
488
473
489
474
490
475
491
492
2285
477
493
478
494
479
495
480
496
481
497
482
498
483
499
484
500
485
501
486
502
487
503
488
504
489
505
490
506
491
507
492
508
509
2318
494
510
495
511
496
512
497
513
498
514
499
515
500
516
501
517
502
518
503
519
504
520
505
521
506
522
507
523
508
524
509
525
526
2351
511
527
512
528
513
529
514
530
515
531
516
532
517
533
518
534
519
535
520
536
521
537
522
538
523
539
524
540
525
541
526
542
543
2384
528
544
529
545
530
546
531
547
532
548
533
549
534
550
535
551
536
552
537
553
538
554
539
555
540
556
541
557
542
558
543
559
560
2417
545
561
546
562
547
563
548
564
549
565
550
566
551
567
552
568
553
569
554
570
555
571
556
572
557
573
558
574
559
575
560
576
577
2450
562
578
563
579
564
580
565
581
566
582
567
583
568
584
569
585
570
586
571
587
572
588
573
589
574
590
575
591
576
592
577
593
594
2483
579
595
580
596
581
597
582
598
583
599
584
600
585
601
586
602
587
603
588
604
589
605
590
606
591
607
592
608
593
609
594
610
611
2516
596
612
597
613
598
614
599
615
600
616
601
617
602
618
603
619
604
620
605
621
606
622
607
623
608
624
609
625
610
626
611
627
628
2549
613
629
614
630
615
631
616
632
617
633
618
634
619
635
620
636
621
637
622
638
623
639
624
640
625
641
626
642
627
643
628
644
645
2582
630
646
631
647
632
648
633
649
634
650
635
651
636
652
637
653
638
654
639
655
640
656
641
657
642
658
643
659
644
660
645
661
662
2615
647
663
648
664
649
665
650
666
651
667
652
668
653
669
654
670
655
671
656
672
657
673
658
674
659
675
660
676
661
677
662
678
679
2648
664
680
665
681
666
682
667
683
668
684
669
685
670
686
671
687
672
688
673
689
674
690
675
691
676
692
677
693
678
694
679
695
696
2681
681
697
682
698
683
699
684
700
685
701
686
702
687
703
688
704
689
705
690
706
691
707
692
708
693
709
694
710
695
711
696
712
713
2714
698
714
699
715
700
716
701
717
702
718
703
719
704
720
705
721
706
722
707
723
708
724
709
725
710
726
711
727
712
728
713
729
730
2747
715
731
716
732
717
733
718
734
719
735
720
736
721
737
722
738
723
739
724
740
725
741
726
742
727
743
728
744
729
745
730
746
747
2780
732
748
733
749
734
750
735
751
736
752
737
753
738
754
739
755
740
756
741
757
742
758
743
759
744
760
745
761
746
762
747
763
764
2813
749
765
750
766
751
767
752
768
753
769
754
770
755
771
756
772
757
773
758
774
759
775
760
776
761
777
762
778
763
779
764
780
781
2846
766
782
767
783
768
784
769
785
770
786
771
787
772
788
773
789
774
790
775
791
776
792
777
793
778
794
779
795
780
796
781
797
798
2879
783
799
784
800
785
801
786
802
787
803
788
804
789
805
790
806
791
807
792
808
793
809
794
810
795
811
796
812
797
813
798
814
815
2912
800
816
801
817
802
818
803
819
804
820
805
821
806
822
807
823
808
824
809
825
810
826
811
827
812
828
813
829
814
830
815
831
832
2945
817
833
818
834
819
835
820
836
821
837
822
838
823
839
824
840
825
841
826
842
827
843
828
844
829
845
830
846
831
847
832
848
849
2978
834
850
835
851
836
852
837
853
838
854
839
855
840
856
841
857
842
858
843
859
844
860
845
861
846
862
847
863
848
864
849
865
866
3011
851
867
852
868
853
869
854
870
855
871
856
872
857
873
858
874
859
875
860
876
861
877
862
878
863
879
864
880
865
881
866
882
883
3044
868
884
869
885
870
886
871
887
872
888
873
889
874
890
875
891
876
892
877
893
878
894
879
895
880
896
881
897
882
898
883
899
900
3077
885
901
886
902
887
903
888
904
889
905
890
906
891
907
892
908
893
909
894
910
895
911
896
912
897
913
898
914
899
915
900
916
917
3110
902
918
903
919
904
920
905
921
906
922
907
923
908
924
909
925
910
926
911
927
912
928
913
929
914
930
915
931
916
932
917
933
934
3143
919
935
920
936
921
937
922
938
923
939
924
940
925
941
926
942
927
943
928
944
929
945
930
946
931
947
932
948
933
949
934
950
951
3176
936
952
937
953
938
954
939
955
940
956
941
957
942
958
943
959
944
960
945
961
946
962
947
963
948
964
949
965
950
966
951
967
968
3209
953
969
954
970
955
971
956
972
957
973
958
974
959
975
960
976
961
977
962
978
963
979
964
980
965
981
966
982
967
983
968
984
985
3242
970
986
971
987
972
988
973
989
974
990
975
991
976
992
977
993
978
994
979
995
980
996
981
997
982
998
983
999
984
1000
985
1001
1002
3275
987
1003
988
1004
989
1005
990
1006
991
1007
992
1008
993
1009
994
1010
995
1011
996
1012
997
1013
998
1014
999
1015
1000
1016
1001
1017
1002
1018
1019
3308
1004
1020
1005
1021
1006
1022
1007
1023
1008
1024
1009
1025
1010
1026
1011
1027
1012
1028
1013
1029
1014
1030
1015
1031
1016
1032
1017
1033
1018
1034
1019
1035
1036
3341
1021
1037
1022
1038
1023
1039
1024
1040
1025
1041
1026
1042
1027
1043
1028
1044
1029
1045
1030
1046
1031
1047
1032
1048
1033
1049
1034
1050
1035
1051
1036
1052
1053
3374
1038
1054
1039
1055
1040
1056
1041
1057
1042
1058
1043
1059
1044
1060
1045
1061
1046
1062
1047
1063
1048
1064
1049
1065
1050
1066
1051
1067
1052
1068
1053
1069
1070
3407
1055
1071
1056
1072
1057
1073
1058
1074
1059
1075
1060
1076
1061
1077
1062
1078
1063
1079
1064
1080
1065
1081
1066
1082
1067
1083
1068
1084
1069
1085
1070
1086
1087
3440
1072
1088
1073
1089
1074
1090
1075
1091
1076
1092
1077
1093
1078
1094
1079
1095
1080
1096
1081
1097
1082
1098
1083
1099
1084
1100
1085
1101
1086
1102
1087
1103
1104
3473
1089
1105
1090
1106
1091
1107
1092
1108
1093
1109
1094
1110
1095
1111
1096
1112
1097
1113
1098
1114
1099
1115
1100
1116
1101
1117
1102
1118
1103
1119
1104
1120
1121
3506
1106
1122
1107
1123
1108
1124
1109
1125
1110
1126
1111
1127
1112
1128
1113
1129
1114
1130
1115
1131
1116
1132
1117
1133
1118
1134
1119
1135
1120
1136
1121
1137
1138
3539
1123
1139
1124
1140
1125
1141
1126
1142
1127
1143
1128
1144
1129
1145
1130
1146
1131
1147
1132
1148
1133
1149
1134
1150
1135
1151
1136
1152
1137
1153
1138
1154
1155
3572
1140
1156
1141
1157
1142
1158
1143
1159
1144
1160
1145
1161
1146
1162
1147
1163
1148
1164
1149
1165
1150
1166
1151
1167
1152
1168
1153
1169
1154
1170
1155
1171
1172
3605
1157
1173
1158
1174
1159
1175
1160
1176
1161
1177
1162
1178
1163
1179
1164
1180
1165
1181
1166
1182
1167
1183
1168
1184
1169
1185
1170
1186
1171
1187
1172
1188
1189
3638
1174
1190
1175
1191
1176
1192
1177
1193
1178
1194
1179
1195
1180
1196
1181
1197
1182
1198
1183
1199
1184
1200
1185
1201
1186
1202
1187
1203
1188
1204
1189
1205
1206
3671
1191
1207
1192
1208
1193
1209
1194
1210
1195
1211
1196
1212
1197
1213
1198
1214
1199
1215
1200
1216
1201
1217
1202
1218
1203
1219
1204
1220
1205
1221
1206
1222
1223
3704
1208
1224
1209
1225
1210
1226
1211
1227
1212
1228
1213
1229
1214
1230
1215
1231
1216
1232
1217
1233
1218
1234
1219
1235
1220
1236
1221
1237
1222
1238
1223
1239
1240
3737
1225
1241
1226
1242
1227
1243
1228
1244
1229
1245
1230
1246
1231
1247
1232
1248
1233
1249
1234
1250
1235
1251
1236
1252
1237
1253
1238
1254
1239
1255
1240
1256
1257
3770
1242
1258
1243
1259
1244
1260
1245
1261
1246
1262
1247
1263
1248
1264
1249
1265
1250
1266
1251
1267
1252
1268
1253
1269
1254
1270
1255
1271
1256
1272
1257
1273
1274
3803
1259
1275
1260
1276
1261
1277
1262
1278
1263
1279
1264
1280
1265
1281
1266
1282
1267
1283
1268
1284
1269
1285
1270
1286
1271
1287
1272
1288
1273
1289
1274
1290
1291
3836
1276
1292
1277
1293
1278
1294
1279
1295
1280
1296
1281
1297
1282
1298
1283
1299
1284
1300
1285
1301
1286
1302
1287
1303
1288
1304
1289
1305
1290
1306
1291
1307
1308
3869
1293
1309
1294
1310
1295
1311
1296
1312
1297
1313
1298
1314
1299
1315
1300
1316
1301
1317
1302
1318
1303
1319
1304
1320
1305
1321
1306
1322
1307
1323
1308
1324
1325
3902
1310
1326
1311
1327
1312
1328
1313
1329
1314
1330
1315
1331
1316
1332
1317
1333
1318
1334
1319
1335
1320
1336
1321
1337
1322
1338
1323
1339
1324
1340
1325
1341
1342
3935
1327
1343
1328
1344
1329
1345
1330
1346
1331
1347
1332
1348
1333
1349
1334
1350
1335
1351
1336
1352
1337
1353
1338
1354
1339
1355
1340
1356
1341
1357
1342
1358
1359
3968
1344
1360
1345
1361
1346
1362
1347
1363
1348
1364
1349
1365
1350
1366
1351
1367
1352
1368
1353
1369
1354
1370
1355
1371
1356
1372
1357
1373
1358
1374
1359
1375
1376
4001
1361
1377
1362
1378
1363
1379
1364
1380
1365
1381
1366
1382
1367
1383
1368
1384
1369
1385
1370
1386
1371
1387
1372
1388
1373
1389
1374
1390
1375
1391
1376
1392
1393
4034
1378
1379
1380
1381
1382
1383
1384
1385
1386
1387
1388
1389
1390
1391
1392
1393
4067
1395
1427
1396
1428
1397
1429
1398
1430
1399
1431
1400
1432
1401
1433
1402
1434
1403
1435
1404
1436
1405
1437
1406
1438
1407
1439
1408
1440
1409
1441
1410
1442
1411
1443
1412
1444
1413
1445
1414
1446
1415
1447
1416
1448
1417
1449
1418
1450
1419
1451
1420
1452
1421
1453
1422
1454
1423
1455
1424
1456
1425
1457
1426
1458
1459
1428
1460
1429
1461
1430
1462
1431
1463
1432
1464
1433
1465
1434
1466
1435
1467
1436
1468
1437
1469
1438
1470
1439
1471
1440
1472
1441
1473
1442
1474
1443
1475
1444
1476
1445
1477
1446
1478
1447
1479
1448
1480
1449
1481
1450
1482
1451
1483
1452
1484
1453
1485
1454
1486
1455
1487
1456
1488
1457
1489
1458
1490
1459
1491
1492
1461
1493
1462
1494
1463
1495
1464
1496
1465
1497
1466
1498
1467
1499
1468
1500
1469
1501
1470
1502
1471
1503
1472
1504
1473
1505
1474
1506
1475
1507
1476
1508
1477
1509
1478
1510
1479
1511
1480
1512
1481
1513
1482
1514
1483
1515
1484
1516
1485
1517
1486
1518
1487
1519
1488
1520
1489
1521
1490
1522
1491
1523
1492
1524
1525
1494
1526
1495
1527
1496
1528
1497
1529
1498
1530
1499
1531
1500
1532
1501
1533
1502
1534
1503
1535
1504
1536
1505
1537
1506
1538
1507
1539
1508
1540
1509
1541
1510
1542
1511
1543
1512
1544
1513
1545
1514
1546
1515
1547
1516
1548
1517
1549
1518
1550
1519
1551
1520
1552
1521
1553
1522
1554
1523
1555
1524
1556
1525
1557
1558
1527
1559
1528
1560
1529
1561
1530
1562
1531
1563
1532
1564
1533
1565
1534
1566
1535
1567
1536
1568
1537
1569
1538
1570
1539
1571
1540
1572
1541
1573
1542
1574
1543
1575
1544
1576
1545
1577
1546
1578
1547
1579
1548
1580
1549
1581
1550
1582
1551
1583
1552
1584
1553
1585
1554
1586
1555
1587
1556
1588
1557
1589
1558
1590
1591
1560
1592
1561
1593
1562
1594
1563
1595
1564
1596
1565
1597
1566
1598
1567
1599
1568
1600
1569
1601
1570
1602
1571
1603
1572
1604
1573
1605
1574
1606
1575
1607
1576
1608
1577
1609
1578
1610
1579
1611
1580
1612
1581
1613
1582
1614
1583
1615
1584
1616
1585
1617
1586
1618
1587
1619
1588
1620
1589
1621
1590
1622
1591
1623
1624
1593
1625
1594
1626
1595
1627
1596
1628
1597
1629
1598
1630
1599
1631
1600
1632
1601
1633
1602
1634
1603
1635
1604
1636
1605
1637
1606
1638
1607
1639
1608
1640
1609
1641
1610
1642
1611
1643
1612
1644
1613
1645
1614
1646
1615
1647
1616
1648
1617
1649
1618
1650
1619
1651
1620
1652
1621
1653
1622
1654
1623
1655
1624
1656
1657
1626
1658
1627
1659
1628
1660
1629
1661
1630
1662
1631
1663
1632
1664
1633
1665
1634
1666
1635
1667
1636
1668
1637
1669
1638
1670
1639
1671
1640
1672
1641
1673
1642
1674
1643
1675
1644
1676
1645
1677
1646
1678
1647
1679
1648
1680
1649
1681
1650
1682
1651
1683
1652
1684
1653
1685
1654
1686
1655
1687
1656
1688
1657
1689
1690
1659
1691
1660
1692
1661
1693
1662
1694
1663
1695
1664
1696
1665
1697
1666
1698
1667
1699
1668
1700
1669
1701
1670
1702
1671
1703
1672
1704
1673
1705
1674
1706
1675
1707
1676
1708
1677
1709
1678
1710
1679
1711
1680
1712
1681
1713
1682
1714
1683
1715
1684
1716
1685
1717
1686
1718
1687
1719
1688
1720
1689
1721
1690
1722
1723
1692
1724
1693
1725
1694
1726
1695
1727
1696
1728
1697
1729
1698
1730
1699
1731
1700
1732
1701
1733
1702
1734
1703
1735
1704
1736
1705
1737
1706
1738
1707
1739
1708
1740
1709
1741
1710
1742
1711
1743
1712
1744
1713
1745
1714
1746
1715
1747
1716
1748
1717
1749
1718
1750
1719
1751
1720
1752
1721
1753
1722
1754
1723
1755
1756
1725
1757
1726
1758
1727
1759
1728
1760
1729
1761
1730
1762
1731
1763
1732
1764
1733
1765
1734
1766
1735
1767
1736
1768
1737
1769
1738
1770
1739
1771
1740
1772
1741
1773
1742
1774
1743
1775
1744
1776
1745
1777
1746
1778
1747
1779
1748
1780
1749
1781
1750
1782
1751
1783
1752
1784
1753
1785
1754
1786
1755
1787
1756
1788
1789
1758
1790
1759
1791
1760
1792
1761
1793
1762
1794
1763
1795
1764
1796
1765
1797
1766
1798
1767
1799
1768
1800
1769
1801
1770
1802
1771
1803
1772
1804
1773
1805
1774
1806
1775
1807
1776
1808
1777
1809
1778
1810
1779
1811
1780
1812
1781
1813
1782
1814
1783
1815
1784
1816
1785
1817
1786
1818
1787
1819
1788
1820
1789
1821
1822
1791
1823
1792
1824
1793
1825
1794
1826
1795
1827
1796
1828
1797
1829
1798
1830
1799
1831
1800
1832
1801
1833
1802
1834
1803
1835
1804
1836
1805
1837
1806
1838
1807
1839
1808
1840
1809
1841
1810
1842
1811
1843
1812
1844
1813
1845
1814
1846
1815
1847
1816
1848
1817
1849
1818
1850
1819
1851
1820
1852
1821
1853
1822
1854
1855
1824
1856
1825
1857
1826
1858
1827
1859
1828
1860
1829
1861
1830
1862
1831
1863
1832
1864
1833
1865
1834
1866
1835
1867
1836
1868
1837
1869
1838
1870
1839
1871
1840
1872
1841
1873
1842
1874
1843
1875
1844
1876
1845
1877
1846
1878
1847
1879
1848
1880
1849
1881
1850
1882
1851
1883
1852
1884
1853
1885
1854
1886
1855
1887
1888
1857
1889
1858
1890
1859
1891
1860
1892
1861
1893
1862
1894
1863
1895
1864
1896
1865
1897
1866
1898
1867
1899
1868
1900
1869
1901
1870
1902
1871
1903
1872
1904
1873
1905
1874
1906
1875
1907
1876
1908
1877
1909
1878
1910
1879
1911
1880
1912
1881
1913
1882
1914
1883
1915
1884
1916
1885
1917
1886
1918
1887
1919
1888
1920
1921
1890
1922
1891
1923
1892
1924
1893
1925
1894
1926
1895
1927
1896
1928
1897
1929
1898
1930
1899
1931
1900
1932
1901
1933
1902
1934
1903
1935
1904
1936
1905
1937
1906
1938
1907
1939
1908
1940
1909
1941
1910
1942
1911
1943
1912
1944
1913
1945
1914
1946
1915
1947
1916
1948
1917
1949
1918
1950
1919
1951
1920
1952
1921
1953
1954
1923
1955
1924
1956
1925
1957
1926
1958
1927
1959
1928
1960
1929
1961
1930
1962
1931
1963
1932
1964
1933
1965
1934
1966
1935
1967
1936
1968
1937
1969
1938
1970
1939
1971
1940
1972
1941
1973
1942
1974
1943
1975
1944
1976
1945
1977
1946
1978
1947
1979
1948
1980
1949
1981
1950
1982
1951
1983
1952
1984
1953
1985
1954
1986
1987
1956
1988
1957
1989
1958
1990
1959
1991
1960
1992
1961
1993
1962
1994
1963
1995
1964
1996
1965
1997
1966
1998
1967
1999
1968
2000
1969
2001
1970
2002
1971
2003
1972
2004
1973
2005
1974
2006
1975
2007
1976
2008
1977
2009
1978
2010
1979
2011
1980
2012
1981
2013
1982
2014
1983
2015
1984
2016
1985
2017
1986
2018
1987
2019
2020
1989
2021
1990
2022
1991
2023
1992
2024
1993
2025
1994
2026
1995
2027
1996
2028
1997
2029
1998
2030
1999
2031
2000
2032
2001
2033
2002
2034
2003
2035
2004
2036
2005
2037
2006
2038
2007
2039
2008
2040
2009
2041
2010
2042
2011
2043
2012
2044
2013
2045
2014
2046
2015
2047
2016
2048
2017
2049
2018
2050
2019
2051
2020
2052
2053
2022
2054
2023
2055
2024
2056
2025
2057
2026
2058
2027
2059
2028
2060
2029
2061
2030
2062
2031
2063
2032
2064
2033
2065
2034
2066
2035
2067
2036
2068
2037
2069
2038
2070
2039
2071
2040
2072
2041
2073
2042
2074
2043
2075
2044
2076
2045
2077
2046
2078
2047
2079
2048
2080
2049
2081
2050
2082
2051
2083
2052
2084
2053
2085
2086
2055
2087
2056
2088
2057
2089
2058
2090
2059
2091
2060
2092
2061
2093
2062
2094
2063
2095
2064
2096
2065
2097
2066
2098
2067
2099
2068
2100
2069
2101
2070
2102
2071
2103
2072
2104
2073
2105
2074
2106
2075
2107
2076
2108
2077
2109
2078
2110
2079
2111
2080
2112
2081
2113
2082
2114
2083
2115
2084
2116
2085
2117
2086
2118
2119
2088
2120
2089
2121
2090
2122
2091
2123
2092
2124
2093
2125
2094
2126
2095
2127
2096
2128
2097
2129
2098
2130
2099
2131
2100
2132
2101
2133
2102
2134
2103
2135
2104
2136
2105
2137
2106
2138
2107
2139
2108
2140
2109
2141
2110
2142
2111
2143
2112
2144
2113
2145
2114
2146
2115
2147
2116
2148
2117
2149
2118
2150
2119
2151
2152
2121
2153
2122
2154
2123
2155
2124
2156
2125
2157
2126
2158
2127
2159
2128
2160
2129
2161
2130
2162
2131
2163
2132
2164
2133
2165
2134
2166
2135
2167
2136
2168
2137
2169
2138
2170
2139
2171
2140
2172
2141
2173
2142
2174
2143
2175
2144
2176
2145
2177
2146
2178
2147
2179
2148
2180
2149
2181
2150
2182
2151
2183
2152
2184
2185
2154
2186
2155
2187
2156
2188
2157
2189
2158
2190
2159
2191
2160
2192
2161
2193
2162
2194
2163
2195
2164
2196
2165
2197
2166
2198
2167
2199
2168
2200
2169
2201
2170
2202
2171
2203
2172
2204
2173
2205
2174
2206
2175
2207
2176
2208
2177
2209
2178
2210
2179
2211
2180
2212
2181
2213
2182
2214
2183
2215
2184
2216
2185
2217
2218
2187
2219
2188
2220
2189
2221
2190
2222
2191
2223
2192
2224
2193
2225
2194
2226
2195
2227
2196
2228
2197
2229
2198
2230
2199
2231
2200
2232
2201
2233
2202
2234
2203
2235
2204
2236
2205
2237
2206
2238
2207
2239
2208
2240
2209
2241
2210
2242
2211
2243
2212
2244
2213
2245
2214
2246
2215
2247
2216
2248
2217
2249
2218
2250
2251
2220
2252
2221
2253
2222
2254
2223
2255
2224
2256
2225
2257
2226
2258
2227
2259
2228
2260
2229
2261
2230
2262
2231
2263
2232
2264
2233
2265
2234
2266
2235
2267
2236
2268
2237
2269
2238
2270
2239
2271
2240
2272
2241
2273
2242
2274
2243
2275
2244
2276
2245
2277
2246
2278
2247
2279
2248
2280
2249
2281
2250
2282
2251
2283
2284
2253
2285
2254
2286
2255
2287
2256
2288
2257
2289
2258
2290
2259
2291
2260
2292
2261
2293
2262
2294
2263
2295
2264
2296
2265
2297
2266
2298
2267
2299
2268
2300
2269
2301
2270
2302
2271
2303
2272
2304
2273
2305
2274
2306
2275
2307
2276
2308
2277
2309
2278
2310
2279
2311
2280
2312
2281
2313
2282
2314
2283
2315
2284
2316
2317
2286
2318
2287
2319
2288
2320
2289
2321
2290
2322
2291
2323
2292
2324
2293
2325
2294
2326
2295
2327
2296
2328
2297
2329
2298
2330
2299
2331
2300
2332
2301
2333
2302
2334
2303
2335
2304
2336
2305
2337
2306
2338
2307
2339
2308
2340
2309
2341
2310
2342
2311
2343
2312
2344
2313
2345
2314
2346
2315
2347
2316
2348
2317
2349
2350
2319
2351
2320
2352
2321
2353
2322
2354
2323
2355
2324
2356
2325
2357
2326
2358
2327
2359
2328
2360
2329
2361
2330
2362
2331
2363
2332
2364
2333
2365
2334
2366
2335
2367
2336
2368
2337
2369
2338
2370
2339
2371
2340
2372
2341
2373
2342
2374
2343
2375
2344
2376
2345
2377
2346
2378
2347
2379
2348
2380
2349
2381
2350
2382
2383
2352
2384
2353
2385
2354
2386
2355
2387
2356
2388
2357
2389
2358
2390
2359
2391
2360
2392
2361
2393
2362
2394
2363
2395
2364
2396
2365
2397
2366
2398
2367
2399
2368
2400
2369
2401
2370
2402
2371
2403
2372
2404
2373
2405
2374
2406
2375
2407
2376
2408
2377
2409
2378
2410
2379
2411
2380
2412
2381
2413
2382
2414
2383
2415
2416
2385
2417
2386
2418
2387
2419
2388
2420
2389
2421
2390
2422
2391
2423
2392
2424
2393
2425
2394
2426
2395
2427
2396
2428
2397
2429
2398
2430
2399
2431
2400
2432
2401
2433
2402
2434
2403
2435
2404
2436
2405
2437
2406
2438
2407
2439
2408
2440
2409
2441
2410
2442
2411
2443
2412
2444
2413
2445
2414
2446
2415
2447
2416
2448
2449
2418
2450
2419
2451
2420
2452
2421
2453
2422
2454
2423
2455
2424
2456
2425
2457
2426
2458
2427
2459
2428
2460
2429
2461
2430
2462
2431
2463
2432
2464
2433
2465
2434
2466
2435
2467
2436
2468
2437
2469
2438
2470
2439
2471
2440
2472
2441
2473
2442
2474
2443
2475
2444
2476
2445
2477
2446
2478
2447
2479
2448
2480
2449
2481
2482
2451
2483
2452
2484
2453
2485
2454
2486
2455
2487
2456
2488
2457
2489
2458
2490
2459
2491
2460
2492
2461
2493
2462
2494
2463
2495
2464
2496
2465
2497
2466
2498
2467
2499
2468
2500
2469
2501
2470
2502
2471
2503
2472
2504
2473
2505
2474
2506
2475
2507
2476
2508
2477
2509
2478
2510
2479
2511
2480
2512
2481
2513
2482
2514
2515
2484
2516
2485
2517
2486
2518
2487
2519
2488
2520
2489
2521
2490
2522
2491
2523
2492
2524
2493
2525
2494
2526
2495
2527
2496
2528
2497
2529
2498
2530
2499
2531
2500
2532
2501
2533
2502
2534
2503
2535
2504
2536
2505
2537
2506
2538
2507
2539
2508
2540
2509
2541
2510
2542
2511
2543
2512
2544
2513
2545
2514
2546
2515
2547
2548
2517
2549
2518
2550
2519
2551
2520
2552
2521
2553
2522
2554
2523
2555
2524
2556
2525
2557
2526
2558
2527
2559
2528
2560
2529
2561
2530
2562
2531
2563
2532
2564
2533
2565
2534
2566
2535
2567
2536
2568
2537
2569
2538
2570
2539
2571
2540
2572
2541
2573
2542
2574
2543
2575
2544
2576
2545
2577
2546
2578
2547
2579
2548
2580
2581
2550
2582
2551
2583
2552
2584
2553
2585
2554
2586
2555
2587
2556
2588
2557
2589
2558
2590
2559
2591
2560
2592
2561
2593
2562
2594
2563
2595
2564
2596
2565
2597
2566
2598
2567
2599
2568
2600
2569
2601
2570
2602
2571
2603
2572
2604
2573
2605
2574
2606
2575
2607
2576
2608
2577
2609
2578
2610
2579
2611
2580
2612
2581
2613
2614
2583
2615
2584
2616
2585
2617
2586
2618
2587
2619
2588
2620
2589
2621
2590
2622
2591
2623
2592
2624
2593
2625
2594
2626
2595
2627
2596
2628
2597
2629
2598
2630
2599
2631
2600
2632
2601
2633
2602
2634
2603
2635
2604
2636
2605
2637
2606
2638
2607
2639
2608
2640
2609
2641
2610
2642
2611
2643
2612
2644
2613
2645
2614
2646
2647
2616
2648
2617
2649
2618
2650
2619
2651
2620
2652
2621
2653
2622
2654
2623
2655
2624
2656
2625
2657
2626
2658
2627
2659
2628
2660
2629
2661
2630
2662
2631
2663
2632
2664
2633
2665
2634
2666
2635
2667
2636
2668
2637
2669
2638
2670
2639
2671
2640
2672
2641
2673
2642
2674
2643
2675
2644
2676
2645
2677
2646
2678
2647
2679
2680
2649
2681
2650
2682
2651
2683
2652
2684
2653
2685
2654
2686
2655
2687
2656
2688
2657
2689
2658
2690
2659
2691
2660
2692
2661
2693
2662
2694
2663
2695
2664
2696
2665
2697
2666
2698
2667
2699
2668
2700
2669
2701
2670
2702
2671
2703
2672
2704
2673
2705
2674
2706
2675
2707
2676
2708
2677
2709
2678
2710
2679
2711
2680
2712
2713
2682
2714
2683
2715
2684
2716
2685
2717
2686
2718
2687
2719
2688
2720
2689
2721
2690
2722
2691
2723
2692
2724
2693
2725
2694
2726
2695
2727
2696
2728
2697
2729
2698
2730
2699
2731
2700
2732
2701
2733
2702
2734
2703
2735
2704
2736
2705
2737
2706
2738
2707
2739
2708
2740
2709
2741
2710
2742
2711
2743
2712
2744
2713
2745
2746
2715
2747
2716
2748
2717
2749
2718
2750
2719
2751
2720
2752
2721
2753
2722
2754
2723
2755
2724
2756
2725
2757
2726
2758
2727
2759
2728
2760
2729
2761
2730
2762
2731
2763
2732
2764
2733
2765
2734
2766
2735
2767
2736
2768
2737
2769
2738
2770
2739
2771
2740
2772
2741
2773
2742
2774
2743
2775
2744
2776
2745
2777
2746
2778
2779
2748
2780
2749
2781
2750
2782
2751
2783
2752
2784
2753
2785
2754
2786
2755
2787
2756
2788
2757
2789
2758
2790
2759
2791
2760
2792
2761
2793
2762
2794
2763
2795
2764
2796
2765
2797
2766
2798
2767
2799
2768
2800
2769
2801
2770
2802
2771
2803
2772
2804
2773
2805
2774
2806
2775
2807
2776
2808
2777
2809
2778
2810
2779
2811
2812
2781
2813
2782
2814
2783
2815
2784
2816
2785
2817
2786
2818
2787
2819
2788
2820
2789
2821
2790
2822
2791
2823
2792
2824
2793
2825
2794
2826
2795
2827
2796
2828
2797
2829
2798
2830
2799
2831
2800
2832
2801
2833
2802
2834
2803
2835
2804
2836
2805
2837
2806
2838
2807
2839
2808
2840
2809
2841
2810
2842
2811
2843
2812
2844
2845
2814
2846
2815
2847
2816
2848
2817
2849
2818
2850
2819
2851
2820
2852
2821
2853
2822
2854
2823
2855
2824
2856
2825
2857
2826
2858
2827
2859
2828
2860
2829
2861
2830
2862
2831
2863
2832
2864
2833
2865
2834
2866
2835
2867
2836
2868
2837
2869
2838
2870
2839
2871
2840
2872
2841
2873
2842
2874
2843
2875
2844
2876
2845
2877
2878
2847
2879
2848
2880
2849
2881
2850
2882
2851
2883
2852
2884
2853
2885
2854
2886
2855
2887
2856
2888
2857
2889
2858
2890
2859
2891
2860
2892
2861
2893
2862
2894
2863
2895
2864
2896
2865
2897
2866
2898
2867
2899
2868
2900
2869
2901
2870
2902
2871
2903
2872
2904
2873
2905
2874
2906
2875
2907
2876
2908
2877
2909
2878
2910
2911
2880
2912
2881
2913
2882
2914
2883
2915
2884
2916
2885
2917
2886
2918
2887
2919
2888
2920
2889
2921
2890
2922
2891
2923
2892
2924
2893
2925
2894
2926
2895
2927
2896
2928
2897
2929
2898
2930
2899
2931
2900
2932
2901
2933
2902
2934
2903
2935
2904
2936
2905
2937
2906
2938
2907
2939
2908
2940
2909
2941
2910
2942
2911
2943
2944
2913
2945
2914
2946
2915
2947
2916
2948
2917
2949
2918
2950
2919
2951
2920
2952
2921
2953
2922
2954
2923
2955
2924
2956
2925
2957
2926
2958
2927
2959
2928
2960
2929
2961
2930
2962
2931
2963
2932
2964
2933
2965
2934
2966
2935
2967
2936
2968
2937
2969
2938
2970
2939
2971
2940
2972
2941
2973
2942
2974
2943
2975
2944
2976
2977
2946
2978
2947
2979
2948
2980
2949
2981
2950
2982
2951
2983
2952
2984
2953
2985
2954
2986
2955
2987
2956
2988
2957
2989
2958
2990
2959
2991
2960
2992
2961
2993
2962
2994
2963
2995
2964
2996
2965
2997
2966
2998
2967
2999
2968
3000
2969
3001
2970
3002
2971
3003
2972
3004
2973
3005
2974
3006
2975
3007
2976
3008
2977
3009
3010
2979
3011
2980
3012
2981
3013
2982
3014
2983
3015
2984
3016
2985
3017
2986
3018
2987
3019
2988
3020
2989
3021
2990
3022
2991
3023
2992
3024
2993
3025
2994
3026
2995
3027
2996
3028
2997
3029
2998
3030
2999
3031
3000
3032
3001
3033
3002
3034
3003
3035
3004
3036
3005
3037
3006
3038
3007
3039
3008
3040
3009
3041
3010
3042
3043
3012
3044
3013
3045
3014
3046
3015
3047
3016
3048
3017
3049
3018
3050
3019
3051
3020
3052
3021
3053
3022
3054
3023
3055
3024
3056
3025
3057
3026
3058
3027
3059
3028
3060
3029
3061
3030
3062
3031
3063
3032
3064
3033
3065
3034
3066
3035
3067
3036
3068
3037
3069
3038
3070
3039
3071
3040
3072
3041
3073
3042
3074
3043
3075
3076
3045
3077
3046
3078
3047
3079
3048
3080
3049
3081
3050
3082
3051
3083
3052
3084
3053
3085
3054
3086
3055
3087
3056
3088
3057
3089
3058
3090
3059
3091
3060
3092
3061
3093
3062
3094
3063
3095
3064
3096
3065
3097
3066
3098
3067
3099
3068
3100
3069
3101
3070
3102
3071
3103
3072
3104
3073
3105
3074
3106
3075
3107
3076
3108
3109
3078
3110
3079
3111
3080
3112
3081
3113
3082
3114
3083
3115
3084
3116
3085
3117
3086
3118
3087
3119
3088
3120
3089
3121
3090
3122
3091
3123
3092
3124
3093
3125
3094
3126
3095
3127
3096
3128
3097
3129
3098
3130
3099
3131
3100
3132
3101
3133
3102
3134
3103
3135
3104
3136
3105
3137
3106
3138
3107
3139
3108
3140
3109
3141
3142
3111
3143
3112
3144
3113
3145
3114
3146
3115
3147
3116
3148
3117
3149
3118
3150
3119
3151
3120
3152
3121
3153
3122
3154
3123
3155
3124
3156
3125
3157
3126
3158
3127
3159
3128
3160
3129
3161
3130
3162
3131
3163
3132
3164
3133
3165
3134
3166
3135
3167
3136
3168
3137
3169
3138
3170
3139
3171
3140
3172
3141
3173
3142
3174
3175
3144
3176
3145
3177
3146
3178
3147
3179
3148
3180
3149
3181
3150
3182
3151
3183
3152
3184
3153
3185
3154
3186
3155
3187
3156
3188
3157
3189
3158
3190
3159
3191
3160
3192
3161
3193
3162
3194
3163
3195
3164
3196
3165
3197
3166
3198
3167
3199
3168
3200
3169
3201
3170
3202
3171
3203
3172
3204
3173
3205
3174
3206
3175
3207
3208
3177
3209
3178
3210
3179
3211
3180
3212
3181
3213
3182
3214
3183
3215
3184
3216
3185
3217
3186
3218
3187
3219
3188
3220
3189
3221
3190
3222
3191
3223
3192
3224
3193
3225
3194
3226
3195
3227
3196
3228
3197
3229
3198
3230
3199
3231
3200
3232
3201
3233
3202
3234
3203
3235
3204
3236
3205
3237
3206
3238
3207
3239
3208
3240
3241
3210
3242
3211
3243
3212
3244
3213
3245
3214
3246
3215
3247
3216
3248
3217
3249
3218
3250
3219
3251
3220
3252
3221
3253
3222
3254
3223
3255
3224
3256
3225
3257
3226
3258
3227
3259
3228
3260
3229
3261
3230
3262
3231
3263
3232
3264
3233
3265
3234
3266
3235
3267
3236
3268
3237
3269
3238
3270
3239
3271
3240
3272
3241
3273
3274
3243
3275
3244
3276
3245
3277
3246
3278
3247
3279
3248
3280
3249
3281
3250
3282
3251
3283
3252
3284
3253
3285
3254
3286
3255
3287
3256
3288
3257
3289
3258
3290
3259
3291
3260
3292
3261
3293
3262
3294
3263
3295
3264
3296
3265
3297
3266
3298
3267
3299
3268
3300
3269
3301
3270
3302
3271
3303
3272
3304
3273
3305
3274
3306
3307
3276
3308
3277
3309
3278
3310
3279
3311
3280
3312
3281
3313
3282
3314
3283
3315
3284
3316
3285
3317
3286
3318
3287
3319
3288
3320
3289
3321
3290
3322
3291
3323
3292
3324
3293
3325
3294
3326
3295
3327
3296
3328
3297
3329
3298
3330
3299
3331
3300
3332
3301
3333
3302
3334
3303
3335
3304
3336
3305
3337
3306
3338
3307
3339
3340
3309
3341
3310
3342
3311
3343
3312
3344
3313
3345
3314
3346
3315
3347
3316
3348
3317
3349
3318
3350
3319
3351
3320
3352
3321
3353
3322
3354
3323
3355
3324
3356
3325
3357
3326
3358
3327
3359
3328
3360
3329
3361
3330
3362
3331
3363
3332
3364
3333
3365
3334
3366
3335
3367
3336
3368
3337
3369
3338
3370
3339
3371
3340
3372
3373
3342
3374
3343
3375
3344
3376
3345
3377
3346
3378
3347
3379
3348
3380
3349
3381
3350
3382
3351
3383
3352
3384
3353
3385
3354
3386
3355
3387
3356
3388
3357
3389
3358
3390
3359
3391
3360
3392
3361
3393
3362
3394
3363
3395
3364
3396
3365
3397
3366
3398
3367
3399
3368
3400
3369
3401
3370
3402
3371
3403
3372
3404
3373
3405
3406
3375
3407
3376
3408
3377
3409
3378
3410
3379
3411
3380
3412
3381
3413
3382
3414
3383
3415
3384
3416
3385
3417
3386
3418
3387
3419
3388
3420
3389
3421
3390
3422
3391
3423
3392
3424
3393
3425
3394
3426
3395
3427
3396
3428
3397
3429
3398
3430
3399
3431
3400
3432
3401
3433
3402
3434
3403
3435
3404
3436
3405
3437
3406
3438
3439
3408
3440
3409
3441
3410
3442
3411
3443
3412
3444
3413
3445
3414
3446
3415
3447
3416
3448
3417
3449
3418
3450
3419
3451
3420
3452
3421
3453
3422
3454
3423
3455
3424
3456
3425
3457
3426
3458
3427
3459
3428
3460
3429
3461
3430
3462
3431
3463
3432
3464
3433
3465
3434
3466
3435
3467
3436
3468
3437
3469
3438
3470
3439
3471
3472
3441
3473
3442
3474
3443
3475
3444
3476
3445
3477
3446
3478
3447
3479
3448
3480
3449
3481
3450
3482
3451
3483
3452
3484
3453
3485
3454
3486
3455
3487
3456
3488
3457
3489
3458
3490
3459
3491
3460
3492
3461
3493
3462
3494
3463
3495
3464
3496
3465
3497
3466
3498
3467
3499
3468
3500
3469
3501
3470
3502
3471
3503
3472
3504
3505
3474
3506
3475
3507
3476
3508
3477
3509
3478
3510
3479
3511
3480
3512
3481
3513
3482
3514
3483
3515
3484
3516
3485
3517
3486
3518
3487
3519
3488
3520
3489
3521
3490
3522
3491
3523
3492
3524
3493
3525
3494
3526
3495
3527
3496
3528
3497
3529
3498
3530
3499
3531
3500
3532
3501
3533
3502
3534
3503
3535
3504
3536
3505
3537
3538
3507
3539
3508
3540
3509
3541
3510
3542
3511
3543
3512
3544
3513
3545
3514
3546
3515
3547
3516
3548
3517
3549
3518
3550
3519
3551
3520
3552
3521
3553
3522
3554
3523
3555
3524
3556
3525
3557
3526
3558
3527
3559
3528
3560
3529
3561
3530
3562
3531
3563
3532
3564
3533
3565
3534
3566
3535
3567
3536
3568
3537
3569
3538
3570
3571
3540
3572
3541
3573
3542
3574
3543
3575
3544
3576
3545
3577
3546
3578
3547
3579
3548
3580
3549
3581
3550
3582
3551
3583
3552
3584
3553
3585
3554
3586
3555
3587
3556
3588
3557
3589
3558
3590
3559
3591
3560
3592
3561
3593
3562
3594
3563
3595
3564
3596
3565
3597
3566
3598
3567
3599
3568
3600
3569
3601
3570
3602
3571
3603
3604
3573
3605
3574
3606
3575
3607
3576
3608
3577
3609
3578
3610
3579
3611
3580
3612
3581
3613
3582
3614
3583
3615
3584
3616
3585
3617
3586
3618
3587
3619
3588
3620
3589
3621
3590
3622
3591
3623
3592
3624
3593
3625
3594
3626
3595
3627
3596
3628
3597
3629
3598
3630
3599
3631
3600
3632
3601
3633
3602
3634
3603
3635
3604
3636
3637
3606
3638
3607
3639
3608
3640
3609
3641
3610
3642
3611
3643
3612
3644
3613
3645
3614
3646
3615
3647
3616
3648
3617
3649
3618
3650
3619
3651
3620
3652
3621
3653
3622
3654
3623
3655
3624
3656
3625
3657
3626
3658
3627
3659
3628
3660
3629
3661
3630
3662
3631
3663
3632
3664
3633
3665
3634
3666
3635
3667
3636
3668
3637
3669
3670
3639
3671
3640
3672
3641
3673
3642
3674
3643
3675
3644
3676
3645
3677
3646
3678
3647
3679
3648
3680
3649
3681
3650
3682
3651
3683
3652
3684
3653
3685
3654
3686
3655
3687
3656
3688
3657
3689
3658
3690
3659
3691
3660
3692
3661
3693
3662
3694
3663
3695
3664
3696
3665
3697
3666
3698
3667
3699
3668
3700
3669
3701
3670
3702
3703
3672
3704
3673
3705
3674
3706
3675
3707
3676
3708
3677
3709
3678
3710
3679
3711
3680
3712
3681
3713
3682
3714
3683
3715
3684
3716
3685
3717
3686
3718
3687
3719
3688
3720
3689
3721
3690
3722
3691
3723
3692
3724
3693
3725
3694
3726
3695
3727
3696
3728
3697
3729
3698
3730
3699
3731
3700
3732
3701
3733
3702
3734
3703
3735
3736
3705
3737
3706
3738
3707
3739
3708
3740
3709
3741
3710
3742
3711
3743
3712
3744
3713
3745
3714
3746
3715
3747
3716
3748
3717
3749
3718
3750
3719
3751
3720
3752
3721
3753
3722
3754
3723
3755
3724
3756
3725
3757
3726
3758
3727
3759
3728
3760
3729
3761
3730
3762
3731
3763
3732
3764
3733
3765
3734
3766
3735
3767
3736
3768
3769
3738
3770
3739
3771
3740
3772
3741
3773
3742
3774
3743
3775
3744
3776
3745
3777
3746
3778
3747
3779
3748
3780
3749
3781
3750
3782
3751
3783
3752
3784
3753
3785
3754
3786
3755
3787
3756
3788
3757
3789
3758
3790
3759
3791
3760
3792
3761
3793
3762
3794
3763
3795
3764
3796
3765
3797
3766
3798
3767
3799
3768
3800
3769
3801
3802
3771
3803
3772
3804
3773
3805
3774
3806
3775
3807
3776
3808
3777
3809
3778
3810
3779
3811
3780
3812
3781
3813
3782
3814
3783
3815
3784
3816
3785
3817
3786
3818
3787
3819
3788
3820
3789
3821
3790
3822
3791
3823
3792
3824
3793
3825
3794
3826
3795
3827
3796
3828
3797
3829
3798
3830
3799
3831
3800
3832
3801
3833
3802
3834
3835
3804
3836
3805
3837
3806
3838
3807
3839
3808
3840
3809
3841
3810
3842
3811
3843
3812
3844
3813
3845
3814
3846
3815
3847
3816
3848
3817
3849
3818
3850
3819
3851
3820
3852
3821
3853
3822
3854
3823
3855
3824
3856
3825
3857
3826
3858
3827
3859
3828
3860
3829
3861
3830
3862
3831
3863
3832
3864
3833
3865
3834
3866
3835
3867
3868
3837
3869
3838
3870
3839
3871
3840
3872
3841
3873
3842
3874
3843
3875
3844
3876
3845
3877
3846
3878
3847
3879
3848
3880
3849
3881
3850
3882
3851
3883
3852
3884
3853
3885
3854
3886
3855
3887
3856
3888
3857
3889
3858
3890
3859
3891
3860
3892
3861
3893
3862
3894
3863
3895
3864
3896
3865
3897
3866
3898
3867
3899
3868
3900
3901
3870
3902
3871
3903
3872
3904
3873
3905
3874
3906
3875
3907
3876
3908
3877
3909
3878
3910
3879
3911
3880
3912
3881
3913
3882
3914
3883
3915
3884
3916
3885
3917
3886
3918
3887
3919
3888
3920
3889
3921
3890
3922
3891
3923
3892
3924
3893
3925
3894
3926
3895
3927
3896
3928
3897
3929
3898
3930
3899
3931
3900
3932
3901
3933
3934
3903
3935
3904
3936
3905
3937
3906
3938
3907
3939
3908
3940
3909
3941
3910
3942
3911
3943
3912
3944
3913
3945
3914
3946
3915
3947
3916
3948
3917
3949
3918
3950
3919
3951
3920
3952
3921
3953
3922
3954
3923
3955
3924
3956
3925
3957
3926
3958
3927
3959
3928
3960
3929
3961
3930
3962
3931
3963
3932
3964
3933
3965
3934
3966
3967
3936
3968
3937
3969
3938
3970
3939
3971
3940
3972
3941
3973
3942
3974
3943
3975
3944
3976
3945
3977
3946
3978
3947
3979
3948
3980
3949
3981
3950
3982
3951
3983
3952
3984
3953
3985
3954
3986
3955
3987
3956
3988
3957
3989
3958
3990
3959
3991
3960
3992
3961
3993
3962
3994
3963
3995
3964
3996
3965
3997
3966
3998
3967
3999
4000
3969
4001
3970
4002
3971
4003
3972
4004
3973
4005
3974
4006
3975
4007
3976
4008
3977
4009
3978
4010
3979
4011
3980
4012
3981
4013
3982
4014
3983
4015
3984
4016
3985
4017
3986
4018
3987
4019
3988
4020
3989
4021
3990
4022
3991
4023
3992
4024
3993
4025
3994
4026
3995
4027
3996
4028
3997
4029
3998
4030
3999
4031
4000
4032
4033
4002
4034
4003
4035
4004
4036
4005
4037
4006
4038
4007
4039
4008
4040
4009
4041
4010
4042
4011
4043
4012
4044
4013
4045
4014
4046
4015
4047
4016
4048
4017
4049
4018
4050
4019
4051
4020
4052
4021
4053
4022
4054
4023
4055
4024
4056
4025
4057
4026
4058
4027
4059
4028
4060
4029
4061
4030
4062
4031
4063
4032
4064
4033
4065
4066
4035
4067
4036
4068
4037
4069
4038
4070
4039
4071
4040
4072
4041
4073
4042
4074
4043
4075
4044
4076
4045
4077
4046
4078
4047
4079
4048
4080
4049
4081
4050
4082
4051
4083
4052
4084
4053
4085
4054
4086
4055
4087
4056
4088
4057
4089
4058
4090
4059
4091
4060
4092
4061
4093
4062
4094
4063
4095
4064
4096
4065
4097
4066
4098
4099
4068
4069
4070
4071
4072
4073
4074
4075
4076
4077
4078
4079
4080
4081
4082
4083
4084
4085
4086
4087
4088
4089
4090
4091
4092
4093
4094
4095
4096
4097
4098
4099
)


// ************************************************************************* //
