/*--------------------------------*- C++ -*----------------------------------*\
| =========                 |                                                 |
| \\      /  F ield         | OpenFOAM: The Open Source CFD Toolbox           |
|  \\    /   O peration     | Version:  2412                                  |
|   \\  /    A nd           | Website:  www.openfoam.com                      |
|    \\/     M anipulation  |                                                 |
\*---------------------------------------------------------------------------*/
FoamFile
{
    version     2.0;
    format      ascii;
    arch        "LSB;label=32;scalar=64";
    note        "nPoints:2652  nCells:1250  nFaces:5075  nInternalFaces:2425";
    class       labelList;
    location    "constant/polyMesh";
    object      owner;
}
// * * * * * * * * * * * * * * * * * * * * * * * * * * * * * * * * * * * * * //


5075
(
0
0
1
1
2
2
3
3
4
4
5
5
6
6
7
7
8
8
9
9
10
10
11
11
12
12
13
13
14
14
15
15
16
16
17
17
18
18
19
19
20
20
21
21
22
22
23
23
24
24
25
25
26
26
27
27
28
28
29
29
30
30
31
31
32
32
33
33
34
34
35
35
36
36
37
37
38
38
39
39
40
40
41
41
42
42
43
43
44
44
45
45
46
46
47
47
48
48
49
49
50
50
51
51
52
52
53
53
54
54
55
55
56
56
57
57
58
58
59
59
60
60
61
61
62
62
63
63
64
64
65
65
66
66
67
67
68
68
69
69
70
70
71
71
72
72
73
73
74
74
75
75
76
76
77
77
78
78
79
79
80
80
81
81
82
82
83
83
84
84
85
85
86
86
87
87
88
88
89
89
90
90
91
91
92
92
93
93
94
94
95
95
96
96
97
97
98
98
99
99
100
100
101
101
102
102
103
103
104
104
105
105
106
106
107
107
108
108
109
109
110
110
111
111
112
112
113
113
114
114
115
115
116
116
117
117
118
118
119
119
120
120
121
121
122
122
123
123
124
124
125
125
126
126
127
127
128
128
129
129
130
130
131
131
132
132
133
133
134
134
135
135
136
136
137
137
138
138
139
139
140
140
141
141
142
142
143
143
144
144
145
145
146
146
147
147
148
148
149
149
150
150
151
151
152
152
153
153
154
154
155
155
156
156
157
157
158
158
159
159
160
160
161
161
162
162
163
163
164
164
165
165
166
166
167
167
168
168
169
169
170
170
171
171
172
172
173
173
174
174
175
175
176
176
177
177
178
178
179
179
180
180
181
181
182
182
183
183
184
184
185
185
186
186
187
187
188
188
189
189
190
190
191
191
192
192
193
193
194
194
195
195
196
196
197
197
198
198
199
199
200
200
201
201
202
202
203
203
204
204
205
205
206
206
207
207
208
208
209
209
210
210
211
211
212
212
213
213
214
214
215
215
216
216
217
217
218
218
219
219
220
220
221
221
222
222
223
223
224
224
225
225
226
226
227
227
228
228
229
229
230
230
231
231
232
232
233
233
234
234
235
235
236
236
237
237
238
238
239
239
240
240
241
241
242
242
243
243
244
244
245
245
246
246
247
247
248
248
249
249
250
250
251
251
252
252
253
253
254
254
255
255
256
256
257
257
258
258
259
259
260
260
261
261
262
262
263
263
264
264
265
265
266
266
267
267
268
268
269
269
270
270
271
271
272
272
273
273
274
274
275
275
276
276
277
277
278
278
279
279
280
280
281
281
282
282
283
283
284
284
285
285
286
286
287
287
288
288
289
289
290
290
291
291
292
292
293
293
294
294
295
295
296
296
297
297
298
298
299
299
300
300
301
301
302
302
303
303
304
304
305
305
306
306
307
307
308
308
309
309
310
310
311
311
312
312
313
313
314
314
315
315
316
316
317
317
318
318
319
319
320
320
321
321
322
322
323
323
324
324
325
325
326
326
327
327
328
328
329
329
330
330
331
331
332
332
333
333
334
334
335
335
336
336
337
337
338
338
339
339
340
340
341
341
342
342
343
343
344
344
345
345
346
346
347
347
348
348
349
349
350
350
351
351
352
352
353
353
354
354
355
355
356
356
357
357
358
358
359
359
360
360
361
361
362
362
363
363
364
364
365
365
366
366
367
367
368
368
369
369
370
370
371
371
372
372
373
373
374
374
375
375
376
376
377
377
378
378
379
379
380
380
381
381
382
382
383
383
384
384
385
385
386
386
387
387
388
388
389
389
390
390
391
391
392
392
393
393
394
394
395
395
396
396
397
397
398
398
399
399
400
400
401
401
402
402
403
403
404
404
405
405
406
406
407
407
408
409
410
411
412
413
414
415
416
417
418
419
420
421
422
423
424
425
425
426
426
427
427
428
428
429
429
430
430
431
431
432
432
433
433
434
434
435
435
436
436
437
437
438
438
439
439
440
440
441
441
442
442
443
443
444
444
445
445
446
446
447
447
448
448
449
449
450
450
451
451
452
452
453
453
454
454
455
455
456
456
457
458
458
459
459
460
460
461
461
462
462
463
463
464
464
465
465
466
466
467
467
468
468
469
469
470
470
471
471
472
472
473
473
474
474
475
475
476
476
477
477
478
478
479
479
480
480
481
481
482
482
483
483
484
484
485
485
486
486
487
487
488
488
489
489
490
491
491
492
492
493
493
494
494
495
495
496
496
497
497
498
498
499
499
500
500
501
501
502
502
503
503
504
504
505
505
506
506
507
507
508
508
509
509
510
510
511
511
512
512
513
513
514
514
515
515
516
516
517
517
518
518
519
519
520
520
521
521
522
522
523
524
524
525
525
526
526
527
527
528
528
529
529
530
530
531
531
532
532
533
533
534
534
535
535
536
536
537
537
538
538
539
539
540
540
541
541
542
542
543
543
544
544
545
545
546
546
547
547
548
548
549
549
550
550
551
551
552
552
553
553
554
554
555
555
556
557
557
558
558
559
559
560
560
561
561
562
562
563
563
564
564
565
565
566
566
567
567
568
568
569
569
570
570
571
571
572
572
573
573
574
574
575
575
576
576
577
577
578
578
579
579
580
580
581
581
582
582
583
583
584
584
585
585
586
586
587
587
588
588
589
590
590
591
591
592
592
593
593
594
594
595
595
596
596
597
597
598
598
599
599
600
600
601
601
602
602
603
603
604
604
605
605
606
606
607
607
608
608
609
609
610
610
611
611
612
612
613
613
614
614
615
615
616
616
617
617
618
618
619
619
620
620
621
621
622
623
623
624
624
625
625
626
626
627
627
628
628
629
629
630
630
631
631
632
632
633
633
634
634
635
635
636
636
637
637
638
638
639
639
640
640
641
641
642
642
643
643
644
644
645
645
646
646
647
647
648
648
649
649
650
650
651
651
652
652
653
653
654
654
655
656
656
657
657
658
658
659
659
660
660
661
661
662
662
663
663
664
664
665
665
666
666
667
667
668
668
669
669
670
670
671
671
672
672
673
673
674
674
675
675
676
676
677
677
678
678
679
679
680
680
681
681
682
682
683
683
684
684
685
685
686
686
687
687
688
689
689
690
690
691
691
692
692
693
693
694
694
695
695
696
696
697
697
698
698
699
699
700
700
701
701
702
702
703
703
704
704
705
705
706
706
707
707
708
708
709
709
710
710
711
711
712
712
713
713
714
714
715
715
716
716
717
717
718
718
719
719
720
720
721
722
722
723
723
724
724
725
725
726
726
727
727
728
728
729
729
730
730
731
731
732
732
733
733
734
734
735
735
736
736
737
737
738
738
739
739
740
740
741
741
742
742
743
743
744
744
745
745
746
746
747
747
748
748
749
749
750
750
751
751
752
752
753
753
754
755
755
756
756
757
757
758
758
759
759
760
760
761
761
762
762
763
763
764
764
765
765
766
766
767
767
768
768
769
769
770
770
771
771
772
772
773
773
774
774
775
775
776
776
777
777
778
778
779
779
780
780
781
781
782
782
783
783
784
784
785
785
786
786
787
788
788
789
789
790
790
791
791
792
792
793
793
794
794
795
795
796
796
797
797
798
798
799
799
800
800
801
801
802
802
803
803
804
804
805
805
806
806
807
807
808
808
809
809
810
810
811
811
812
812
813
813
814
814
815
815
816
816
817
817
818
818
819
819
820
821
821
822
822
823
823
824
824
825
825
826
826
827
827
828
828
829
829
830
830
831
831
832
832
833
833
834
834
835
835
836
836
837
837
838
838
839
839
840
840
841
841
842
842
843
843
844
844
845
845
846
846
847
847
848
848
849
849
850
850
851
851
852
852
853
854
854
855
855
856
856
857
857
858
858
859
859
860
860
861
861
862
862
863
863
864
864
865
865
866
866
867
867
868
868
869
869
870
870
871
871
872
872
873
873
874
874
875
875
876
876
877
877
878
878
879
879
880
880
881
881
882
882
883
883
884
884
885
885
886
887
887
888
888
889
889
890
890
891
891
892
892
893
893
894
894
895
895
896
896
897
897
898
898
899
899
900
900
901
901
902
902
903
903
904
904
905
905
906
906
907
907
908
908
909
909
910
910
911
911
912
912
913
913
914
914
915
915
916
916
917
917
918
918
919
920
920
921
921
922
922
923
923
924
924
925
925
926
926
927
927
928
928
929
929
930
930
931
931
932
932
933
933
934
934
935
935
936
936
937
937
938
938
939
939
940
940
941
941
942
942
943
943
944
944
945
945
946
946
947
947
948
948
949
949
950
950
951
951
952
953
953
954
954
955
955
956
956
957
957
958
958
959
959
960
960
961
961
962
962
963
963
964
964
965
965
966
966
967
967
968
968
969
969
970
970
971
971
972
972
973
973
974
974
975
975
976
976
977
977
978
978
979
979
980
980
981
981
982
982
983
983
984
984
985
986
986
987
987
988
988
989
989
990
990
991
991
992
992
993
993
994
994
995
995
996
996
997
997
998
998
999
999
1000
1000
1001
1001
1002
1002
1003
1003
1004
1004
1005
1005
1006
1006
1007
1007
1008
1008
1009
1009
1010
1010
1011
1011
1012
1012
1013
1013
1014
1014
1015
1015
1016
1016
1017
1017
1018
1019
1019
1020
1020
1021
1021
1022
1022
1023
1023
1024
1024
1025
1025
1026
1026
1027
1027
1028
1028
1029
1029
1030
1030
1031
1031
1032
1032
1033
1033
1034
1034
1035
1035
1036
1036
1037
1037
1038
1038
1039
1039
1040
1040
1041
1041
1042
1042
1043
1043
1044
1044
1045
1045
1046
1046
1047
1047
1048
1048
1049
1049
1050
1050
1051
1052
1052
1053
1053
1054
1054
1055
1055
1056
1056
1057
1057
1058
1058
1059
1059
1060
1060
1061
1061
1062
1062
1063
1063
1064
1064
1065
1065
1066
1066
1067
1067
1068
1068
1069
1069
1070
1070
1071
1071
1072
1072
1073
1073
1074
1074
1075
1075
1076
1076
1077
1077
1078
1078
1079
1079
1080
1080
1081
1081
1082
1082
1083
1083
1084
1085
1085
1086
1086
1087
1087
1088
1088
1089
1089
1090
1090
1091
1091
1092
1092
1093
1093
1094
1094
1095
1095
1096
1096
1097
1097
1098
1098
1099
1099
1100
1100
1101
1101
1102
1102
1103
1103
1104
1104
1105
1105
1106
1106
1107
1107
1108
1108
1109
1109
1110
1110
1111
1111
1112
1112
1113
1113
1114
1114
1115
1115
1116
1116
1117
1118
1118
1119
1119
1120
1120
1121
1121
1122
1122
1123
1123
1124
1124
1125
1125
1126
1126
1127
1127
1128
1128
1129
1129
1130
1130
1131
1131
1132
1132
1133
1133
1134
1134
1135
1135
1136
1136
1137
1137
1138
1138
1139
1139
1140
1140
1141
1141
1142
1142
1143
1143
1144
1144
1145
1145
1146
1146
1147
1147
1148
1148
1149
1149
1150
1151
1151
1152
1152
1153
1153
1154
1154
1155
1155
1156
1156
1157
1157
1158
1158
1159
1159
1160
1160
1161
1161
1162
1162
1163
1163
1164
1164
1165
1165
1166
1166
1167
1167
1168
1168
1169
1169
1170
1170
1171
1171
1172
1172
1173
1173
1174
1174
1175
1175
1176
1176
1177
1177
1178
1178
1179
1179
1180
1180
1181
1181
1182
1182
1183
1184
1184
1185
1185
1186
1186
1187
1187
1188
1188
1189
1189
1190
1190
1191
1191
1192
1192
1193
1193
1194
1194
1195
1195
1196
1196
1197
1197
1198
1198
1199
1199
1200
1200
1201
1201
1202
1202
1203
1203
1204
1204
1205
1205
1206
1206
1207
1207
1208
1208
1209
1209
1210
1210
1211
1211
1212
1212
1213
1213
1214
1214
1215
1215
1216
1217
1218
1219
1220
1221
1222
1223
1224
1225
1226
1227
1228
1229
1230
1231
1232
1233
1234
1235
1236
1237
1238
1239
1240
1241
1242
1243
1244
1245
1246
1247
1248
0
17
34
51
68
85
102
119
136
153
170
187
204
221
238
255
272
289
306
323
340
357
374
391
408
0
1
2
3
4
5
6
7
8
9
10
11
12
13
14
15
16
425
426
427
428
429
430
431
432
433
434
435
436
437
438
439
440
441
442
443
444
445
446
447
448
449
450
451
452
453
454
455
456
457
408
409
410
411
412
413
414
415
416
417
418
419
420
421
422
423
424
1217
1218
1219
1220
1221
1222
1223
1224
1225
1226
1227
1228
1229
1230
1231
1232
1233
1234
1235
1236
1237
1238
1239
1240
1241
1242
1243
1244
1245
1246
1247
1248
1249
0
17
34
51
68
85
102
119
136
153
170
187
204
221
238
255
272
289
306
323
340
357
374
391
408
1
18
35
52
69
86
103
120
137
154
171
188
205
222
239
256
273
290
307
324
341
358
375
392
409
2
19
36
53
70
87
104
121
138
155
172
189
206
223
240
257
274
291
308
325
342
359
376
393
410
3
20
37
54
71
88
105
122
139
156
173
190
207
224
241
258
275
292
309
326
343
360
377
394
411
4
21
38
55
72
89
106
123
140
157
174
191
208
225
242
259
276
293
310
327
344
361
378
395
412
5
22
39
56
73
90
107
124
141
158
175
192
209
226
243
260
277
294
311
328
345
362
379
396
413
6
23
40
57
74
91
108
125
142
159
176
193
210
227
244
261
278
295
312
329
346
363
380
397
414
7
24
41
58
75
92
109
126
143
160
177
194
211
228
245
262
279
296
313
330
347
364
381
398
415
8
25
42
59
76
93
110
127
144
161
178
195
212
229
246
263
280
297
314
331
348
365
382
399
416
9
26
43
60
77
94
111
128
145
162
179
196
213
230
247
264
281
298
315
332
349
366
383
400
417
10
27
44
61
78
95
112
129
146
163
180
197
214
231
248
265
282
299
316
333
350
367
384
401
418
11
28
45
62
79
96
113
130
147
164
181
198
215
232
249
266
283
300
317
334
351
368
385
402
419
12
29
46
63
80
97
114
131
148
165
182
199
216
233
250
267
284
301
318
335
352
369
386
403
420
13
30
47
64
81
98
115
132
149
166
183
200
217
234
251
268
285
302
319
336
353
370
387
404
421
14
31
48
65
82
99
116
133
150
167
184
201
218
235
252
269
286
303
320
337
354
371
388
405
422
15
32
49
66
83
100
117
134
151
168
185
202
219
236
253
270
287
304
321
338
355
372
389
406
423
16
33
50
67
84
101
118
135
152
169
186
203
220
237
254
271
288
305
322
339
356
373
390
407
424
425
458
491
524
557
590
623
656
689
722
755
788
821
854
887
920
953
986
1019
1052
1085
1118
1151
1184
1217
426
459
492
525
558
591
624
657
690
723
756
789
822
855
888
921
954
987
1020
1053
1086
1119
1152
1185
1218
427
460
493
526
559
592
625
658
691
724
757
790
823
856
889
922
955
988
1021
1054
1087
1120
1153
1186
1219
428
461
494
527
560
593
626
659
692
725
758
791
824
857
890
923
956
989
1022
1055
1088
1121
1154
1187
1220
429
462
495
528
561
594
627
660
693
726
759
792
825
858
891
924
957
990
1023
1056
1089
1122
1155
1188
1221
430
463
496
529
562
595
628
661
694
727
760
793
826
859
892
925
958
991
1024
1057
1090
1123
1156
1189
1222
431
464
497
530
563
596
629
662
695
728
761
794
827
860
893
926
959
992
1025
1058
1091
1124
1157
1190
1223
432
465
498
531
564
597
630
663
696
729
762
795
828
861
894
927
960
993
1026
1059
1092
1125
1158
1191
1224
433
466
499
532
565
598
631
664
697
730
763
796
829
862
895
928
961
994
1027
1060
1093
1126
1159
1192
1225
434
467
500
533
566
599
632
665
698
731
764
797
830
863
896
929
962
995
1028
1061
1094
1127
1160
1193
1226
435
468
501
534
567
600
633
666
699
732
765
798
831
864
897
930
963
996
1029
1062
1095
1128
1161
1194
1227
436
469
502
535
568
601
634
667
700
733
766
799
832
865
898
931
964
997
1030
1063
1096
1129
1162
1195
1228
437
470
503
536
569
602
635
668
701
734
767
800
833
866
899
932
965
998
1031
1064
1097
1130
1163
1196
1229
438
471
504
537
570
603
636
669
702
735
768
801
834
867
900
933
966
999
1032
1065
1098
1131
1164
1197
1230
439
472
505
538
571
604
637
670
703
736
769
802
835
868
901
934
967
1000
1033
1066
1099
1132
1165
1198
1231
440
473
506
539
572
605
638
671
704
737
770
803
836
869
902
935
968
1001
1034
1067
1100
1133
1166
1199
1232
441
474
507
540
573
606
639
672
705
738
771
804
837
870
903
936
969
1002
1035
1068
1101
1134
1167
1200
1233
442
475
508
541
574
607
640
673
706
739
772
805
838
871
904
937
970
1003
1036
1069
1102
1135
1168
1201
1234
443
476
509
542
575
608
641
674
707
740
773
806
839
872
905
938
971
1004
1037
1070
1103
1136
1169
1202
1235
444
477
510
543
576
609
642
675
708
741
774
807
840
873
906
939
972
1005
1038
1071
1104
1137
1170
1203
1236
445
478
511
544
577
610
643
676
709
742
775
808
841
874
907
940
973
1006
1039
1072
1105
1138
1171
1204
1237
446
479
512
545
578
611
644
677
710
743
776
809
842
875
908
941
974
1007
1040
1073
1106
1139
1172
1205
1238
447
480
513
546
579
612
645
678
711
744
777
810
843
876
909
942
975
1008
1041
1074
1107
1140
1173
1206
1239
448
481
514
547
580
613
646
679
712
745
778
811
844
877
910
943
976
1009
1042
1075
1108
1141
1174
1207
1240
449
482
515
548
581
614
647
680
713
746
779
812
845
878
911
944
977
1010
1043
1076
1109
1142
1175
1208
1241
450
483
516
549
582
615
648
681
714
747
780
813
846
879
912
945
978
1011
1044
1077
1110
1143
1176
1209
1242
451
484
517
550
583
616
649
682
715
748
781
814
847
880
913
946
979
1012
1045
1078
1111
1144
1177
1210
1243
452
485
518
551
584
617
650
683
716
749
782
815
848
881
914
947
980
1013
1046
1079
1112
1145
1178
1211
1244
453
486
519
552
585
618
651
684
717
750
783
816
849
882
915
948
981
1014
1047
1080
1113
1146
1179
1212
1245
454
487
520
553
586
619
652
685
718
751
784
817
850
883
916
949
982
1015
1048
1081
1114
1147
1180
1213
1246
455
488
521
554
587
620
653
686
719
752
785
818
851
884
917
950
983
1016
1049
1082
1115
1148
1181
1214
1247
456
489
522
555
588
621
654
687
720
753
786
819
852
885
918
951
984
1017
1050
1083
1116
1149
1182
1215
1248
457
490
523
556
589
622
655
688
721
754
787
820
853
886
919
952
985
1018
1051
1084
1117
1150
1183
1216
1249
0
17
34
51
68
85
102
119
136
153
170
187
204
221
238
255
272
289
306
323
340
357
374
391
408
1
18
35
52
69
86
103
120
137
154
171
188
205
222
239
256
273
290
307
324
341
358
375
392
409
2
19
36
53
70
87
104
121
138
155
172
189
206
223
240
257
274
291
308
325
342
359
376
393
410
3
20
37
54
71
88
105
122
139
156
173
190
207
224
241
258
275
292
309
326
343
360
377
394
411
4
21
38
55
72
89
106
123
140
157
174
191
208
225
242
259
276
293
310
327
344
361
378
395
412
5
22
39
56
73
90
107
124
141
158
175
192
209
226
243
260
277
294
311
328
345
362
379
396
413
6
23
40
57
74
91
108
125
142
159
176
193
210
227
244
261
278
295
312
329
346
363
380
397
414
7
24
41
58
75
92
109
126
143
160
177
194
211
228
245
262
279
296
313
330
347
364
381
398
415
8
25
42
59
76
93
110
127
144
161
178
195
212
229
246
263
280
297
314
331
348
365
382
399
416
9
26
43
60
77
94
111
128
145
162
179
196
213
230
247
264
281
298
315
332
349
366
383
400
417
10
27
44
61
78
95
112
129
146
163
180
197
214
231
248
265
282
299
316
333
350
367
384
401
418
11
28
45
62
79
96
113
130
147
164
181
198
215
232
249
266
283
300
317
334
351
368
385
402
419
12
29
46
63
80
97
114
131
148
165
182
199
216
233
250
267
284
301
318
335
352
369
386
403
420
13
30
47
64
81
98
115
132
149
166
183
200
217
234
251
268
285
302
319
336
353
370
387
404
421
14
31
48
65
82
99
116
133
150
167
184
201
218
235
252
269
286
303
320
337
354
371
388
405
422
15
32
49
66
83
100
117
134
151
168
185
202
219
236
253
270
287
304
321
338
355
372
389
406
423
16
33
50
67
84
101
118
135
152
169
186
203
220
237
254
271
288
305
322
339
356
373
390
407
424
425
458
491
524
557
590
623
656
689
722
755
788
821
854
887
920
953
986
1019
1052
1085
1118
1151
1184
1217
426
459
492
525
558
591
624
657
690
723
756
789
822
855
888
921
954
987
1020
1053
1086
1119
1152
1185
1218
427
460
493
526
559
592
625
658
691
724
757
790
823
856
889
922
955
988
1021
1054
1087
1120
1153
1186
1219
428
461
494
527
560
593
626
659
692
725
758
791
824
857
890
923
956
989
1022
1055
1088
1121
1154
1187
1220
429
462
495
528
561
594
627
660
693
726
759
792
825
858
891
924
957
990
1023
1056
1089
1122
1155
1188
1221
430
463
496
529
562
595
628
661
694
727
760
793
826
859
892
925
958
991
1024
1057
1090
1123
1156
1189
1222
431
464
497
530
563
596
629
662
695
728
761
794
827
860
893
926
959
992
1025
1058
1091
1124
1157
1190
1223
432
465
498
531
564
597
630
663
696
729
762
795
828
861
894
927
960
993
1026
1059
1092
1125
1158
1191
1224
433
466
499
532
565
598
631
664
697
730
763
796
829
862
895
928
961
994
1027
1060
1093
1126
1159
1192
1225
434
467
500
533
566
599
632
665
698
731
764
797
830
863
896
929
962
995
1028
1061
1094
1127
1160
1193
1226
435
468
501
534
567
600
633
666
699
732
765
798
831
864
897
930
963
996
1029
1062
1095
1128
1161
1194
1227
436
469
502
535
568
601
634
667
700
733
766
799
832
865
898
931
964
997
1030
1063
1096
1129
1162
1195
1228
437
470
503
536
569
602
635
668
701
734
767
800
833
866
899
932
965
998
1031
1064
1097
1130
1163
1196
1229
438
471
504
537
570
603
636
669
702
735
768
801
834
867
900
933
966
999
1032
1065
1098
1131
1164
1197
1230
439
472
505
538
571
604
637
670
703
736
769
802
835
868
901
934
967
1000
1033
1066
1099
1132
1165
1198
1231
440
473
506
539
572
605
638
671
704
737
770
803
836
869
902
935
968
1001
1034
1067
1100
1133
1166
1199
1232
441
474
507
540
573
606
639
672
705
738
771
804
837
870
903
936
969
1002
1035
1068
1101
1134
1167
1200
1233
442
475
508
541
574
607
640
673
706
739
772
805
838
871
904
937
970
1003
1036
1069
1102
1135
1168
1201
1234
443
476
509
542
575
608
641
674
707
740
773
806
839
872
905
938
971
1004
1037
1070
1103
1136
1169
1202
1235
444
477
510
543
576
609
642
675
708
741
774
807
840
873
906
939
972
1005
1038
1071
1104
1137
1170
1203
1236
445
478
511
544
577
610
643
676
709
742
775
808
841
874
907
940
973
1006
1039
1072
1105
1138
1171
1204
1237
446
479
512
545
578
611
644
677
710
743
776
809
842
875
908
941
974
1007
1040
1073
1106
1139
1172
1205
1238
447
480
513
546
579
612
645
678
711
744
777
810
843
876
909
942
975
1008
1041
1074
1107
1140
1173
1206
1239
448
481
514
547
580
613
646
679
712
745
778
811
844
877
910
943
976
1009
1042
1075
1108
1141
1174
1207
1240
449
482
515
548
581
614
647
680
713
746
779
812
845
878
911
944
977
1010
1043
1076
1109
1142
1175
1208
1241
450
483
516
549
582
615
648
681
714
747
780
813
846
879
912
945
978
1011
1044
1077
1110
1143
1176
1209
1242
451
484
517
550
583
616
649
682
715
748
781
814
847
880
913
946
979
1012
1045
1078
1111
1144
1177
1210
1243
452
485
518
551
584
617
650
683
716
749
782
815
848
881
914
947
980
1013
1046
1079
1112
1145
1178
1211
1244
453
486
519
552
585
618
651
684
717
750
783
816
849
882
915
948
981
1014
1047
1080
1113
1146
1179
1212
1245
454
487
520
553
586
619
652
685
718
751
784
817
850
883
916
949
982
1015
1048
1081
1114
1147
1180
1213
1246
455
488
521
554
587
620
653
686
719
752
785
818
851
884
917
950
983
1016
1049
1082
1115
1148
1181
1214
1247
456
489
522
555
588
621
654
687
720
753
786
819
852
885
918
951
984
1017
1050
1083
1116
1149
1182
1215
1248
457
490
523
556
589
622
655
688
721
754
787
820
853
886
919
952
985
1018
1051
1084
1117
1150
1183
1216
1249
457
490
523
556
589
622
655
688
721
754
787
820
853
886
919
952
985
1018
1051
1084
1117
1150
1183
1216
1249
)


// ************************************************************************* //
