/*--------------------------------*- C++ -*----------------------------------*\
| =========                 |                                                 |
| \\      /  F ield         | OpenFOAM: The Open Source CFD Toolbox           |
|  \\    /   O peration     | Version:  2412                                  |
|   \\  /    A nd           | Website:  www.openfoam.com                      |
|    \\/     M anipulation  |                                                 |
\*---------------------------------------------------------------------------*/
FoamFile
{
    version     2.0;
    format      ascii;
    arch        "LSB;label=32;scalar=64";
    class       vectorField;
    location    "constant/polyMesh";
    object      points;
}
// * * * * * * * * * * * * * * * * * * * * * * * * * * * * * * * * * * * * * //


2652
(
(0 0 0)
(0.02941176471 0 0)
(0.05882352941 0 0)
(0.08823529412 0 0)
(0.1176470588 0 0)
(0.1470588235 0 0)
(0.1764705882 0 0)
(0.2058823529 0 0)
(0.2352941176 0 0)
(0.2647058824 0 0)
(0.2941176471 0 0)
(0.3235294118 0 0)
(0.3529411765 0 0)
(0.3823529412 0 0)
(0.4117647059 0 0)
(0.4411764706 0 0)
(0.4705882353 0 0)
(0.5 0 0)
(0 0.068 0)
(0.02941176471 0.068 0)
(0.05882352941 0.068 0)
(0.08823529412 0.068 0)
(0.1176470588 0.068 0)
(0.1470588235 0.068 0)
(0.1764705882 0.068 0)
(0.2058823529 0.068 0)
(0.2352941176 0.068 0)
(0.2647058824 0.068 0)
(0.2941176471 0.068 0)
(0.3235294118 0.068 0)
(0.3529411765 0.068 0)
(0.3823529412 0.068 0)
(0.4117647059 0.068 0)
(0.4411764706 0.068 0)
(0.4705882353 0.068 0)
(0.5 0.068 0)
(0 0.136 0)
(0.02941176471 0.136 0)
(0.05882352941 0.136 0)
(0.08823529412 0.136 0)
(0.1176470588 0.136 0)
(0.1470588235 0.136 0)
(0.1764705882 0.136 0)
(0.2058823529 0.136 0)
(0.2352941176 0.136 0)
(0.2647058824 0.136 0)
(0.2941176471 0.136 0)
(0.3235294118 0.136 0)
(0.3529411765 0.136 0)
(0.3823529412 0.136 0)
(0.4117647059 0.136 0)
(0.4411764706 0.136 0)
(0.4705882353 0.136 0)
(0.5 0.136 0)
(0 0.204 0)
(0.02941176471 0.204 0)
(0.05882352941 0.204 0)
(0.08823529412 0.204 0)
(0.1176470588 0.204 0)
(0.1470588235 0.204 0)
(0.1764705882 0.204 0)
(0.2058823529 0.204 0)
(0.2352941176 0.204 0)
(0.2647058824 0.204 0)
(0.2941176471 0.204 0)
(0.3235294118 0.204 0)
(0.3529411765 0.204 0)
(0.3823529412 0.204 0)
(0.4117647059 0.204 0)
(0.4411764706 0.204 0)
(0.4705882353 0.204 0)
(0.5 0.204 0)
(0 0.272 0)
(0.02941176471 0.272 0)
(0.05882352941 0.272 0)
(0.08823529412 0.272 0)
(0.1176470588 0.272 0)
(0.1470588235 0.272 0)
(0.1764705882 0.272 0)
(0.2058823529 0.272 0)
(0.2352941176 0.272 0)
(0.2647058824 0.272 0)
(0.2941176471 0.272 0)
(0.3235294118 0.272 0)
(0.3529411765 0.272 0)
(0.3823529412 0.272 0)
(0.4117647059 0.272 0)
(0.4411764706 0.272 0)
(0.4705882353 0.272 0)
(0.5 0.272 0)
(0 0.34 0)
(0.02941176471 0.34 0)
(0.05882352941 0.34 0)
(0.08823529412 0.34 0)
(0.1176470588 0.34 0)
(0.1470588235 0.34 0)
(0.1764705882 0.34 0)
(0.2058823529 0.34 0)
(0.2352941176 0.34 0)
(0.2647058824 0.34 0)
(0.2941176471 0.34 0)
(0.3235294118 0.34 0)
(0.3529411765 0.34 0)
(0.3823529412 0.34 0)
(0.4117647059 0.34 0)
(0.4411764706 0.34 0)
(0.4705882353 0.34 0)
(0.5 0.34 0)
(0 0.408 0)
(0.02941176471 0.408 0)
(0.05882352941 0.408 0)
(0.08823529412 0.408 0)
(0.1176470588 0.408 0)
(0.1470588235 0.408 0)
(0.1764705882 0.408 0)
(0.2058823529 0.408 0)
(0.2352941176 0.408 0)
(0.2647058824 0.408 0)
(0.2941176471 0.408 0)
(0.3235294118 0.408 0)
(0.3529411765 0.408 0)
(0.3823529412 0.408 0)
(0.4117647059 0.408 0)
(0.4411764706 0.408 0)
(0.4705882353 0.408 0)
(0.5 0.408 0)
(0 0.476 0)
(0.02941176471 0.476 0)
(0.05882352941 0.476 0)
(0.08823529412 0.476 0)
(0.1176470588 0.476 0)
(0.1470588235 0.476 0)
(0.1764705882 0.476 0)
(0.2058823529 0.476 0)
(0.2352941176 0.476 0)
(0.2647058824 0.476 0)
(0.2941176471 0.476 0)
(0.3235294118 0.476 0)
(0.3529411765 0.476 0)
(0.3823529412 0.476 0)
(0.4117647059 0.476 0)
(0.4411764706 0.476 0)
(0.4705882353 0.476 0)
(0.5 0.476 0)
(0 0.544 0)
(0.02941176471 0.544 0)
(0.05882352941 0.544 0)
(0.08823529412 0.544 0)
(0.1176470588 0.544 0)
(0.1470588235 0.544 0)
(0.1764705882 0.544 0)
(0.2058823529 0.544 0)
(0.2352941176 0.544 0)
(0.2647058824 0.544 0)
(0.2941176471 0.544 0)
(0.3235294118 0.544 0)
(0.3529411765 0.544 0)
(0.3823529412 0.544 0)
(0.4117647059 0.544 0)
(0.4411764706 0.544 0)
(0.4705882353 0.544 0)
(0.5 0.544 0)
(0 0.612 0)
(0.02941176471 0.612 0)
(0.05882352941 0.612 0)
(0.08823529412 0.612 0)
(0.1176470588 0.612 0)
(0.1470588235 0.612 0)
(0.1764705882 0.612 0)
(0.2058823529 0.612 0)
(0.2352941176 0.612 0)
(0.2647058824 0.612 0)
(0.2941176471 0.612 0)
(0.3235294118 0.612 0)
(0.3529411765 0.612 0)
(0.3823529412 0.612 0)
(0.4117647059 0.612 0)
(0.4411764706 0.612 0)
(0.4705882353 0.612 0)
(0.5 0.612 0)
(0 0.68 0)
(0.02941176471 0.68 0)
(0.05882352941 0.68 0)
(0.08823529412 0.68 0)
(0.1176470588 0.68 0)
(0.1470588235 0.68 0)
(0.1764705882 0.68 0)
(0.2058823529 0.68 0)
(0.2352941176 0.68 0)
(0.2647058824 0.68 0)
(0.2941176471 0.68 0)
(0.3235294118 0.68 0)
(0.3529411765 0.68 0)
(0.3823529412 0.68 0)
(0.4117647059 0.68 0)
(0.4411764706 0.68 0)
(0.4705882353 0.68 0)
(0.5 0.68 0)
(0 0.748 0)
(0.02941176471 0.748 0)
(0.05882352941 0.748 0)
(0.08823529412 0.748 0)
(0.1176470588 0.748 0)
(0.1470588235 0.748 0)
(0.1764705882 0.748 0)
(0.2058823529 0.748 0)
(0.2352941176 0.748 0)
(0.2647058824 0.748 0)
(0.2941176471 0.748 0)
(0.3235294118 0.748 0)
(0.3529411765 0.748 0)
(0.3823529412 0.748 0)
(0.4117647059 0.748 0)
(0.4411764706 0.748 0)
(0.4705882353 0.748 0)
(0.5 0.748 0)
(0 0.816 0)
(0.02941176471 0.816 0)
(0.05882352941 0.816 0)
(0.08823529412 0.816 0)
(0.1176470588 0.816 0)
(0.1470588235 0.816 0)
(0.1764705882 0.816 0)
(0.2058823529 0.816 0)
(0.2352941176 0.816 0)
(0.2647058824 0.816 0)
(0.2941176471 0.816 0)
(0.3235294118 0.816 0)
(0.3529411765 0.816 0)
(0.3823529412 0.816 0)
(0.4117647059 0.816 0)
(0.4411764706 0.816 0)
(0.4705882353 0.816 0)
(0.5 0.816 0)
(0 0.884 0)
(0.02941176471 0.884 0)
(0.05882352941 0.884 0)
(0.08823529412 0.884 0)
(0.1176470588 0.884 0)
(0.1470588235 0.884 0)
(0.1764705882 0.884 0)
(0.2058823529 0.884 0)
(0.2352941176 0.884 0)
(0.2647058824 0.884 0)
(0.2941176471 0.884 0)
(0.3235294118 0.884 0)
(0.3529411765 0.884 0)
(0.3823529412 0.884 0)
(0.4117647059 0.884 0)
(0.4411764706 0.884 0)
(0.4705882353 0.884 0)
(0.5 0.884 0)
(0 0.952 0)
(0.02941176471 0.952 0)
(0.05882352941 0.952 0)
(0.08823529412 0.952 0)
(0.1176470588 0.952 0)
(0.1470588235 0.952 0)
(0.1764705882 0.952 0)
(0.2058823529 0.952 0)
(0.2352941176 0.952 0)
(0.2647058824 0.952 0)
(0.2941176471 0.952 0)
(0.3235294118 0.952 0)
(0.3529411765 0.952 0)
(0.3823529412 0.952 0)
(0.4117647059 0.952 0)
(0.4411764706 0.952 0)
(0.4705882353 0.952 0)
(0.5 0.952 0)
(0 1.02 0)
(0.02941176471 1.02 0)
(0.05882352941 1.02 0)
(0.08823529412 1.02 0)
(0.1176470588 1.02 0)
(0.1470588235 1.02 0)
(0.1764705882 1.02 0)
(0.2058823529 1.02 0)
(0.2352941176 1.02 0)
(0.2647058824 1.02 0)
(0.2941176471 1.02 0)
(0.3235294118 1.02 0)
(0.3529411765 1.02 0)
(0.3823529412 1.02 0)
(0.4117647059 1.02 0)
(0.4411764706 1.02 0)
(0.4705882353 1.02 0)
(0.5 1.02 0)
(0 1.088 0)
(0.02941176471 1.088 0)
(0.05882352941 1.088 0)
(0.08823529412 1.088 0)
(0.1176470588 1.088 0)
(0.1470588235 1.088 0)
(0.1764705882 1.088 0)
(0.2058823529 1.088 0)
(0.2352941176 1.088 0)
(0.2647058824 1.088 0)
(0.2941176471 1.088 0)
(0.3235294118 1.088 0)
(0.3529411765 1.088 0)
(0.3823529412 1.088 0)
(0.4117647059 1.088 0)
(0.4411764706 1.088 0)
(0.4705882353 1.088 0)
(0.5 1.088 0)
(0 1.156 0)
(0.02941176471 1.156 0)
(0.05882352941 1.156 0)
(0.08823529412 1.156 0)
(0.1176470588 1.156 0)
(0.1470588235 1.156 0)
(0.1764705882 1.156 0)
(0.2058823529 1.156 0)
(0.2352941176 1.156 0)
(0.2647058824 1.156 0)
(0.2941176471 1.156 0)
(0.3235294118 1.156 0)
(0.3529411765 1.156 0)
(0.3823529412 1.156 0)
(0.4117647059 1.156 0)
(0.4411764706 1.156 0)
(0.4705882353 1.156 0)
(0.5 1.156 0)
(0 1.224 0)
(0.02941176471 1.224 0)
(0.05882352941 1.224 0)
(0.08823529412 1.224 0)
(0.1176470588 1.224 0)
(0.1470588235 1.224 0)
(0.1764705882 1.224 0)
(0.2058823529 1.224 0)
(0.2352941176 1.224 0)
(0.2647058824 1.224 0)
(0.2941176471 1.224 0)
(0.3235294118 1.224 0)
(0.3529411765 1.224 0)
(0.3823529412 1.224 0)
(0.4117647059 1.224 0)
(0.4411764706 1.224 0)
(0.4705882353 1.224 0)
(0.5 1.224 0)
(0 1.292 0)
(0.02941176471 1.292 0)
(0.05882352941 1.292 0)
(0.08823529412 1.292 0)
(0.1176470588 1.292 0)
(0.1470588235 1.292 0)
(0.1764705882 1.292 0)
(0.2058823529 1.292 0)
(0.2352941176 1.292 0)
(0.2647058824 1.292 0)
(0.2941176471 1.292 0)
(0.3235294118 1.292 0)
(0.3529411765 1.292 0)
(0.3823529412 1.292 0)
(0.4117647059 1.292 0)
(0.4411764706 1.292 0)
(0.4705882353 1.292 0)
(0.5 1.292 0)
(0 1.36 0)
(0.02941176471 1.36 0)
(0.05882352941 1.36 0)
(0.08823529412 1.36 0)
(0.1176470588 1.36 0)
(0.1470588235 1.36 0)
(0.1764705882 1.36 0)
(0.2058823529 1.36 0)
(0.2352941176 1.36 0)
(0.2647058824 1.36 0)
(0.2941176471 1.36 0)
(0.3235294118 1.36 0)
(0.3529411765 1.36 0)
(0.3823529412 1.36 0)
(0.4117647059 1.36 0)
(0.4411764706 1.36 0)
(0.4705882353 1.36 0)
(0.5 1.36 0)
(0 1.428 0)
(0.02941176471 1.428 0)
(0.05882352941 1.428 0)
(0.08823529412 1.428 0)
(0.1176470588 1.428 0)
(0.1470588235 1.428 0)
(0.1764705882 1.428 0)
(0.2058823529 1.428 0)
(0.2352941176 1.428 0)
(0.2647058824 1.428 0)
(0.2941176471 1.428 0)
(0.3235294118 1.428 0)
(0.3529411765 1.428 0)
(0.3823529412 1.428 0)
(0.4117647059 1.428 0)
(0.4411764706 1.428 0)
(0.4705882353 1.428 0)
(0.5 1.428 0)
(0 1.496 0)
(0.02941176471 1.496 0)
(0.05882352941 1.496 0)
(0.08823529412 1.496 0)
(0.1176470588 1.496 0)
(0.1470588235 1.496 0)
(0.1764705882 1.496 0)
(0.2058823529 1.496 0)
(0.2352941176 1.496 0)
(0.2647058824 1.496 0)
(0.2941176471 1.496 0)
(0.3235294118 1.496 0)
(0.3529411765 1.496 0)
(0.3823529412 1.496 0)
(0.4117647059 1.496 0)
(0.4411764706 1.496 0)
(0.4705882353 1.496 0)
(0.5 1.496 0)
(0 1.564 0)
(0.02941176471 1.564 0)
(0.05882352941 1.564 0)
(0.08823529412 1.564 0)
(0.1176470588 1.564 0)
(0.1470588235 1.564 0)
(0.1764705882 1.564 0)
(0.2058823529 1.564 0)
(0.2352941176 1.564 0)
(0.2647058824 1.564 0)
(0.2941176471 1.564 0)
(0.3235294118 1.564 0)
(0.3529411765 1.564 0)
(0.3823529412 1.564 0)
(0.4117647059 1.564 0)
(0.4411764706 1.564 0)
(0.4705882353 1.564 0)
(0.5 1.564 0)
(0 1.632 0)
(0.02941176471 1.632 0)
(0.05882352941 1.632 0)
(0.08823529412 1.632 0)
(0.1176470588 1.632 0)
(0.1470588235 1.632 0)
(0.1764705882 1.632 0)
(0.2058823529 1.632 0)
(0.2352941176 1.632 0)
(0.2647058824 1.632 0)
(0.2941176471 1.632 0)
(0.3235294118 1.632 0)
(0.3529411765 1.632 0)
(0.3823529412 1.632 0)
(0.4117647059 1.632 0)
(0.4411764706 1.632 0)
(0.4705882353 1.632 0)
(0.5 1.632 0)
(0 1.7 0)
(0.02941176471 1.7 0)
(0.05882352941 1.7 0)
(0.08823529412 1.7 0)
(0.1176470588 1.7 0)
(0.1470588235 1.7 0)
(0.1764705882 1.7 0)
(0.2058823529 1.7 0)
(0.2352941176 1.7 0)
(0.2647058824 1.7 0)
(0.2941176471 1.7 0)
(0.3235294118 1.7 0)
(0.3529411765 1.7 0)
(0.3823529412 1.7 0)
(0.4117647059 1.7 0)
(0.4411764706 1.7 0)
(0.4705882353 1.7 0)
(0.5 1.7 0)
(0 0 1)
(0.02941176471 0 1)
(0.05882352941 0 1)
(0.08823529412 0 1)
(0.1176470588 0 1)
(0.1470588235 0 1)
(0.1764705882 0 1)
(0.2058823529 0 1)
(0.2352941176 0 1)
(0.2647058824 0 1)
(0.2941176471 0 1)
(0.3235294118 0 1)
(0.3529411765 0 1)
(0.3823529412 0 1)
(0.4117647059 0 1)
(0.4411764706 0 1)
(0.4705882353 0 1)
(0.5 0 1)
(0 0.068 1)
(0.02941176471 0.068 1)
(0.05882352941 0.068 1)
(0.08823529412 0.068 1)
(0.1176470588 0.068 1)
(0.1470588235 0.068 1)
(0.1764705882 0.068 1)
(0.2058823529 0.068 1)
(0.2352941176 0.068 1)
(0.2647058824 0.068 1)
(0.2941176471 0.068 1)
(0.3235294118 0.068 1)
(0.3529411765 0.068 1)
(0.3823529412 0.068 1)
(0.4117647059 0.068 1)
(0.4411764706 0.068 1)
(0.4705882353 0.068 1)
(0.5 0.068 1)
(0 0.136 1)
(0.02941176471 0.136 1)
(0.05882352941 0.136 1)
(0.08823529412 0.136 1)
(0.1176470588 0.136 1)
(0.1470588235 0.136 1)
(0.1764705882 0.136 1)
(0.2058823529 0.136 1)
(0.2352941176 0.136 1)
(0.2647058824 0.136 1)
(0.2941176471 0.136 1)
(0.3235294118 0.136 1)
(0.3529411765 0.136 1)
(0.3823529412 0.136 1)
(0.4117647059 0.136 1)
(0.4411764706 0.136 1)
(0.4705882353 0.136 1)
(0.5 0.136 1)
(0 0.204 1)
(0.02941176471 0.204 1)
(0.05882352941 0.204 1)
(0.08823529412 0.204 1)
(0.1176470588 0.204 1)
(0.1470588235 0.204 1)
(0.1764705882 0.204 1)
(0.2058823529 0.204 1)
(0.2352941176 0.204 1)
(0.2647058824 0.204 1)
(0.2941176471 0.204 1)
(0.3235294118 0.204 1)
(0.3529411765 0.204 1)
(0.3823529412 0.204 1)
(0.4117647059 0.204 1)
(0.4411764706 0.204 1)
(0.4705882353 0.204 1)
(0.5 0.204 1)
(0 0.272 1)
(0.02941176471 0.272 1)
(0.05882352941 0.272 1)
(0.08823529412 0.272 1)
(0.1176470588 0.272 1)
(0.1470588235 0.272 1)
(0.1764705882 0.272 1)
(0.2058823529 0.272 1)
(0.2352941176 0.272 1)
(0.2647058824 0.272 1)
(0.2941176471 0.272 1)
(0.3235294118 0.272 1)
(0.3529411765 0.272 1)
(0.3823529412 0.272 1)
(0.4117647059 0.272 1)
(0.4411764706 0.272 1)
(0.4705882353 0.272 1)
(0.5 0.272 1)
(0 0.34 1)
(0.02941176471 0.34 1)
(0.05882352941 0.34 1)
(0.08823529412 0.34 1)
(0.1176470588 0.34 1)
(0.1470588235 0.34 1)
(0.1764705882 0.34 1)
(0.2058823529 0.34 1)
(0.2352941176 0.34 1)
(0.2647058824 0.34 1)
(0.2941176471 0.34 1)
(0.3235294118 0.34 1)
(0.3529411765 0.34 1)
(0.3823529412 0.34 1)
(0.4117647059 0.34 1)
(0.4411764706 0.34 1)
(0.4705882353 0.34 1)
(0.5 0.34 1)
(0 0.408 1)
(0.02941176471 0.408 1)
(0.05882352941 0.408 1)
(0.08823529412 0.408 1)
(0.1176470588 0.408 1)
(0.1470588235 0.408 1)
(0.1764705882 0.408 1)
(0.2058823529 0.408 1)
(0.2352941176 0.408 1)
(0.2647058824 0.408 1)
(0.2941176471 0.408 1)
(0.3235294118 0.408 1)
(0.3529411765 0.408 1)
(0.3823529412 0.408 1)
(0.4117647059 0.408 1)
(0.4411764706 0.408 1)
(0.4705882353 0.408 1)
(0.5 0.408 1)
(0 0.476 1)
(0.02941176471 0.476 1)
(0.05882352941 0.476 1)
(0.08823529412 0.476 1)
(0.1176470588 0.476 1)
(0.1470588235 0.476 1)
(0.1764705882 0.476 1)
(0.2058823529 0.476 1)
(0.2352941176 0.476 1)
(0.2647058824 0.476 1)
(0.2941176471 0.476 1)
(0.3235294118 0.476 1)
(0.3529411765 0.476 1)
(0.3823529412 0.476 1)
(0.4117647059 0.476 1)
(0.4411764706 0.476 1)
(0.4705882353 0.476 1)
(0.5 0.476 1)
(0 0.544 1)
(0.02941176471 0.544 1)
(0.05882352941 0.544 1)
(0.08823529412 0.544 1)
(0.1176470588 0.544 1)
(0.1470588235 0.544 1)
(0.1764705882 0.544 1)
(0.2058823529 0.544 1)
(0.2352941176 0.544 1)
(0.2647058824 0.544 1)
(0.2941176471 0.544 1)
(0.3235294118 0.544 1)
(0.3529411765 0.544 1)
(0.3823529412 0.544 1)
(0.4117647059 0.544 1)
(0.4411764706 0.544 1)
(0.4705882353 0.544 1)
(0.5 0.544 1)
(0 0.612 1)
(0.02941176471 0.612 1)
(0.05882352941 0.612 1)
(0.08823529412 0.612 1)
(0.1176470588 0.612 1)
(0.1470588235 0.612 1)
(0.1764705882 0.612 1)
(0.2058823529 0.612 1)
(0.2352941176 0.612 1)
(0.2647058824 0.612 1)
(0.2941176471 0.612 1)
(0.3235294118 0.612 1)
(0.3529411765 0.612 1)
(0.3823529412 0.612 1)
(0.4117647059 0.612 1)
(0.4411764706 0.612 1)
(0.4705882353 0.612 1)
(0.5 0.612 1)
(0 0.68 1)
(0.02941176471 0.68 1)
(0.05882352941 0.68 1)
(0.08823529412 0.68 1)
(0.1176470588 0.68 1)
(0.1470588235 0.68 1)
(0.1764705882 0.68 1)
(0.2058823529 0.68 1)
(0.2352941176 0.68 1)
(0.2647058824 0.68 1)
(0.2941176471 0.68 1)
(0.3235294118 0.68 1)
(0.3529411765 0.68 1)
(0.3823529412 0.68 1)
(0.4117647059 0.68 1)
(0.4411764706 0.68 1)
(0.4705882353 0.68 1)
(0.5 0.68 1)
(0 0.748 1)
(0.02941176471 0.748 1)
(0.05882352941 0.748 1)
(0.08823529412 0.748 1)
(0.1176470588 0.748 1)
(0.1470588235 0.748 1)
(0.1764705882 0.748 1)
(0.2058823529 0.748 1)
(0.2352941176 0.748 1)
(0.2647058824 0.748 1)
(0.2941176471 0.748 1)
(0.3235294118 0.748 1)
(0.3529411765 0.748 1)
(0.3823529412 0.748 1)
(0.4117647059 0.748 1)
(0.4411764706 0.748 1)
(0.4705882353 0.748 1)
(0.5 0.748 1)
(0 0.816 1)
(0.02941176471 0.816 1)
(0.05882352941 0.816 1)
(0.08823529412 0.816 1)
(0.1176470588 0.816 1)
(0.1470588235 0.816 1)
(0.1764705882 0.816 1)
(0.2058823529 0.816 1)
(0.2352941176 0.816 1)
(0.2647058824 0.816 1)
(0.2941176471 0.816 1)
(0.3235294118 0.816 1)
(0.3529411765 0.816 1)
(0.3823529412 0.816 1)
(0.4117647059 0.816 1)
(0.4411764706 0.816 1)
(0.4705882353 0.816 1)
(0.5 0.816 1)
(0 0.884 1)
(0.02941176471 0.884 1)
(0.05882352941 0.884 1)
(0.08823529412 0.884 1)
(0.1176470588 0.884 1)
(0.1470588235 0.884 1)
(0.1764705882 0.884 1)
(0.2058823529 0.884 1)
(0.2352941176 0.884 1)
(0.2647058824 0.884 1)
(0.2941176471 0.884 1)
(0.3235294118 0.884 1)
(0.3529411765 0.884 1)
(0.3823529412 0.884 1)
(0.4117647059 0.884 1)
(0.4411764706 0.884 1)
(0.4705882353 0.884 1)
(0.5 0.884 1)
(0 0.952 1)
(0.02941176471 0.952 1)
(0.05882352941 0.952 1)
(0.08823529412 0.952 1)
(0.1176470588 0.952 1)
(0.1470588235 0.952 1)
(0.1764705882 0.952 1)
(0.2058823529 0.952 1)
(0.2352941176 0.952 1)
(0.2647058824 0.952 1)
(0.2941176471 0.952 1)
(0.3235294118 0.952 1)
(0.3529411765 0.952 1)
(0.3823529412 0.952 1)
(0.4117647059 0.952 1)
(0.4411764706 0.952 1)
(0.4705882353 0.952 1)
(0.5 0.952 1)
(0 1.02 1)
(0.02941176471 1.02 1)
(0.05882352941 1.02 1)
(0.08823529412 1.02 1)
(0.1176470588 1.02 1)
(0.1470588235 1.02 1)
(0.1764705882 1.02 1)
(0.2058823529 1.02 1)
(0.2352941176 1.02 1)
(0.2647058824 1.02 1)
(0.2941176471 1.02 1)
(0.3235294118 1.02 1)
(0.3529411765 1.02 1)
(0.3823529412 1.02 1)
(0.4117647059 1.02 1)
(0.4411764706 1.02 1)
(0.4705882353 1.02 1)
(0.5 1.02 1)
(0 1.088 1)
(0.02941176471 1.088 1)
(0.05882352941 1.088 1)
(0.08823529412 1.088 1)
(0.1176470588 1.088 1)
(0.1470588235 1.088 1)
(0.1764705882 1.088 1)
(0.2058823529 1.088 1)
(0.2352941176 1.088 1)
(0.2647058824 1.088 1)
(0.2941176471 1.088 1)
(0.3235294118 1.088 1)
(0.3529411765 1.088 1)
(0.3823529412 1.088 1)
(0.4117647059 1.088 1)
(0.4411764706 1.088 1)
(0.4705882353 1.088 1)
(0.5 1.088 1)
(0 1.156 1)
(0.02941176471 1.156 1)
(0.05882352941 1.156 1)
(0.08823529412 1.156 1)
(0.1176470588 1.156 1)
(0.1470588235 1.156 1)
(0.1764705882 1.156 1)
(0.2058823529 1.156 1)
(0.2352941176 1.156 1)
(0.2647058824 1.156 1)
(0.2941176471 1.156 1)
(0.3235294118 1.156 1)
(0.3529411765 1.156 1)
(0.3823529412 1.156 1)
(0.4117647059 1.156 1)
(0.4411764706 1.156 1)
(0.4705882353 1.156 1)
(0.5 1.156 1)
(0 1.224 1)
(0.02941176471 1.224 1)
(0.05882352941 1.224 1)
(0.08823529412 1.224 1)
(0.1176470588 1.224 1)
(0.1470588235 1.224 1)
(0.1764705882 1.224 1)
(0.2058823529 1.224 1)
(0.2352941176 1.224 1)
(0.2647058824 1.224 1)
(0.2941176471 1.224 1)
(0.3235294118 1.224 1)
(0.3529411765 1.224 1)
(0.3823529412 1.224 1)
(0.4117647059 1.224 1)
(0.4411764706 1.224 1)
(0.4705882353 1.224 1)
(0.5 1.224 1)
(0 1.292 1)
(0.02941176471 1.292 1)
(0.05882352941 1.292 1)
(0.08823529412 1.292 1)
(0.1176470588 1.292 1)
(0.1470588235 1.292 1)
(0.1764705882 1.292 1)
(0.2058823529 1.292 1)
(0.2352941176 1.292 1)
(0.2647058824 1.292 1)
(0.2941176471 1.292 1)
(0.3235294118 1.292 1)
(0.3529411765 1.292 1)
(0.3823529412 1.292 1)
(0.4117647059 1.292 1)
(0.4411764706 1.292 1)
(0.4705882353 1.292 1)
(0.5 1.292 1)
(0 1.36 1)
(0.02941176471 1.36 1)
(0.05882352941 1.36 1)
(0.08823529412 1.36 1)
(0.1176470588 1.36 1)
(0.1470588235 1.36 1)
(0.1764705882 1.36 1)
(0.2058823529 1.36 1)
(0.2352941176 1.36 1)
(0.2647058824 1.36 1)
(0.2941176471 1.36 1)
(0.3235294118 1.36 1)
(0.3529411765 1.36 1)
(0.3823529412 1.36 1)
(0.4117647059 1.36 1)
(0.4411764706 1.36 1)
(0.4705882353 1.36 1)
(0.5 1.36 1)
(0 1.428 1)
(0.02941176471 1.428 1)
(0.05882352941 1.428 1)
(0.08823529412 1.428 1)
(0.1176470588 1.428 1)
(0.1470588235 1.428 1)
(0.1764705882 1.428 1)
(0.2058823529 1.428 1)
(0.2352941176 1.428 1)
(0.2647058824 1.428 1)
(0.2941176471 1.428 1)
(0.3235294118 1.428 1)
(0.3529411765 1.428 1)
(0.3823529412 1.428 1)
(0.4117647059 1.428 1)
(0.4411764706 1.428 1)
(0.4705882353 1.428 1)
(0.5 1.428 1)
(0 1.496 1)
(0.02941176471 1.496 1)
(0.05882352941 1.496 1)
(0.08823529412 1.496 1)
(0.1176470588 1.496 1)
(0.1470588235 1.496 1)
(0.1764705882 1.496 1)
(0.2058823529 1.496 1)
(0.2352941176 1.496 1)
(0.2647058824 1.496 1)
(0.2941176471 1.496 1)
(0.3235294118 1.496 1)
(0.3529411765 1.496 1)
(0.3823529412 1.496 1)
(0.4117647059 1.496 1)
(0.4411764706 1.496 1)
(0.4705882353 1.496 1)
(0.5 1.496 1)
(0 1.564 1)
(0.02941176471 1.564 1)
(0.05882352941 1.564 1)
(0.08823529412 1.564 1)
(0.1176470588 1.564 1)
(0.1470588235 1.564 1)
(0.1764705882 1.564 1)
(0.2058823529 1.564 1)
(0.2352941176 1.564 1)
(0.2647058824 1.564 1)
(0.2941176471 1.564 1)
(0.3235294118 1.564 1)
(0.3529411765 1.564 1)
(0.3823529412 1.564 1)
(0.4117647059 1.564 1)
(0.4411764706 1.564 1)
(0.4705882353 1.564 1)
(0.5 1.564 1)
(0 1.632 1)
(0.02941176471 1.632 1)
(0.05882352941 1.632 1)
(0.08823529412 1.632 1)
(0.1176470588 1.632 1)
(0.1470588235 1.632 1)
(0.1764705882 1.632 1)
(0.2058823529 1.632 1)
(0.2352941176 1.632 1)
(0.2647058824 1.632 1)
(0.2941176471 1.632 1)
(0.3235294118 1.632 1)
(0.3529411765 1.632 1)
(0.3823529412 1.632 1)
(0.4117647059 1.632 1)
(0.4411764706 1.632 1)
(0.4705882353 1.632 1)
(0.5 1.632 1)
(0 1.7 1)
(0.02941176471 1.7 1)
(0.05882352941 1.7 1)
(0.08823529412 1.7 1)
(0.1176470588 1.7 1)
(0.1470588235 1.7 1)
(0.1764705882 1.7 1)
(0.2058823529 1.7 1)
(0.2352941176 1.7 1)
(0.2647058824 1.7 1)
(0.2941176471 1.7 1)
(0.3235294118 1.7 1)
(0.3529411765 1.7 1)
(0.3823529412 1.7 1)
(0.4117647059 1.7 1)
(0.4411764706 1.7 1)
(0.4705882353 1.7 1)
(0.5 1.7 1)
(0.5303030303 0.01103030303 0)
(0.5606060606 0.02206060606 0)
(0.5909090909 0.03309090909 0)
(0.6212121212 0.04412121212 0)
(0.6515151515 0.05515151515 0)
(0.6818181818 0.06618181818 0)
(0.7121212121 0.07721212121 0)
(0.7424242424 0.08824242424 0)
(0.7727272727 0.09927272727 0)
(0.803030303 0.1103030303 0)
(0.8333333333 0.1213333333 0)
(0.8636363636 0.1323636364 0)
(0.8939393939 0.1433939394 0)
(0.9242424242 0.1544242424 0)
(0.9545454545 0.1654545455 0)
(0.9848484848 0.1764848485 0)
(1.015151515 0.1875151515 0)
(1.045454545 0.1985454545 0)
(1.075757576 0.2095757576 0)
(1.106060606 0.2206060606 0)
(1.136363636 0.2316363636 0)
(1.166666667 0.2426666667 0)
(1.196969697 0.2536969697 0)
(1.227272727 0.2647272727 0)
(1.257575758 0.2757575758 0)
(1.287878788 0.2867878788 0)
(1.318181818 0.2978181818 0)
(1.348484848 0.3088484848 0)
(1.378787879 0.3198787879 0)
(1.409090909 0.3309090909 0)
(1.439393939 0.3419393939 0)
(1.46969697 0.352969697 0)
(1.5 0.364 0)
(0.5303030303 0.07858909091 0)
(0.5606060606 0.08917818182 0)
(0.5909090909 0.09976727273 0)
(0.6212121212 0.1103563636 0)
(0.6515151515 0.1209454545 0)
(0.6818181818 0.1315345455 0)
(0.7121212121 0.1421236364 0)
(0.7424242424 0.1527127273 0)
(0.7727272727 0.1633018182 0)
(0.803030303 0.1738909091 0)
(0.8333333333 0.18448 0)
(0.8636363636 0.1950690909 0)
(0.8939393939 0.2056581818 0)
(0.9242424242 0.2162472727 0)
(0.9545454545 0.2268363636 0)
(0.9848484848 0.2374254545 0)
(1.015151515 0.2480145455 0)
(1.045454545 0.2586036364 0)
(1.075757576 0.2691927273 0)
(1.106060606 0.2797818182 0)
(1.136363636 0.2903709091 0)
(1.166666667 0.30096 0)
(1.196969697 0.3115490909 0)
(1.227272727 0.3221381818 0)
(1.257575758 0.3327272727 0)
(1.287878788 0.3433163636 0)
(1.318181818 0.3539054545 0)
(1.348484848 0.3644945455 0)
(1.378787879 0.3750836364 0)
(1.409090909 0.3856727273 0)
(1.439393939 0.3962618182 0)
(1.46969697 0.4068509091 0)
(1.5 0.41744 0)
(0.5303030303 0.1461478788 0)
(0.5606060606 0.1562957576 0)
(0.5909090909 0.1664436364 0)
(0.6212121212 0.1765915152 0)
(0.6515151515 0.1867393939 0)
(0.6818181818 0.1968872727 0)
(0.7121212121 0.2070351515 0)
(0.7424242424 0.2171830303 0)
(0.7727272727 0.2273309091 0)
(0.803030303 0.2374787879 0)
(0.8333333333 0.2476266667 0)
(0.8636363636 0.2577745455 0)
(0.8939393939 0.2679224242 0)
(0.9242424242 0.278070303 0)
(0.9545454545 0.2882181818 0)
(0.9848484848 0.2983660606 0)
(1.015151515 0.3085139394 0)
(1.045454545 0.3186618182 0)
(1.075757576 0.328809697 0)
(1.106060606 0.3389575758 0)
(1.136363636 0.3491054545 0)
(1.166666667 0.3592533333 0)
(1.196969697 0.3694012121 0)
(1.227272727 0.3795490909 0)
(1.257575758 0.3896969697 0)
(1.287878788 0.3998448485 0)
(1.318181818 0.4099927273 0)
(1.348484848 0.4201406061 0)
(1.378787879 0.4302884848 0)
(1.409090909 0.4404363636 0)
(1.439393939 0.4505842424 0)
(1.46969697 0.4607321212 0)
(1.5 0.47088 0)
(0.5303030303 0.2137066667 0)
(0.5606060606 0.2234133333 0)
(0.5909090909 0.23312 0)
(0.6212121212 0.2428266667 0)
(0.6515151515 0.2525333333 0)
(0.6818181818 0.26224 0)
(0.7121212121 0.2719466667 0)
(0.7424242424 0.2816533333 0)
(0.7727272727 0.29136 0)
(0.803030303 0.3010666667 0)
(0.8333333333 0.3107733333 0)
(0.8636363636 0.32048 0)
(0.8939393939 0.3301866667 0)
(0.9242424242 0.3398933333 0)
(0.9545454545 0.3496 0)
(0.9848484848 0.3593066667 0)
(1.015151515 0.3690133333 0)
(1.045454545 0.37872 0)
(1.075757576 0.3884266667 0)
(1.106060606 0.3981333333 0)
(1.136363636 0.40784 0)
(1.166666667 0.4175466667 0)
(1.196969697 0.4272533333 0)
(1.227272727 0.43696 0)
(1.257575758 0.4466666667 0)
(1.287878788 0.4563733333 0)
(1.318181818 0.46608 0)
(1.348484848 0.4757866667 0)
(1.378787879 0.4854933333 0)
(1.409090909 0.4952 0)
(1.439393939 0.5049066667 0)
(1.46969697 0.5146133333 0)
(1.5 0.52432 0)
(0.5303030303 0.2812654545 0)
(0.5606060606 0.2905309091 0)
(0.5909090909 0.2997963636 0)
(0.6212121212 0.3090618182 0)
(0.6515151515 0.3183272727 0)
(0.6818181818 0.3275927273 0)
(0.7121212121 0.3368581818 0)
(0.7424242424 0.3461236364 0)
(0.7727272727 0.3553890909 0)
(0.803030303 0.3646545455 0)
(0.8333333333 0.37392 0)
(0.8636363636 0.3831854545 0)
(0.8939393939 0.3924509091 0)
(0.9242424242 0.4017163636 0)
(0.9545454545 0.4109818182 0)
(0.9848484848 0.4202472727 0)
(1.015151515 0.4295127273 0)
(1.045454545 0.4387781818 0)
(1.075757576 0.4480436364 0)
(1.106060606 0.4573090909 0)
(1.136363636 0.4665745455 0)
(1.166666667 0.47584 0)
(1.196969697 0.4851054545 0)
(1.227272727 0.4943709091 0)
(1.257575758 0.5036363636 0)
(1.287878788 0.5129018182 0)
(1.318181818 0.5221672727 0)
(1.348484848 0.5314327273 0)
(1.378787879 0.5406981818 0)
(1.409090909 0.5499636364 0)
(1.439393939 0.5592290909 0)
(1.46969697 0.5684945455 0)
(1.5 0.57776 0)
(0.5303030303 0.3488242424 0)
(0.5606060606 0.3576484848 0)
(0.5909090909 0.3664727273 0)
(0.6212121212 0.3752969697 0)
(0.6515151515 0.3841212121 0)
(0.6818181818 0.3929454545 0)
(0.7121212121 0.401769697 0)
(0.7424242424 0.4105939394 0)
(0.7727272727 0.4194181818 0)
(0.803030303 0.4282424242 0)
(0.8333333333 0.4370666667 0)
(0.8636363636 0.4458909091 0)
(0.8939393939 0.4547151515 0)
(0.9242424242 0.4635393939 0)
(0.9545454545 0.4723636364 0)
(0.9848484848 0.4811878788 0)
(1.015151515 0.4900121212 0)
(1.045454545 0.4988363636 0)
(1.075757576 0.5076606061 0)
(1.106060606 0.5164848485 0)
(1.136363636 0.5253090909 0)
(1.166666667 0.5341333333 0)
(1.196969697 0.5429575758 0)
(1.227272727 0.5517818182 0)
(1.257575758 0.5606060606 0)
(1.287878788 0.569430303 0)
(1.318181818 0.5782545455 0)
(1.348484848 0.5870787879 0)
(1.378787879 0.5959030303 0)
(1.409090909 0.6047272727 0)
(1.439393939 0.6135515152 0)
(1.46969697 0.6223757576 0)
(1.5 0.6312 0)
(0.5303030303 0.4163830303 0)
(0.5606060606 0.4247660606 0)
(0.5909090909 0.4331490909 0)
(0.6212121212 0.4415321212 0)
(0.6515151515 0.4499151515 0)
(0.6818181818 0.4582981818 0)
(0.7121212121 0.4666812121 0)
(0.7424242424 0.4750642424 0)
(0.7727272727 0.4834472727 0)
(0.803030303 0.491830303 0)
(0.8333333333 0.5002133333 0)
(0.8636363636 0.5085963636 0)
(0.8939393939 0.5169793939 0)
(0.9242424242 0.5253624242 0)
(0.9545454545 0.5337454545 0)
(0.9848484848 0.5421284848 0)
(1.015151515 0.5505115152 0)
(1.045454545 0.5588945455 0)
(1.075757576 0.5672775758 0)
(1.106060606 0.5756606061 0)
(1.136363636 0.5840436364 0)
(1.166666667 0.5924266667 0)
(1.196969697 0.600809697 0)
(1.227272727 0.6091927273 0)
(1.257575758 0.6175757576 0)
(1.287878788 0.6259587879 0)
(1.318181818 0.6343418182 0)
(1.348484848 0.6427248485 0)
(1.378787879 0.6511078788 0)
(1.409090909 0.6594909091 0)
(1.439393939 0.6678739394 0)
(1.46969697 0.6762569697 0)
(1.5 0.68464 0)
(0.5303030303 0.4839418182 0)
(0.5606060606 0.4918836364 0)
(0.5909090909 0.4998254545 0)
(0.6212121212 0.5077672727 0)
(0.6515151515 0.5157090909 0)
(0.6818181818 0.5236509091 0)
(0.7121212121 0.5315927273 0)
(0.7424242424 0.5395345455 0)
(0.7727272727 0.5474763636 0)
(0.803030303 0.5554181818 0)
(0.8333333333 0.56336 0)
(0.8636363636 0.5713018182 0)
(0.8939393939 0.5792436364 0)
(0.9242424242 0.5871854545 0)
(0.9545454545 0.5951272727 0)
(0.9848484848 0.6030690909 0)
(1.015151515 0.6110109091 0)
(1.045454545 0.6189527273 0)
(1.075757576 0.6268945455 0)
(1.106060606 0.6348363636 0)
(1.136363636 0.6427781818 0)
(1.166666667 0.65072 0)
(1.196969697 0.6586618182 0)
(1.227272727 0.6666036364 0)
(1.257575758 0.6745454545 0)
(1.287878788 0.6824872727 0)
(1.318181818 0.6904290909 0)
(1.348484848 0.6983709091 0)
(1.378787879 0.7063127273 0)
(1.409090909 0.7142545455 0)
(1.439393939 0.7221963636 0)
(1.46969697 0.7301381818 0)
(1.5 0.73808 0)
(0.5303030303 0.5515006061 0)
(0.5606060606 0.5590012121 0)
(0.5909090909 0.5665018182 0)
(0.6212121212 0.5740024242 0)
(0.6515151515 0.5815030303 0)
(0.6818181818 0.5890036364 0)
(0.7121212121 0.5965042424 0)
(0.7424242424 0.6040048485 0)
(0.7727272727 0.6115054545 0)
(0.803030303 0.6190060606 0)
(0.8333333333 0.6265066667 0)
(0.8636363636 0.6340072727 0)
(0.8939393939 0.6415078788 0)
(0.9242424242 0.6490084848 0)
(0.9545454545 0.6565090909 0)
(0.9848484848 0.664009697 0)
(1.015151515 0.671510303 0)
(1.045454545 0.6790109091 0)
(1.075757576 0.6865115152 0)
(1.106060606 0.6940121212 0)
(1.136363636 0.7015127273 0)
(1.166666667 0.7090133333 0)
(1.196969697 0.7165139394 0)
(1.227272727 0.7240145455 0)
(1.257575758 0.7315151515 0)
(1.287878788 0.7390157576 0)
(1.318181818 0.7465163636 0)
(1.348484848 0.7540169697 0)
(1.378787879 0.7615175758 0)
(1.409090909 0.7690181818 0)
(1.439393939 0.7765187879 0)
(1.46969697 0.7840193939 0)
(1.5 0.79152 0)
(0.5303030303 0.6190593939 0)
(0.5606060606 0.6261187879 0)
(0.5909090909 0.6331781818 0)
(0.6212121212 0.6402375758 0)
(0.6515151515 0.6472969697 0)
(0.6818181818 0.6543563636 0)
(0.7121212121 0.6614157576 0)
(0.7424242424 0.6684751515 0)
(0.7727272727 0.6755345455 0)
(0.803030303 0.6825939394 0)
(0.8333333333 0.6896533333 0)
(0.8636363636 0.6967127273 0)
(0.8939393939 0.7037721212 0)
(0.9242424242 0.7108315152 0)
(0.9545454545 0.7178909091 0)
(0.9848484848 0.724950303 0)
(1.015151515 0.732009697 0)
(1.045454545 0.7390690909 0)
(1.075757576 0.7461284848 0)
(1.106060606 0.7531878788 0)
(1.136363636 0.7602472727 0)
(1.166666667 0.7673066667 0)
(1.196969697 0.7743660606 0)
(1.227272727 0.7814254545 0)
(1.257575758 0.7884848485 0)
(1.287878788 0.7955442424 0)
(1.318181818 0.8026036364 0)
(1.348484848 0.8096630303 0)
(1.378787879 0.8167224242 0)
(1.409090909 0.8237818182 0)
(1.439393939 0.8308412121 0)
(1.46969697 0.8379006061 0)
(1.5 0.84496 0)
(0.5303030303 0.6866181818 0)
(0.5606060606 0.6932363636 0)
(0.5909090909 0.6998545455 0)
(0.6212121212 0.7064727273 0)
(0.6515151515 0.7130909091 0)
(0.6818181818 0.7197090909 0)
(0.7121212121 0.7263272727 0)
(0.7424242424 0.7329454545 0)
(0.7727272727 0.7395636364 0)
(0.803030303 0.7461818182 0)
(0.8333333333 0.7528 0)
(0.8636363636 0.7594181818 0)
(0.8939393939 0.7660363636 0)
(0.9242424242 0.7726545455 0)
(0.9545454545 0.7792727273 0)
(0.9848484848 0.7858909091 0)
(1.015151515 0.7925090909 0)
(1.045454545 0.7991272727 0)
(1.075757576 0.8057454545 0)
(1.106060606 0.8123636364 0)
(1.136363636 0.8189818182 0)
(1.166666667 0.8256 0)
(1.196969697 0.8322181818 0)
(1.227272727 0.8388363636 0)
(1.257575758 0.8454545455 0)
(1.287878788 0.8520727273 0)
(1.318181818 0.8586909091 0)
(1.348484848 0.8653090909 0)
(1.378787879 0.8719272727 0)
(1.409090909 0.8785454545 0)
(1.439393939 0.8851636364 0)
(1.46969697 0.8917818182 0)
(1.5 0.8984 0)
(0.5303030303 0.7541769697 0)
(0.5606060606 0.7603539394 0)
(0.5909090909 0.7665309091 0)
(0.6212121212 0.7727078788 0)
(0.6515151515 0.7788848485 0)
(0.6818181818 0.7850618182 0)
(0.7121212121 0.7912387879 0)
(0.7424242424 0.7974157576 0)
(0.7727272727 0.8035927273 0)
(0.803030303 0.809769697 0)
(0.8333333333 0.8159466667 0)
(0.8636363636 0.8221236364 0)
(0.8939393939 0.8283006061 0)
(0.9242424242 0.8344775758 0)
(0.9545454545 0.8406545455 0)
(0.9848484848 0.8468315152 0)
(1.015151515 0.8530084848 0)
(1.045454545 0.8591854545 0)
(1.075757576 0.8653624242 0)
(1.106060606 0.8715393939 0)
(1.136363636 0.8777163636 0)
(1.166666667 0.8838933333 0)
(1.196969697 0.890070303 0)
(1.227272727 0.8962472727 0)
(1.257575758 0.9024242424 0)
(1.287878788 0.9086012121 0)
(1.318181818 0.9147781818 0)
(1.348484848 0.9209551515 0)
(1.378787879 0.9271321212 0)
(1.409090909 0.9333090909 0)
(1.439393939 0.9394860606 0)
(1.46969697 0.9456630303 0)
(1.5 0.95184 0)
(0.5303030303 0.8217357576 0)
(0.5606060606 0.8274715152 0)
(0.5909090909 0.8332072727 0)
(0.6212121212 0.8389430303 0)
(0.6515151515 0.8446787879 0)
(0.6818181818 0.8504145455 0)
(0.7121212121 0.856150303 0)
(0.7424242424 0.8618860606 0)
(0.7727272727 0.8676218182 0)
(0.803030303 0.8733575758 0)
(0.8333333333 0.8790933333 0)
(0.8636363636 0.8848290909 0)
(0.8939393939 0.8905648485 0)
(0.9242424242 0.8963006061 0)
(0.9545454545 0.9020363636 0)
(0.9848484848 0.9077721212 0)
(1.015151515 0.9135078788 0)
(1.045454545 0.9192436364 0)
(1.075757576 0.9249793939 0)
(1.106060606 0.9307151515 0)
(1.136363636 0.9364509091 0)
(1.166666667 0.9421866667 0)
(1.196969697 0.9479224242 0)
(1.227272727 0.9536581818 0)
(1.257575758 0.9593939394 0)
(1.287878788 0.965129697 0)
(1.318181818 0.9708654545 0)
(1.348484848 0.9766012121 0)
(1.378787879 0.9823369697 0)
(1.409090909 0.9880727273 0)
(1.439393939 0.9938084848 0)
(1.46969697 0.9995442424 0)
(1.5 1.00528 0)
(0.5303030303 0.8892945455 0)
(0.5606060606 0.8945890909 0)
(0.5909090909 0.8998836364 0)
(0.6212121212 0.9051781818 0)
(0.6515151515 0.9104727273 0)
(0.6818181818 0.9157672727 0)
(0.7121212121 0.9210618182 0)
(0.7424242424 0.9263563636 0)
(0.7727272727 0.9316509091 0)
(0.803030303 0.9369454545 0)
(0.8333333333 0.94224 0)
(0.8636363636 0.9475345455 0)
(0.8939393939 0.9528290909 0)
(0.9242424242 0.9581236364 0)
(0.9545454545 0.9634181818 0)
(0.9848484848 0.9687127273 0)
(1.015151515 0.9740072727 0)
(1.045454545 0.9793018182 0)
(1.075757576 0.9845963636 0)
(1.106060606 0.9898909091 0)
(1.136363636 0.9951854545 0)
(1.166666667 1.00048 0)
(1.196969697 1.005774545 0)
(1.227272727 1.011069091 0)
(1.257575758 1.016363636 0)
(1.287878788 1.021658182 0)
(1.318181818 1.026952727 0)
(1.348484848 1.032247273 0)
(1.378787879 1.037541818 0)
(1.409090909 1.042836364 0)
(1.439393939 1.048130909 0)
(1.46969697 1.053425455 0)
(1.5 1.05872 0)
(0.5303030303 0.9568533333 0)
(0.5606060606 0.9617066667 0)
(0.5909090909 0.96656 0)
(0.6212121212 0.9714133333 0)
(0.6515151515 0.9762666667 0)
(0.6818181818 0.98112 0)
(0.7121212121 0.9859733333 0)
(0.7424242424 0.9908266667 0)
(0.7727272727 0.99568 0)
(0.803030303 1.000533333 0)
(0.8333333333 1.005386667 0)
(0.8636363636 1.01024 0)
(0.8939393939 1.015093333 0)
(0.9242424242 1.019946667 0)
(0.9545454545 1.0248 0)
(0.9848484848 1.029653333 0)
(1.015151515 1.034506667 0)
(1.045454545 1.03936 0)
(1.075757576 1.044213333 0)
(1.106060606 1.049066667 0)
(1.136363636 1.05392 0)
(1.166666667 1.058773333 0)
(1.196969697 1.063626667 0)
(1.227272727 1.06848 0)
(1.257575758 1.073333333 0)
(1.287878788 1.078186667 0)
(1.318181818 1.08304 0)
(1.348484848 1.087893333 0)
(1.378787879 1.092746667 0)
(1.409090909 1.0976 0)
(1.439393939 1.102453333 0)
(1.46969697 1.107306667 0)
(1.5 1.11216 0)
(0.5303030303 1.024412121 0)
(0.5606060606 1.028824242 0)
(0.5909090909 1.033236364 0)
(0.6212121212 1.037648485 0)
(0.6515151515 1.042060606 0)
(0.6818181818 1.046472727 0)
(0.7121212121 1.050884848 0)
(0.7424242424 1.05529697 0)
(0.7727272727 1.059709091 0)
(0.803030303 1.064121212 0)
(0.8333333333 1.068533333 0)
(0.8636363636 1.072945455 0)
(0.8939393939 1.077357576 0)
(0.9242424242 1.081769697 0)
(0.9545454545 1.086181818 0)
(0.9848484848 1.090593939 0)
(1.015151515 1.095006061 0)
(1.045454545 1.099418182 0)
(1.075757576 1.103830303 0)
(1.106060606 1.108242424 0)
(1.136363636 1.112654545 0)
(1.166666667 1.117066667 0)
(1.196969697 1.121478788 0)
(1.227272727 1.125890909 0)
(1.257575758 1.13030303 0)
(1.287878788 1.134715152 0)
(1.318181818 1.139127273 0)
(1.348484848 1.143539394 0)
(1.378787879 1.147951515 0)
(1.409090909 1.152363636 0)
(1.439393939 1.156775758 0)
(1.46969697 1.161187879 0)
(1.5 1.1656 0)
(0.5303030303 1.091970909 0)
(0.5606060606 1.095941818 0)
(0.5909090909 1.099912727 0)
(0.6212121212 1.103883636 0)
(0.6515151515 1.107854545 0)
(0.6818181818 1.111825455 0)
(0.7121212121 1.115796364 0)
(0.7424242424 1.119767273 0)
(0.7727272727 1.123738182 0)
(0.803030303 1.127709091 0)
(0.8333333333 1.13168 0)
(0.8636363636 1.135650909 0)
(0.8939393939 1.139621818 0)
(0.9242424242 1.143592727 0)
(0.9545454545 1.147563636 0)
(0.9848484848 1.151534545 0)
(1.015151515 1.155505455 0)
(1.045454545 1.159476364 0)
(1.075757576 1.163447273 0)
(1.106060606 1.167418182 0)
(1.136363636 1.171389091 0)
(1.166666667 1.17536 0)
(1.196969697 1.179330909 0)
(1.227272727 1.183301818 0)
(1.257575758 1.187272727 0)
(1.287878788 1.191243636 0)
(1.318181818 1.195214545 0)
(1.348484848 1.199185455 0)
(1.378787879 1.203156364 0)
(1.409090909 1.207127273 0)
(1.439393939 1.211098182 0)
(1.46969697 1.215069091 0)
(1.5 1.21904 0)
(0.5303030303 1.159529697 0)
(0.5606060606 1.163059394 0)
(0.5909090909 1.166589091 0)
(0.6212121212 1.170118788 0)
(0.6515151515 1.173648485 0)
(0.6818181818 1.177178182 0)
(0.7121212121 1.180707879 0)
(0.7424242424 1.184237576 0)
(0.7727272727 1.187767273 0)
(0.803030303 1.19129697 0)
(0.8333333333 1.194826667 0)
(0.8636363636 1.198356364 0)
(0.8939393939 1.201886061 0)
(0.9242424242 1.205415758 0)
(0.9545454545 1.208945455 0)
(0.9848484848 1.212475152 0)
(1.015151515 1.216004848 0)
(1.045454545 1.219534545 0)
(1.075757576 1.223064242 0)
(1.106060606 1.226593939 0)
(1.136363636 1.230123636 0)
(1.166666667 1.233653333 0)
(1.196969697 1.23718303 0)
(1.227272727 1.240712727 0)
(1.257575758 1.244242424 0)
(1.287878788 1.247772121 0)
(1.318181818 1.251301818 0)
(1.348484848 1.254831515 0)
(1.378787879 1.258361212 0)
(1.409090909 1.261890909 0)
(1.439393939 1.265420606 0)
(1.46969697 1.268950303 0)
(1.5 1.27248 0)
(0.5303030303 1.227088485 0)
(0.5606060606 1.23017697 0)
(0.5909090909 1.233265455 0)
(0.6212121212 1.236353939 0)
(0.6515151515 1.239442424 0)
(0.6818181818 1.242530909 0)
(0.7121212121 1.245619394 0)
(0.7424242424 1.248707879 0)
(0.7727272727 1.251796364 0)
(0.803030303 1.254884848 0)
(0.8333333333 1.257973333 0)
(0.8636363636 1.261061818 0)
(0.8939393939 1.264150303 0)
(0.9242424242 1.267238788 0)
(0.9545454545 1.270327273 0)
(0.9848484848 1.273415758 0)
(1.015151515 1.276504242 0)
(1.045454545 1.279592727 0)
(1.075757576 1.282681212 0)
(1.106060606 1.285769697 0)
(1.136363636 1.288858182 0)
(1.166666667 1.291946667 0)
(1.196969697 1.295035152 0)
(1.227272727 1.298123636 0)
(1.257575758 1.301212121 0)
(1.287878788 1.304300606 0)
(1.318181818 1.307389091 0)
(1.348484848 1.310477576 0)
(1.378787879 1.313566061 0)
(1.409090909 1.316654545 0)
(1.439393939 1.31974303 0)
(1.46969697 1.322831515 0)
(1.5 1.32592 0)
(0.5303030303 1.294647273 0)
(0.5606060606 1.297294545 0)
(0.5909090909 1.299941818 0)
(0.6212121212 1.302589091 0)
(0.6515151515 1.305236364 0)
(0.6818181818 1.307883636 0)
(0.7121212121 1.310530909 0)
(0.7424242424 1.313178182 0)
(0.7727272727 1.315825455 0)
(0.803030303 1.318472727 0)
(0.8333333333 1.32112 0)
(0.8636363636 1.323767273 0)
(0.8939393939 1.326414545 0)
(0.9242424242 1.329061818 0)
(0.9545454545 1.331709091 0)
(0.9848484848 1.334356364 0)
(1.015151515 1.337003636 0)
(1.045454545 1.339650909 0)
(1.075757576 1.342298182 0)
(1.106060606 1.344945455 0)
(1.136363636 1.347592727 0)
(1.166666667 1.35024 0)
(1.196969697 1.352887273 0)
(1.227272727 1.355534545 0)
(1.257575758 1.358181818 0)
(1.287878788 1.360829091 0)
(1.318181818 1.363476364 0)
(1.348484848 1.366123636 0)
(1.378787879 1.368770909 0)
(1.409090909 1.371418182 0)
(1.439393939 1.374065455 0)
(1.46969697 1.376712727 0)
(1.5 1.37936 0)
(0.5303030303 1.362206061 0)
(0.5606060606 1.364412121 0)
(0.5909090909 1.366618182 0)
(0.6212121212 1.368824242 0)
(0.6515151515 1.371030303 0)
(0.6818181818 1.373236364 0)
(0.7121212121 1.375442424 0)
(0.7424242424 1.377648485 0)
(0.7727272727 1.379854545 0)
(0.803030303 1.382060606 0)
(0.8333333333 1.384266667 0)
(0.8636363636 1.386472727 0)
(0.8939393939 1.388678788 0)
(0.9242424242 1.390884848 0)
(0.9545454545 1.393090909 0)
(0.9848484848 1.39529697 0)
(1.015151515 1.39750303 0)
(1.045454545 1.399709091 0)
(1.075757576 1.401915152 0)
(1.106060606 1.404121212 0)
(1.136363636 1.406327273 0)
(1.166666667 1.408533333 0)
(1.196969697 1.410739394 0)
(1.227272727 1.412945455 0)
(1.257575758 1.415151515 0)
(1.287878788 1.417357576 0)
(1.318181818 1.419563636 0)
(1.348484848 1.421769697 0)
(1.378787879 1.423975758 0)
(1.409090909 1.426181818 0)
(1.439393939 1.428387879 0)
(1.46969697 1.430593939 0)
(1.5 1.4328 0)
(0.5303030303 1.429764848 0)
(0.5606060606 1.431529697 0)
(0.5909090909 1.433294545 0)
(0.6212121212 1.435059394 0)
(0.6515151515 1.436824242 0)
(0.6818181818 1.438589091 0)
(0.7121212121 1.440353939 0)
(0.7424242424 1.442118788 0)
(0.7727272727 1.443883636 0)
(0.803030303 1.445648485 0)
(0.8333333333 1.447413333 0)
(0.8636363636 1.449178182 0)
(0.8939393939 1.45094303 0)
(0.9242424242 1.452707879 0)
(0.9545454545 1.454472727 0)
(0.9848484848 1.456237576 0)
(1.015151515 1.458002424 0)
(1.045454545 1.459767273 0)
(1.075757576 1.461532121 0)
(1.106060606 1.46329697 0)
(1.136363636 1.465061818 0)
(1.166666667 1.466826667 0)
(1.196969697 1.468591515 0)
(1.227272727 1.470356364 0)
(1.257575758 1.472121212 0)
(1.287878788 1.473886061 0)
(1.318181818 1.475650909 0)
(1.348484848 1.477415758 0)
(1.378787879 1.479180606 0)
(1.409090909 1.480945455 0)
(1.439393939 1.482710303 0)
(1.46969697 1.484475152 0)
(1.5 1.48624 0)
(0.5303030303 1.497323636 0)
(0.5606060606 1.498647273 0)
(0.5909090909 1.499970909 0)
(0.6212121212 1.501294545 0)
(0.6515151515 1.502618182 0)
(0.6818181818 1.503941818 0)
(0.7121212121 1.505265455 0)
(0.7424242424 1.506589091 0)
(0.7727272727 1.507912727 0)
(0.803030303 1.509236364 0)
(0.8333333333 1.51056 0)
(0.8636363636 1.511883636 0)
(0.8939393939 1.513207273 0)
(0.9242424242 1.514530909 0)
(0.9545454545 1.515854545 0)
(0.9848484848 1.517178182 0)
(1.015151515 1.518501818 0)
(1.045454545 1.519825455 0)
(1.075757576 1.521149091 0)
(1.106060606 1.522472727 0)
(1.136363636 1.523796364 0)
(1.166666667 1.52512 0)
(1.196969697 1.526443636 0)
(1.227272727 1.527767273 0)
(1.257575758 1.529090909 0)
(1.287878788 1.530414545 0)
(1.318181818 1.531738182 0)
(1.348484848 1.533061818 0)
(1.378787879 1.534385455 0)
(1.409090909 1.535709091 0)
(1.439393939 1.537032727 0)
(1.46969697 1.538356364 0)
(1.5 1.53968 0)
(0.5303030303 1.564882424 0)
(0.5606060606 1.565764848 0)
(0.5909090909 1.566647273 0)
(0.6212121212 1.567529697 0)
(0.6515151515 1.568412121 0)
(0.6818181818 1.569294545 0)
(0.7121212121 1.57017697 0)
(0.7424242424 1.571059394 0)
(0.7727272727 1.571941818 0)
(0.803030303 1.572824242 0)
(0.8333333333 1.573706667 0)
(0.8636363636 1.574589091 0)
(0.8939393939 1.575471515 0)
(0.9242424242 1.576353939 0)
(0.9545454545 1.577236364 0)
(0.9848484848 1.578118788 0)
(1.015151515 1.579001212 0)
(1.045454545 1.579883636 0)
(1.075757576 1.580766061 0)
(1.106060606 1.581648485 0)
(1.136363636 1.582530909 0)
(1.166666667 1.583413333 0)
(1.196969697 1.584295758 0)
(1.227272727 1.585178182 0)
(1.257575758 1.586060606 0)
(1.287878788 1.58694303 0)
(1.318181818 1.587825455 0)
(1.348484848 1.588707879 0)
(1.378787879 1.589590303 0)
(1.409090909 1.590472727 0)
(1.439393939 1.591355152 0)
(1.46969697 1.592237576 0)
(1.5 1.59312 0)
(0.5303030303 1.632441212 0)
(0.5606060606 1.632882424 0)
(0.5909090909 1.633323636 0)
(0.6212121212 1.633764848 0)
(0.6515151515 1.634206061 0)
(0.6818181818 1.634647273 0)
(0.7121212121 1.635088485 0)
(0.7424242424 1.635529697 0)
(0.7727272727 1.635970909 0)
(0.803030303 1.636412121 0)
(0.8333333333 1.636853333 0)
(0.8636363636 1.637294545 0)
(0.8939393939 1.637735758 0)
(0.9242424242 1.63817697 0)
(0.9545454545 1.638618182 0)
(0.9848484848 1.639059394 0)
(1.015151515 1.639500606 0)
(1.045454545 1.639941818 0)
(1.075757576 1.64038303 0)
(1.106060606 1.640824242 0)
(1.136363636 1.641265455 0)
(1.166666667 1.641706667 0)
(1.196969697 1.642147879 0)
(1.227272727 1.642589091 0)
(1.257575758 1.643030303 0)
(1.287878788 1.643471515 0)
(1.318181818 1.643912727 0)
(1.348484848 1.644353939 0)
(1.378787879 1.644795152 0)
(1.409090909 1.645236364 0)
(1.439393939 1.645677576 0)
(1.46969697 1.646118788 0)
(1.5 1.64656 0)
(0.5303030303 1.7 0)
(0.5606060606 1.7 0)
(0.5909090909 1.7 0)
(0.6212121212 1.7 0)
(0.6515151515 1.7 0)
(0.6818181818 1.7 0)
(0.7121212121 1.7 0)
(0.7424242424 1.7 0)
(0.7727272727 1.7 0)
(0.803030303 1.7 0)
(0.8333333333 1.7 0)
(0.8636363636 1.7 0)
(0.8939393939 1.7 0)
(0.9242424242 1.7 0)
(0.9545454545 1.7 0)
(0.9848484848 1.7 0)
(1.015151515 1.7 0)
(1.045454545 1.7 0)
(1.075757576 1.7 0)
(1.106060606 1.7 0)
(1.136363636 1.7 0)
(1.166666667 1.7 0)
(1.196969697 1.7 0)
(1.227272727 1.7 0)
(1.257575758 1.7 0)
(1.287878788 1.7 0)
(1.318181818 1.7 0)
(1.348484848 1.7 0)
(1.378787879 1.7 0)
(1.409090909 1.7 0)
(1.439393939 1.7 0)
(1.46969697 1.7 0)
(1.5 1.7 0)
(0.5303030303 0.01103030303 1)
(0.5606060606 0.02206060606 1)
(0.5909090909 0.03309090909 1)
(0.6212121212 0.04412121212 1)
(0.6515151515 0.05515151515 1)
(0.6818181818 0.06618181818 1)
(0.7121212121 0.07721212121 1)
(0.7424242424 0.08824242424 1)
(0.7727272727 0.09927272727 1)
(0.803030303 0.1103030303 1)
(0.8333333333 0.1213333333 1)
(0.8636363636 0.1323636364 1)
(0.8939393939 0.1433939394 1)
(0.9242424242 0.1544242424 1)
(0.9545454545 0.1654545455 1)
(0.9848484848 0.1764848485 1)
(1.015151515 0.1875151515 1)
(1.045454545 0.1985454545 1)
(1.075757576 0.2095757576 1)
(1.106060606 0.2206060606 1)
(1.136363636 0.2316363636 1)
(1.166666667 0.2426666667 1)
(1.196969697 0.2536969697 1)
(1.227272727 0.2647272727 1)
(1.257575758 0.2757575758 1)
(1.287878788 0.2867878788 1)
(1.318181818 0.2978181818 1)
(1.348484848 0.3088484848 1)
(1.378787879 0.3198787879 1)
(1.409090909 0.3309090909 1)
(1.439393939 0.3419393939 1)
(1.46969697 0.352969697 1)
(1.5 0.364 1)
(0.5303030303 0.07858909091 1)
(0.5606060606 0.08917818182 1)
(0.5909090909 0.09976727273 1)
(0.6212121212 0.1103563636 1)
(0.6515151515 0.1209454545 1)
(0.6818181818 0.1315345455 1)
(0.7121212121 0.1421236364 1)
(0.7424242424 0.1527127273 1)
(0.7727272727 0.1633018182 1)
(0.803030303 0.1738909091 1)
(0.8333333333 0.18448 1)
(0.8636363636 0.1950690909 1)
(0.8939393939 0.2056581818 1)
(0.9242424242 0.2162472727 1)
(0.9545454545 0.2268363636 1)
(0.9848484848 0.2374254545 1)
(1.015151515 0.2480145455 1)
(1.045454545 0.2586036364 1)
(1.075757576 0.2691927273 1)
(1.106060606 0.2797818182 1)
(1.136363636 0.2903709091 1)
(1.166666667 0.30096 1)
(1.196969697 0.3115490909 1)
(1.227272727 0.3221381818 1)
(1.257575758 0.3327272727 1)
(1.287878788 0.3433163636 1)
(1.318181818 0.3539054545 1)
(1.348484848 0.3644945455 1)
(1.378787879 0.3750836364 1)
(1.409090909 0.3856727273 1)
(1.439393939 0.3962618182 1)
(1.46969697 0.4068509091 1)
(1.5 0.41744 1)
(0.5303030303 0.1461478788 1)
(0.5606060606 0.1562957576 1)
(0.5909090909 0.1664436364 1)
(0.6212121212 0.1765915152 1)
(0.6515151515 0.1867393939 1)
(0.6818181818 0.1968872727 1)
(0.7121212121 0.2070351515 1)
(0.7424242424 0.2171830303 1)
(0.7727272727 0.2273309091 1)
(0.803030303 0.2374787879 1)
(0.8333333333 0.2476266667 1)
(0.8636363636 0.2577745455 1)
(0.8939393939 0.2679224242 1)
(0.9242424242 0.278070303 1)
(0.9545454545 0.2882181818 1)
(0.9848484848 0.2983660606 1)
(1.015151515 0.3085139394 1)
(1.045454545 0.3186618182 1)
(1.075757576 0.328809697 1)
(1.106060606 0.3389575758 1)
(1.136363636 0.3491054545 1)
(1.166666667 0.3592533333 1)
(1.196969697 0.3694012121 1)
(1.227272727 0.3795490909 1)
(1.257575758 0.3896969697 1)
(1.287878788 0.3998448485 1)
(1.318181818 0.4099927273 1)
(1.348484848 0.4201406061 1)
(1.378787879 0.4302884848 1)
(1.409090909 0.4404363636 1)
(1.439393939 0.4505842424 1)
(1.46969697 0.4607321212 1)
(1.5 0.47088 1)
(0.5303030303 0.2137066667 1)
(0.5606060606 0.2234133333 1)
(0.5909090909 0.23312 1)
(0.6212121212 0.2428266667 1)
(0.6515151515 0.2525333333 1)
(0.6818181818 0.26224 1)
(0.7121212121 0.2719466667 1)
(0.7424242424 0.2816533333 1)
(0.7727272727 0.29136 1)
(0.803030303 0.3010666667 1)
(0.8333333333 0.3107733333 1)
(0.8636363636 0.32048 1)
(0.8939393939 0.3301866667 1)
(0.9242424242 0.3398933333 1)
(0.9545454545 0.3496 1)
(0.9848484848 0.3593066667 1)
(1.015151515 0.3690133333 1)
(1.045454545 0.37872 1)
(1.075757576 0.3884266667 1)
(1.106060606 0.3981333333 1)
(1.136363636 0.40784 1)
(1.166666667 0.4175466667 1)
(1.196969697 0.4272533333 1)
(1.227272727 0.43696 1)
(1.257575758 0.4466666667 1)
(1.287878788 0.4563733333 1)
(1.318181818 0.46608 1)
(1.348484848 0.4757866667 1)
(1.378787879 0.4854933333 1)
(1.409090909 0.4952 1)
(1.439393939 0.5049066667 1)
(1.46969697 0.5146133333 1)
(1.5 0.52432 1)
(0.5303030303 0.2812654545 1)
(0.5606060606 0.2905309091 1)
(0.5909090909 0.2997963636 1)
(0.6212121212 0.3090618182 1)
(0.6515151515 0.3183272727 1)
(0.6818181818 0.3275927273 1)
(0.7121212121 0.3368581818 1)
(0.7424242424 0.3461236364 1)
(0.7727272727 0.3553890909 1)
(0.803030303 0.3646545455 1)
(0.8333333333 0.37392 1)
(0.8636363636 0.3831854545 1)
(0.8939393939 0.3924509091 1)
(0.9242424242 0.4017163636 1)
(0.9545454545 0.4109818182 1)
(0.9848484848 0.4202472727 1)
(1.015151515 0.4295127273 1)
(1.045454545 0.4387781818 1)
(1.075757576 0.4480436364 1)
(1.106060606 0.4573090909 1)
(1.136363636 0.4665745455 1)
(1.166666667 0.47584 1)
(1.196969697 0.4851054545 1)
(1.227272727 0.4943709091 1)
(1.257575758 0.5036363636 1)
(1.287878788 0.5129018182 1)
(1.318181818 0.5221672727 1)
(1.348484848 0.5314327273 1)
(1.378787879 0.5406981818 1)
(1.409090909 0.5499636364 1)
(1.439393939 0.5592290909 1)
(1.46969697 0.5684945455 1)
(1.5 0.57776 1)
(0.5303030303 0.3488242424 1)
(0.5606060606 0.3576484848 1)
(0.5909090909 0.3664727273 1)
(0.6212121212 0.3752969697 1)
(0.6515151515 0.3841212121 1)
(0.6818181818 0.3929454545 1)
(0.7121212121 0.401769697 1)
(0.7424242424 0.4105939394 1)
(0.7727272727 0.4194181818 1)
(0.803030303 0.4282424242 1)
(0.8333333333 0.4370666667 1)
(0.8636363636 0.4458909091 1)
(0.8939393939 0.4547151515 1)
(0.9242424242 0.4635393939 1)
(0.9545454545 0.4723636364 1)
(0.9848484848 0.4811878788 1)
(1.015151515 0.4900121212 1)
(1.045454545 0.4988363636 1)
(1.075757576 0.5076606061 1)
(1.106060606 0.5164848485 1)
(1.136363636 0.5253090909 1)
(1.166666667 0.5341333333 1)
(1.196969697 0.5429575758 1)
(1.227272727 0.5517818182 1)
(1.257575758 0.5606060606 1)
(1.287878788 0.569430303 1)
(1.318181818 0.5782545455 1)
(1.348484848 0.5870787879 1)
(1.378787879 0.5959030303 1)
(1.409090909 0.6047272727 1)
(1.439393939 0.6135515152 1)
(1.46969697 0.6223757576 1)
(1.5 0.6312 1)
(0.5303030303 0.4163830303 1)
(0.5606060606 0.4247660606 1)
(0.5909090909 0.4331490909 1)
(0.6212121212 0.4415321212 1)
(0.6515151515 0.4499151515 1)
(0.6818181818 0.4582981818 1)
(0.7121212121 0.4666812121 1)
(0.7424242424 0.4750642424 1)
(0.7727272727 0.4834472727 1)
(0.803030303 0.491830303 1)
(0.8333333333 0.5002133333 1)
(0.8636363636 0.5085963636 1)
(0.8939393939 0.5169793939 1)
(0.9242424242 0.5253624242 1)
(0.9545454545 0.5337454545 1)
(0.9848484848 0.5421284848 1)
(1.015151515 0.5505115152 1)
(1.045454545 0.5588945455 1)
(1.075757576 0.5672775758 1)
(1.106060606 0.5756606061 1)
(1.136363636 0.5840436364 1)
(1.166666667 0.5924266667 1)
(1.196969697 0.600809697 1)
(1.227272727 0.6091927273 1)
(1.257575758 0.6175757576 1)
(1.287878788 0.6259587879 1)
(1.318181818 0.6343418182 1)
(1.348484848 0.6427248485 1)
(1.378787879 0.6511078788 1)
(1.409090909 0.6594909091 1)
(1.439393939 0.6678739394 1)
(1.46969697 0.6762569697 1)
(1.5 0.68464 1)
(0.5303030303 0.4839418182 1)
(0.5606060606 0.4918836364 1)
(0.5909090909 0.4998254545 1)
(0.6212121212 0.5077672727 1)
(0.6515151515 0.5157090909 1)
(0.6818181818 0.5236509091 1)
(0.7121212121 0.5315927273 1)
(0.7424242424 0.5395345455 1)
(0.7727272727 0.5474763636 1)
(0.803030303 0.5554181818 1)
(0.8333333333 0.56336 1)
(0.8636363636 0.5713018182 1)
(0.8939393939 0.5792436364 1)
(0.9242424242 0.5871854545 1)
(0.9545454545 0.5951272727 1)
(0.9848484848 0.6030690909 1)
(1.015151515 0.6110109091 1)
(1.045454545 0.6189527273 1)
(1.075757576 0.6268945455 1)
(1.106060606 0.6348363636 1)
(1.136363636 0.6427781818 1)
(1.166666667 0.65072 1)
(1.196969697 0.6586618182 1)
(1.227272727 0.6666036364 1)
(1.257575758 0.6745454545 1)
(1.287878788 0.6824872727 1)
(1.318181818 0.6904290909 1)
(1.348484848 0.6983709091 1)
(1.378787879 0.7063127273 1)
(1.409090909 0.7142545455 1)
(1.439393939 0.7221963636 1)
(1.46969697 0.7301381818 1)
(1.5 0.73808 1)
(0.5303030303 0.5515006061 1)
(0.5606060606 0.5590012121 1)
(0.5909090909 0.5665018182 1)
(0.6212121212 0.5740024242 1)
(0.6515151515 0.5815030303 1)
(0.6818181818 0.5890036364 1)
(0.7121212121 0.5965042424 1)
(0.7424242424 0.6040048485 1)
(0.7727272727 0.6115054545 1)
(0.803030303 0.6190060606 1)
(0.8333333333 0.6265066667 1)
(0.8636363636 0.6340072727 1)
(0.8939393939 0.6415078788 1)
(0.9242424242 0.6490084848 1)
(0.9545454545 0.6565090909 1)
(0.9848484848 0.664009697 1)
(1.015151515 0.671510303 1)
(1.045454545 0.6790109091 1)
(1.075757576 0.6865115152 1)
(1.106060606 0.6940121212 1)
(1.136363636 0.7015127273 1)
(1.166666667 0.7090133333 1)
(1.196969697 0.7165139394 1)
(1.227272727 0.7240145455 1)
(1.257575758 0.7315151515 1)
(1.287878788 0.7390157576 1)
(1.318181818 0.7465163636 1)
(1.348484848 0.7540169697 1)
(1.378787879 0.7615175758 1)
(1.409090909 0.7690181818 1)
(1.439393939 0.7765187879 1)
(1.46969697 0.7840193939 1)
(1.5 0.79152 1)
(0.5303030303 0.6190593939 1)
(0.5606060606 0.6261187879 1)
(0.5909090909 0.6331781818 1)
(0.6212121212 0.6402375758 1)
(0.6515151515 0.6472969697 1)
(0.6818181818 0.6543563636 1)
(0.7121212121 0.6614157576 1)
(0.7424242424 0.6684751515 1)
(0.7727272727 0.6755345455 1)
(0.803030303 0.6825939394 1)
(0.8333333333 0.6896533333 1)
(0.8636363636 0.6967127273 1)
(0.8939393939 0.7037721212 1)
(0.9242424242 0.7108315152 1)
(0.9545454545 0.7178909091 1)
(0.9848484848 0.724950303 1)
(1.015151515 0.732009697 1)
(1.045454545 0.7390690909 1)
(1.075757576 0.7461284848 1)
(1.106060606 0.7531878788 1)
(1.136363636 0.7602472727 1)
(1.166666667 0.7673066667 1)
(1.196969697 0.7743660606 1)
(1.227272727 0.7814254545 1)
(1.257575758 0.7884848485 1)
(1.287878788 0.7955442424 1)
(1.318181818 0.8026036364 1)
(1.348484848 0.8096630303 1)
(1.378787879 0.8167224242 1)
(1.409090909 0.8237818182 1)
(1.439393939 0.8308412121 1)
(1.46969697 0.8379006061 1)
(1.5 0.84496 1)
(0.5303030303 0.6866181818 1)
(0.5606060606 0.6932363636 1)
(0.5909090909 0.6998545455 1)
(0.6212121212 0.7064727273 1)
(0.6515151515 0.7130909091 1)
(0.6818181818 0.7197090909 1)
(0.7121212121 0.7263272727 1)
(0.7424242424 0.7329454545 1)
(0.7727272727 0.7395636364 1)
(0.803030303 0.7461818182 1)
(0.8333333333 0.7528 1)
(0.8636363636 0.7594181818 1)
(0.8939393939 0.7660363636 1)
(0.9242424242 0.7726545455 1)
(0.9545454545 0.7792727273 1)
(0.9848484848 0.7858909091 1)
(1.015151515 0.7925090909 1)
(1.045454545 0.7991272727 1)
(1.075757576 0.8057454545 1)
(1.106060606 0.8123636364 1)
(1.136363636 0.8189818182 1)
(1.166666667 0.8256 1)
(1.196969697 0.8322181818 1)
(1.227272727 0.8388363636 1)
(1.257575758 0.8454545455 1)
(1.287878788 0.8520727273 1)
(1.318181818 0.8586909091 1)
(1.348484848 0.8653090909 1)
(1.378787879 0.8719272727 1)
(1.409090909 0.8785454545 1)
(1.439393939 0.8851636364 1)
(1.46969697 0.8917818182 1)
(1.5 0.8984 1)
(0.5303030303 0.7541769697 1)
(0.5606060606 0.7603539394 1)
(0.5909090909 0.7665309091 1)
(0.6212121212 0.7727078788 1)
(0.6515151515 0.7788848485 1)
(0.6818181818 0.7850618182 1)
(0.7121212121 0.7912387879 1)
(0.7424242424 0.7974157576 1)
(0.7727272727 0.8035927273 1)
(0.803030303 0.809769697 1)
(0.8333333333 0.8159466667 1)
(0.8636363636 0.8221236364 1)
(0.8939393939 0.8283006061 1)
(0.9242424242 0.8344775758 1)
(0.9545454545 0.8406545455 1)
(0.9848484848 0.8468315152 1)
(1.015151515 0.8530084848 1)
(1.045454545 0.8591854545 1)
(1.075757576 0.8653624242 1)
(1.106060606 0.8715393939 1)
(1.136363636 0.8777163636 1)
(1.166666667 0.8838933333 1)
(1.196969697 0.890070303 1)
(1.227272727 0.8962472727 1)
(1.257575758 0.9024242424 1)
(1.287878788 0.9086012121 1)
(1.318181818 0.9147781818 1)
(1.348484848 0.9209551515 1)
(1.378787879 0.9271321212 1)
(1.409090909 0.9333090909 1)
(1.439393939 0.9394860606 1)
(1.46969697 0.9456630303 1)
(1.5 0.95184 1)
(0.5303030303 0.8217357576 1)
(0.5606060606 0.8274715152 1)
(0.5909090909 0.8332072727 1)
(0.6212121212 0.8389430303 1)
(0.6515151515 0.8446787879 1)
(0.6818181818 0.8504145455 1)
(0.7121212121 0.856150303 1)
(0.7424242424 0.8618860606 1)
(0.7727272727 0.8676218182 1)
(0.803030303 0.8733575758 1)
(0.8333333333 0.8790933333 1)
(0.8636363636 0.8848290909 1)
(0.8939393939 0.8905648485 1)
(0.9242424242 0.8963006061 1)
(0.9545454545 0.9020363636 1)
(0.9848484848 0.9077721212 1)
(1.015151515 0.9135078788 1)
(1.045454545 0.9192436364 1)
(1.075757576 0.9249793939 1)
(1.106060606 0.9307151515 1)
(1.136363636 0.9364509091 1)
(1.166666667 0.9421866667 1)
(1.196969697 0.9479224242 1)
(1.227272727 0.9536581818 1)
(1.257575758 0.9593939394 1)
(1.287878788 0.965129697 1)
(1.318181818 0.9708654545 1)
(1.348484848 0.9766012121 1)
(1.378787879 0.9823369697 1)
(1.409090909 0.9880727273 1)
(1.439393939 0.9938084848 1)
(1.46969697 0.9995442424 1)
(1.5 1.00528 1)
(0.5303030303 0.8892945455 1)
(0.5606060606 0.8945890909 1)
(0.5909090909 0.8998836364 1)
(0.6212121212 0.9051781818 1)
(0.6515151515 0.9104727273 1)
(0.6818181818 0.9157672727 1)
(0.7121212121 0.9210618182 1)
(0.7424242424 0.9263563636 1)
(0.7727272727 0.9316509091 1)
(0.803030303 0.9369454545 1)
(0.8333333333 0.94224 1)
(0.8636363636 0.9475345455 1)
(0.8939393939 0.9528290909 1)
(0.9242424242 0.9581236364 1)
(0.9545454545 0.9634181818 1)
(0.9848484848 0.9687127273 1)
(1.015151515 0.9740072727 1)
(1.045454545 0.9793018182 1)
(1.075757576 0.9845963636 1)
(1.106060606 0.9898909091 1)
(1.136363636 0.9951854545 1)
(1.166666667 1.00048 1)
(1.196969697 1.005774545 1)
(1.227272727 1.011069091 1)
(1.257575758 1.016363636 1)
(1.287878788 1.021658182 1)
(1.318181818 1.026952727 1)
(1.348484848 1.032247273 1)
(1.378787879 1.037541818 1)
(1.409090909 1.042836364 1)
(1.439393939 1.048130909 1)
(1.46969697 1.053425455 1)
(1.5 1.05872 1)
(0.5303030303 0.9568533333 1)
(0.5606060606 0.9617066667 1)
(0.5909090909 0.96656 1)
(0.6212121212 0.9714133333 1)
(0.6515151515 0.9762666667 1)
(0.6818181818 0.98112 1)
(0.7121212121 0.9859733333 1)
(0.7424242424 0.9908266667 1)
(0.7727272727 0.99568 1)
(0.803030303 1.000533333 1)
(0.8333333333 1.005386667 1)
(0.8636363636 1.01024 1)
(0.8939393939 1.015093333 1)
(0.9242424242 1.019946667 1)
(0.9545454545 1.0248 1)
(0.9848484848 1.029653333 1)
(1.015151515 1.034506667 1)
(1.045454545 1.03936 1)
(1.075757576 1.044213333 1)
(1.106060606 1.049066667 1)
(1.136363636 1.05392 1)
(1.166666667 1.058773333 1)
(1.196969697 1.063626667 1)
(1.227272727 1.06848 1)
(1.257575758 1.073333333 1)
(1.287878788 1.078186667 1)
(1.318181818 1.08304 1)
(1.348484848 1.087893333 1)
(1.378787879 1.092746667 1)
(1.409090909 1.0976 1)
(1.439393939 1.102453333 1)
(1.46969697 1.107306667 1)
(1.5 1.11216 1)
(0.5303030303 1.024412121 1)
(0.5606060606 1.028824242 1)
(0.5909090909 1.033236364 1)
(0.6212121212 1.037648485 1)
(0.6515151515 1.042060606 1)
(0.6818181818 1.046472727 1)
(0.7121212121 1.050884848 1)
(0.7424242424 1.05529697 1)
(0.7727272727 1.059709091 1)
(0.803030303 1.064121212 1)
(0.8333333333 1.068533333 1)
(0.8636363636 1.072945455 1)
(0.8939393939 1.077357576 1)
(0.9242424242 1.081769697 1)
(0.9545454545 1.086181818 1)
(0.9848484848 1.090593939 1)
(1.015151515 1.095006061 1)
(1.045454545 1.099418182 1)
(1.075757576 1.103830303 1)
(1.106060606 1.108242424 1)
(1.136363636 1.112654545 1)
(1.166666667 1.117066667 1)
(1.196969697 1.121478788 1)
(1.227272727 1.125890909 1)
(1.257575758 1.13030303 1)
(1.287878788 1.134715152 1)
(1.318181818 1.139127273 1)
(1.348484848 1.143539394 1)
(1.378787879 1.147951515 1)
(1.409090909 1.152363636 1)
(1.439393939 1.156775758 1)
(1.46969697 1.161187879 1)
(1.5 1.1656 1)
(0.5303030303 1.091970909 1)
(0.5606060606 1.095941818 1)
(0.5909090909 1.099912727 1)
(0.6212121212 1.103883636 1)
(0.6515151515 1.107854545 1)
(0.6818181818 1.111825455 1)
(0.7121212121 1.115796364 1)
(0.7424242424 1.119767273 1)
(0.7727272727 1.123738182 1)
(0.803030303 1.127709091 1)
(0.8333333333 1.13168 1)
(0.8636363636 1.135650909 1)
(0.8939393939 1.139621818 1)
(0.9242424242 1.143592727 1)
(0.9545454545 1.147563636 1)
(0.9848484848 1.151534545 1)
(1.015151515 1.155505455 1)
(1.045454545 1.159476364 1)
(1.075757576 1.163447273 1)
(1.106060606 1.167418182 1)
(1.136363636 1.171389091 1)
(1.166666667 1.17536 1)
(1.196969697 1.179330909 1)
(1.227272727 1.183301818 1)
(1.257575758 1.187272727 1)
(1.287878788 1.191243636 1)
(1.318181818 1.195214545 1)
(1.348484848 1.199185455 1)
(1.378787879 1.203156364 1)
(1.409090909 1.207127273 1)
(1.439393939 1.211098182 1)
(1.46969697 1.215069091 1)
(1.5 1.21904 1)
(0.5303030303 1.159529697 1)
(0.5606060606 1.163059394 1)
(0.5909090909 1.166589091 1)
(0.6212121212 1.170118788 1)
(0.6515151515 1.173648485 1)
(0.6818181818 1.177178182 1)
(0.7121212121 1.180707879 1)
(0.7424242424 1.184237576 1)
(0.7727272727 1.187767273 1)
(0.803030303 1.19129697 1)
(0.8333333333 1.194826667 1)
(0.8636363636 1.198356364 1)
(0.8939393939 1.201886061 1)
(0.9242424242 1.205415758 1)
(0.9545454545 1.208945455 1)
(0.9848484848 1.212475152 1)
(1.015151515 1.216004848 1)
(1.045454545 1.219534545 1)
(1.075757576 1.223064242 1)
(1.106060606 1.226593939 1)
(1.136363636 1.230123636 1)
(1.166666667 1.233653333 1)
(1.196969697 1.23718303 1)
(1.227272727 1.240712727 1)
(1.257575758 1.244242424 1)
(1.287878788 1.247772121 1)
(1.318181818 1.251301818 1)
(1.348484848 1.254831515 1)
(1.378787879 1.258361212 1)
(1.409090909 1.261890909 1)
(1.439393939 1.265420606 1)
(1.46969697 1.268950303 1)
(1.5 1.27248 1)
(0.5303030303 1.227088485 1)
(0.5606060606 1.23017697 1)
(0.5909090909 1.233265455 1)
(0.6212121212 1.236353939 1)
(0.6515151515 1.239442424 1)
(0.6818181818 1.242530909 1)
(0.7121212121 1.245619394 1)
(0.7424242424 1.248707879 1)
(0.7727272727 1.251796364 1)
(0.803030303 1.254884848 1)
(0.8333333333 1.257973333 1)
(0.8636363636 1.261061818 1)
(0.8939393939 1.264150303 1)
(0.9242424242 1.267238788 1)
(0.9545454545 1.270327273 1)
(0.9848484848 1.273415758 1)
(1.015151515 1.276504242 1)
(1.045454545 1.279592727 1)
(1.075757576 1.282681212 1)
(1.106060606 1.285769697 1)
(1.136363636 1.288858182 1)
(1.166666667 1.291946667 1)
(1.196969697 1.295035152 1)
(1.227272727 1.298123636 1)
(1.257575758 1.301212121 1)
(1.287878788 1.304300606 1)
(1.318181818 1.307389091 1)
(1.348484848 1.310477576 1)
(1.378787879 1.313566061 1)
(1.409090909 1.316654545 1)
(1.439393939 1.31974303 1)
(1.46969697 1.322831515 1)
(1.5 1.32592 1)
(0.5303030303 1.294647273 1)
(0.5606060606 1.297294545 1)
(0.5909090909 1.299941818 1)
(0.6212121212 1.302589091 1)
(0.6515151515 1.305236364 1)
(0.6818181818 1.307883636 1)
(0.7121212121 1.310530909 1)
(0.7424242424 1.313178182 1)
(0.7727272727 1.315825455 1)
(0.803030303 1.318472727 1)
(0.8333333333 1.32112 1)
(0.8636363636 1.323767273 1)
(0.8939393939 1.326414545 1)
(0.9242424242 1.329061818 1)
(0.9545454545 1.331709091 1)
(0.9848484848 1.334356364 1)
(1.015151515 1.337003636 1)
(1.045454545 1.339650909 1)
(1.075757576 1.342298182 1)
(1.106060606 1.344945455 1)
(1.136363636 1.347592727 1)
(1.166666667 1.35024 1)
(1.196969697 1.352887273 1)
(1.227272727 1.355534545 1)
(1.257575758 1.358181818 1)
(1.287878788 1.360829091 1)
(1.318181818 1.363476364 1)
(1.348484848 1.366123636 1)
(1.378787879 1.368770909 1)
(1.409090909 1.371418182 1)
(1.439393939 1.374065455 1)
(1.46969697 1.376712727 1)
(1.5 1.37936 1)
(0.5303030303 1.362206061 1)
(0.5606060606 1.364412121 1)
(0.5909090909 1.366618182 1)
(0.6212121212 1.368824242 1)
(0.6515151515 1.371030303 1)
(0.6818181818 1.373236364 1)
(0.7121212121 1.375442424 1)
(0.7424242424 1.377648485 1)
(0.7727272727 1.379854545 1)
(0.803030303 1.382060606 1)
(0.8333333333 1.384266667 1)
(0.8636363636 1.386472727 1)
(0.8939393939 1.388678788 1)
(0.9242424242 1.390884848 1)
(0.9545454545 1.393090909 1)
(0.9848484848 1.39529697 1)
(1.015151515 1.39750303 1)
(1.045454545 1.399709091 1)
(1.075757576 1.401915152 1)
(1.106060606 1.404121212 1)
(1.136363636 1.406327273 1)
(1.166666667 1.408533333 1)
(1.196969697 1.410739394 1)
(1.227272727 1.412945455 1)
(1.257575758 1.415151515 1)
(1.287878788 1.417357576 1)
(1.318181818 1.419563636 1)
(1.348484848 1.421769697 1)
(1.378787879 1.423975758 1)
(1.409090909 1.426181818 1)
(1.439393939 1.428387879 1)
(1.46969697 1.430593939 1)
(1.5 1.4328 1)
(0.5303030303 1.429764848 1)
(0.5606060606 1.431529697 1)
(0.5909090909 1.433294545 1)
(0.6212121212 1.435059394 1)
(0.6515151515 1.436824242 1)
(0.6818181818 1.438589091 1)
(0.7121212121 1.440353939 1)
(0.7424242424 1.442118788 1)
(0.7727272727 1.443883636 1)
(0.803030303 1.445648485 1)
(0.8333333333 1.447413333 1)
(0.8636363636 1.449178182 1)
(0.8939393939 1.45094303 1)
(0.9242424242 1.452707879 1)
(0.9545454545 1.454472727 1)
(0.9848484848 1.456237576 1)
(1.015151515 1.458002424 1)
(1.045454545 1.459767273 1)
(1.075757576 1.461532121 1)
(1.106060606 1.46329697 1)
(1.136363636 1.465061818 1)
(1.166666667 1.466826667 1)
(1.196969697 1.468591515 1)
(1.227272727 1.470356364 1)
(1.257575758 1.472121212 1)
(1.287878788 1.473886061 1)
(1.318181818 1.475650909 1)
(1.348484848 1.477415758 1)
(1.378787879 1.479180606 1)
(1.409090909 1.480945455 1)
(1.439393939 1.482710303 1)
(1.46969697 1.484475152 1)
(1.5 1.48624 1)
(0.5303030303 1.497323636 1)
(0.5606060606 1.498647273 1)
(0.5909090909 1.499970909 1)
(0.6212121212 1.501294545 1)
(0.6515151515 1.502618182 1)
(0.6818181818 1.503941818 1)
(0.7121212121 1.505265455 1)
(0.7424242424 1.506589091 1)
(0.7727272727 1.507912727 1)
(0.803030303 1.509236364 1)
(0.8333333333 1.51056 1)
(0.8636363636 1.511883636 1)
(0.8939393939 1.513207273 1)
(0.9242424242 1.514530909 1)
(0.9545454545 1.515854545 1)
(0.9848484848 1.517178182 1)
(1.015151515 1.518501818 1)
(1.045454545 1.519825455 1)
(1.075757576 1.521149091 1)
(1.106060606 1.522472727 1)
(1.136363636 1.523796364 1)
(1.166666667 1.52512 1)
(1.196969697 1.526443636 1)
(1.227272727 1.527767273 1)
(1.257575758 1.529090909 1)
(1.287878788 1.530414545 1)
(1.318181818 1.531738182 1)
(1.348484848 1.533061818 1)
(1.378787879 1.534385455 1)
(1.409090909 1.535709091 1)
(1.439393939 1.537032727 1)
(1.46969697 1.538356364 1)
(1.5 1.53968 1)
(0.5303030303 1.564882424 1)
(0.5606060606 1.565764848 1)
(0.5909090909 1.566647273 1)
(0.6212121212 1.567529697 1)
(0.6515151515 1.568412121 1)
(0.6818181818 1.569294545 1)
(0.7121212121 1.57017697 1)
(0.7424242424 1.571059394 1)
(0.7727272727 1.571941818 1)
(0.803030303 1.572824242 1)
(0.8333333333 1.573706667 1)
(0.8636363636 1.574589091 1)
(0.8939393939 1.575471515 1)
(0.9242424242 1.576353939 1)
(0.9545454545 1.577236364 1)
(0.9848484848 1.578118788 1)
(1.015151515 1.579001212 1)
(1.045454545 1.579883636 1)
(1.075757576 1.580766061 1)
(1.106060606 1.581648485 1)
(1.136363636 1.582530909 1)
(1.166666667 1.583413333 1)
(1.196969697 1.584295758 1)
(1.227272727 1.585178182 1)
(1.257575758 1.586060606 1)
(1.287878788 1.58694303 1)
(1.318181818 1.587825455 1)
(1.348484848 1.588707879 1)
(1.378787879 1.589590303 1)
(1.409090909 1.590472727 1)
(1.439393939 1.591355152 1)
(1.46969697 1.592237576 1)
(1.5 1.59312 1)
(0.5303030303 1.632441212 1)
(0.5606060606 1.632882424 1)
(0.5909090909 1.633323636 1)
(0.6212121212 1.633764848 1)
(0.6515151515 1.634206061 1)
(0.6818181818 1.634647273 1)
(0.7121212121 1.635088485 1)
(0.7424242424 1.635529697 1)
(0.7727272727 1.635970909 1)
(0.803030303 1.636412121 1)
(0.8333333333 1.636853333 1)
(0.8636363636 1.637294545 1)
(0.8939393939 1.637735758 1)
(0.9242424242 1.63817697 1)
(0.9545454545 1.638618182 1)
(0.9848484848 1.639059394 1)
(1.015151515 1.639500606 1)
(1.045454545 1.639941818 1)
(1.075757576 1.64038303 1)
(1.106060606 1.640824242 1)
(1.136363636 1.641265455 1)
(1.166666667 1.641706667 1)
(1.196969697 1.642147879 1)
(1.227272727 1.642589091 1)
(1.257575758 1.643030303 1)
(1.287878788 1.643471515 1)
(1.318181818 1.643912727 1)
(1.348484848 1.644353939 1)
(1.378787879 1.644795152 1)
(1.409090909 1.645236364 1)
(1.439393939 1.645677576 1)
(1.46969697 1.646118788 1)
(1.5 1.64656 1)
(0.5303030303 1.7 1)
(0.5606060606 1.7 1)
(0.5909090909 1.7 1)
(0.6212121212 1.7 1)
(0.6515151515 1.7 1)
(0.6818181818 1.7 1)
(0.7121212121 1.7 1)
(0.7424242424 1.7 1)
(0.7727272727 1.7 1)
(0.803030303 1.7 1)
(0.8333333333 1.7 1)
(0.8636363636 1.7 1)
(0.8939393939 1.7 1)
(0.9242424242 1.7 1)
(0.9545454545 1.7 1)
(0.9848484848 1.7 1)
(1.015151515 1.7 1)
(1.045454545 1.7 1)
(1.075757576 1.7 1)
(1.106060606 1.7 1)
(1.136363636 1.7 1)
(1.166666667 1.7 1)
(1.196969697 1.7 1)
(1.227272727 1.7 1)
(1.257575758 1.7 1)
(1.287878788 1.7 1)
(1.318181818 1.7 1)
(1.348484848 1.7 1)
(1.378787879 1.7 1)
(1.409090909 1.7 1)
(1.439393939 1.7 1)
(1.46969697 1.7 1)
(1.5 1.7 1)
)


// ************************************************************************* //
