/*--------------------------------*- C++ -*----------------------------------*\
| =========                 |                                                 |
| \\      /  F ield         | OpenFOAM: The Open Source CFD Toolbox           |
|  \\    /   O peration     | Version:  2412                                  |
|   \\  /    A nd           | Website:  www.openfoam.com                      |
|    \\/     M anipulation  |                                                 |
\*---------------------------------------------------------------------------*/
FoamFile
{
    version     2.0;
    format      ascii;
    arch        "LSB;label=32;scalar=64";
    class       volScalarField;
    location    "4";
    object      Ma;
}
// * * * * * * * * * * * * * * * * * * * * * * * * * * * * * * * * * * * * * //

dimensions      [0 0 0 0 0 0 0];

internalField   nonuniform List<scalar> 
5250
(
2.99999
2.99997
2.99988
2.99977
2.99929
2.9986
2.99596
2.99169
2.97736
2.9468
2.86819
2.65368
2.24097
1.31934
0.570622
0.242805
0.315174
0.334992
0.299276
0.243051
0.192618
0.152674
0.113306
0.0700764
0.0370319
2.99999
2.99997
2.99989
2.99977
2.9993
2.99863
2.99601
2.99184
2.97772
2.94787
2.87055
2.66028
2.25398
1.3408
0.581946
0.245632
0.318675
0.339317
0.303853
0.248434
0.198968
0.160064
0.122489
0.0838136
0.0592287
2.99999
2.99997
2.99989
2.99978
2.99932
2.99867
2.99613
2.99213
2.97842
2.9501
2.87541
2.67434
2.2822
1.38949
0.608876
0.256062
0.329059
0.351265
0.316466
0.26284
0.215279
0.178775
0.14499
0.113239
0.0955672
2.99999
2.99997
2.9999
2.99979
2.99935
2.99873
2.99629
2.99254
2.97944
2.9533
2.8824
2.69477
2.32381
1.4645
0.650047
0.276594
0.347691
0.371651
0.337629
0.286265
0.240421
0.206336
0.176474
0.149991
0.135834
2.99999
2.99998
2.9999
2.9998
2.99939
2.99881
2.99649
2.99304
2.98065
2.95713
2.89071
2.7194
2.37478
1.56
0.704937
0.311776
0.376361
0.400247
0.367123
0.317756
0.273721
0.241414
0.21441
0.191687
0.179471
2.99999
2.99998
2.99991
2.99981
2.99943
2.99889
2.99672
2.99355
2.98189
2.96087
2.89844
2.74374
2.42253
1.67755
0.760203
0.34368
0.404261
0.42893
0.399931
0.355041
0.313586
0.283727
0.259437
0.239632
0.229481
3
2.99998
2.99992
2.99983
2.99947
2.99897
2.99694
2.994
2.98295
2.96405
2.90503
2.76651
2.46237
1.75932
0.829015
0.384073
0.429284
0.449845
0.428917
0.393364
0.35742
0.331359
0.311274
0.29607
0.289884
3
2.99998
2.99992
2.99984
2.99951
2.99904
2.99715
2.99445
2.98397
2.96704
2.91124
2.78873
2.49984
1.83656
0.916454
0.44018
0.450365
0.464237
0.45732
0.431211
0.403443
0.383965
0.370804
0.362599
0.3665
3
2.99998
2.99993
2.99986
2.99955
2.99913
2.99741
2.99497
2.98536
2.9702
2.91891
2.80948
2.54367
1.92263
1.02066
0.50316
0.465032
0.480914
0.485303
0.46956
0.450975
0.440424
0.437334
0.443862
0.472025
3
2.99999
2.99994
2.99988
2.99962
2.99925
2.99778
2.99559
2.98754
2.97351
2.92936
2.82682
2.59357
2.00215
1.12562
0.572222
0.479491
0.499593
0.513178
0.507627
0.500688
0.499917
0.512885
0.550047
0.646155
3
2.99999
2.99997
2.99988
2.99975
2.9993
2.9985
2.99604
2.99054
2.97644
2.93976
2.85809
2.61322
2.16307
1.22663
0.655297
0.494891
0.518803
0.541471
0.54557
0.548443
0.561559
0.597313
0.67773
0.852701
3
2.99999
2.99996
2.99991
2.99971
2.99943
2.99833
2.99665
2.99069
2.97976
2.94701
2.86887
2.69196
2.21813
1.4316
0.751006
0.523292
0.546548
0.571889
0.583575
0.595942
0.621937
0.676068
0.778361
0.965427
3
2.99999
2.99996
2.99992
2.99975
2.9995
2.99851
2.9971
2.99149
2.98305
2.95264
2.89588
2.7377
2.36941
1.63858
0.860292
0.571188
0.58862
0.608647
0.623372
0.641721
0.6786
0.741881
0.84443
1.00511
3
3
2.99997
2.99993
2.99979
2.99958
2.99875
2.99758
2.9929
2.98595
2.96047
2.91508
2.78174
2.48588
1.83755
0.971042
0.631112
0.632685
0.648505
0.666028
0.686997
0.726432
0.792732
0.885809
1.02047
3
3
2.99998
2.99995
2.99983
2.99967
2.999
2.99807
2.9944
2.98873
2.96922
2.92966
2.82673
2.55696
2.041
1.10597
0.708251
0.665576
0.682902
0.703305
0.728239
0.767486
0.831309
0.91683
1.02993
3
3
2.99998
2.99996
2.99987
2.99974
2.99921
2.99846
2.99556
2.99098
2.97546
2.94342
2.85971
2.63625
2.20946
1.31261
0.819457
0.696131
0.71054
0.732188
0.763289
0.801903
0.85963
0.938875
1.03814
3.00001
3
2.99999
2.99997
2.99989
2.99979
2.99936
2.99877
2.99638
2.99286
2.98015
2.95653
2.88897
2.71709
2.37155
1.56895
0.96273
0.745195
0.743214
0.76164
0.794617
0.835676
0.886507
0.956202
1.04367
3.00001
3
2.99999
2.99998
2.99992
2.99984
2.99951
2.99905
2.99719
2.99453
2.98435
2.96773
2.91451
2.79566
2.5274
1.91484
1.13696
0.822915
0.791498
0.801351
0.82746
0.865829
0.913838
0.974423
1.0502
3.00001
3
3
2.99999
2.99994
2.99988
2.99964
2.99929
2.99791
2.99588
2.98844
2.97559
2.93555
2.84326
2.63588
2.10295
1.31862
0.907281
0.833396
0.84148
0.862364
0.895627
0.939197
0.993597
1.05946
3.00001
3
3
2.99999
2.99997
2.9999
2.99979
2.99938
2.99876
2.99657
2.99263
2.98076
2.95336
2.88716
2.70465
2.35099
1.56246
1.03894
0.877944
0.875258
0.892721
0.923641
0.963503
1.01145
1.06934
3.00001
3.00001
3
2.99999
2.99998
2.99992
2.99984
2.99951
2.99905
2.99722
2.99457
2.98446
2.96812
2.91574
2.8034
2.53292
1.95901
1.22178
0.947839
0.919644
0.928812
0.955579
0.993066
1.03357
1.08204
3.00001
3.00001
3
3
2.99998
2.99996
2.99986
2.99972
2.99919
2.99838
2.99544
2.99057
2.97482
2.94169
2.85778
2.64304
2.19934
1.42896
1.03664
0.955644
0.960984
0.982909
1.01802
1.05671
1.09948
3.00001
3.00001
3
3
2.99999
2.99996
2.99992
2.99975
2.9995
2.99856
2.99714
2.99189
2.9834
2.95532
2.89784
2.75131
2.40116
1.71453
1.1806
1.01036
0.997431
1.01022
1.03741
1.07481
1.11528
3.00001
3.00001
3.00001
3
2.99999
2.99998
2.99993
2.99986
2.9996
2.9992
2.99771
2.9954
2.98741
2.97293
2.93007
2.82987
2.61091
2.08257
1.36848
1.08457
1.03895
1.04473
1.06382
1.09395
1.13124
3.00001
3.00001
3.00001
3
3
2.99999
2.99997
2.99989
2.99977
2.99934
2.99868
2.99632
2.99239
2.97981
2.95338
2.88551
2.71036
2.36554
1.6267
1.20405
1.0812
1.07476
1.08681
1.11266
1.14743
3.00001
3.00001
3.00001
3
3
2.99999
2.99998
2.99992
2.99984
2.99954
2.99909
2.99737
2.99486
2.98546
2.97033
2.92167
2.82295
2.57417
2.05768
1.39337
1.14853
1.11396
1.11699
1.1372
1.16668
3.00001
3.00001
3.00001
3.00001
3
3
2.99998
2.99996
2.99988
2.99975
2.99927
2.99856
2.99593
2.99179
2.97768
2.95146
2.8786
2.70619
2.32772
1.64657
1.25425
1.15178
1.14554
1.15627
1.18109
3.00001
3.00001
3.00001
3.00001
3.00001
3
2.99999
2.99997
2.99994
2.9998
2.9996
2.99887
2.99774
2.99371
2.98714
2.96567
2.92461
2.81186
2.56992
2.00577
1.43489
1.21278
1.18034
1.18303
1.20119
3.00001
3.00001
3.00001
3.00001
3.00001
3
3
2.99999
2.99995
2.9999
2.99969
2.9994
2.99828
2.99659
2.99069
2.98019
2.94934
2.87764
2.72196
2.30328
1.66375
1.30472
1.21724
1.21091
1.22088
3.00001
3.00001
3.00001
3.00001
3.00001
3.00001
3
2.99999
2.99997
2.99993
2.9998
2.9996
2.99885
2.99776
2.99363
2.98737
2.96552
2.92655
2.81449
2.58126
2.03256
1.48569
1.2749
1.24351
1.24593
3.00001
3.00001
3.00001
3.00001
3.00001
3.00001
3
3
2.99999
2.99995
2.9999
2.99971
2.99942
2.99835
2.99673
2.99108
2.98116
2.95162
2.88439
2.7351
2.34189
1.725
1.36976
1.27882
1.27215
3.00001
3.00001
3.00001
3.00001
3.00001
3.00001
3.00001
3
3
2.99997
2.99994
2.99981
2.99963
2.99893
2.99791
2.99409
2.98824
2.96805
2.93248
2.82817
2.61853
2.10077
1.56303
1.34046
1.30268
3.00001
3.00001
3.00001
3.00001
3.00001
3.00001
3.00001
3
3
2.99999
2.99996
2.99991
2.99973
2.99947
2.99849
2.99701
2.99183
2.98292
2.95576
2.89587
2.75852
2.41217
1.81451
1.44678
1.3425
3.00001
3.00001
3.00001
3.00001
3.00001
3.00001
3.00001
3.00001
3
2.99999
2.99998
2.99993
2.99986
2.99961
2.99922
2.99781
2.99567
2.98813
2.97543
2.93681
2.85373
2.66356
2.22911
1.64668
1.4128
3.00001
3.00001
3.00001
3.00001
3.00001
3.00001
3.00001
3.00001
3
3
2.99999
2.99996
2.99992
2.99976
2.99953
2.99864
2.99736
2.99253
2.9853
2.96026
2.91441
2.79462
2.51095
1.97429
1.54394
3.00001
3.00001
3.00001
3.00001
3.00001
3.00001
3.00001
3.00001
3.00001
3
3
2.99998
2.99995
2.99986
2.99972
2.99919
2.99842
2.99557
2.99123
2.97612
2.95058
2.87195
2.72249
2.31937
1.79068
3.00001
3.00001
3.00001
3.00001
3.00001
3.00001
3.00001
3.00001
3.00001
3.00001
3
2.99999
2.99997
2.99994
2.99981
2.99962
2.99893
2.99788
2.99417
2.98827
2.96911
2.93322
2.83861
2.6292
2.16751
3.00001
3.00001
3.00001
3.00001
3.00001
3.00001
3.00001
3.00001
3.00001
3.00001
3
3
2.99999
2.99997
2.99989
2.99978
2.99937
2.99876
2.99653
2.99319
2.98143
2.96182
2.90268
2.78305
2.4892
3.00001
3.00001
3.00001
3.00001
3.00001
3.00001
3.00001
3.00001
3.00001
3.00001
3.00001
3
3
2.99998
2.99995
2.99985
2.9997
2.99917
2.99834
2.99548
2.99081
2.97577
2.94859
2.86951
2.71722
3.00001
3.00001
3.00001
3.00001
3.00001
3.00001
3.00001
3.00001
3.00001
3.00001
3.00001
3.00001
3
2.99999
2.99997
2.99993
2.9998
2.99961
2.9989
2.99783
2.99408
2.98812
2.96889
2.93277
2.83979
3.00001
3.00001
3.00001
3.00001
3.00001
3.00001
3.00001
3.00001
3.00001
3.00001
3.00001
3.00001
3
3
2.99999
2.99997
2.99989
2.99978
2.99937
2.99878
2.99661
2.99333
2.98205
2.96282
2.90666
3.00001
3.00001
3.00001
3.00001
3.00001
3.00001
3.00001
3.00001
3.00001
3.00001
3.00001
3.00001
3.00001
3
3
2.99998
2.99995
2.99986
2.99971
2.9992
2.99841
2.99571
2.99129
2.97718
2.95177
3.00001
3.00001
3.00001
3.00001
3.00001
3.00001
3.00001
3.00001
3.00001
3.00001
3.00001
3.00001
3.00001
3.00001
3
2.99999
2.99997
2.99994
2.99981
2.99963
2.99897
2.99796
2.99449
2.98889
2.97118
3.00001
3.00001
3.00001
3.00001
3.00001
3.00001
3.00001
3.00001
3.00001
3.00001
3.00001
3.00001
3.00001
3.00001
3
3
2.99999
2.99996
2.99991
2.99975
2.99949
2.9986
2.99725
2.99252
2.98504
3.00001
3.00001
3.00001
3.00001
3.00001
3.00001
3.00001
3.00001
3.00001
3.00001
3.00001
3.00001
3.00001
3.00001
3.00001
3
3
2.99998
2.99995
2.99983
2.99967
2.99906
2.99816
2.99486
2.98985
3.00001
3.00001
3.00001
3.00001
3.00001
3.00001
3.00001
3.00001
3.00001
3.00001
3.00001
3.00001
3.00001
3.00001
3.00001
3
3
2.99999
2.99995
2.99989
2.99968
2.99938
2.9982
2.99647
2.98994
3.00001
3.00001
3.00001
3.00001
3.00001
3.00001
3.00001
3.00001
3.00001
3.00001
3.00001
3.00001
3.00001
3.00001
3.00001
3
3
2.99999
2.99996
2.99991
2.99971
2.99944
2.99832
2.99674
2.99044
3.00001
3.00001
3.00001
3.00001
3.00001
3.00001
3.00001
3.00001
3.00001
3.00001
3.00001
3.00001
3.00001
3.00001
3.00001
3
3
2.99999
2.99996
2.99991
2.99973
2.99947
2.99845
2.99689
2.99128
3.00001
3.00001
3.00001
3.00001
3.00001
3.00001
3.00001
3.00001
3.00001
3.00001
3.00001
3.00001
3.00001
3.00001
3.00001
3
3
2.99999
2.99997
2.99991
2.99981
2.99945
2.99882
2.99687
2.99254
3.00001
3.00001
3.00001
3.00001
3.00001
3.00001
3.00001
3.00001
3.00001
3.00001
3.00001
3.00001
3.00001
3.00001
3.00001
3
3
2.99999
2.99996
2.99992
2.99974
2.99949
2.99849
2.99697
2.99147
1.09242
1.28489
1.34243
1.30998
1.23755
1.15576
1.07778
1.03365
1.02006
1.01202
0.990275
0.936874
0.817292
0.577685
0.301749
0.128029
0.0756042
0.13311
0.226114
0.304607
0.373415
0.427696
0.465036
0.491201
0.514632
0.538366
0.561856
0.581586
0.593468
0.599782
0.59985
0.587543
0.558805
0.514598
0.460114
0.401171
0.341905
0.284371
0.228977
0.176366
0.127496
0.081544
0.0431484
0.0283161
0.0585026
0.0947034
0.129771
0.162908
0.193744
0.222235
0.251744
0.281533
0.310164
0.337076
0.363155
0.388133
0.412667
0.436202
0.459374
0.481585
0.50355
0.524594
0.545468
0.565482
0.585418
0.604516
0.623638
0.641921
0.660313
0.677889
0.695609
0.712545
0.729668
0.745996
0.762603
0.778352
0.794487
0.809697
0.825365
0.840073
0.855269
0.86949
0.884225
0.897974
0.912255
0.925568
0.939417
0.952327
0.965787
0.978313
0.991392
1.00352
1.01619
1.02782
1.03992
1.05078
1.06174
1.07071
1.07839
1.08276
1.13612
1.25484
1.32255
1.36436
1.4054
1.43624
1.44576
1.44029
1.42156
1.38623
1.34725
1.29499
1.19683
0.999703
0.718154
0.517096
0.410865
0.327405
0.248381
0.17706
0.114439
0.0686428
0.0943358
0.156275
0.220976
0.276758
0.32253
0.353993
0.368928
0.372786
0.367988
0.350979
0.318483
0.27212
0.218192
0.164807
0.115326
0.0777664
0.0627532
0.0806808
0.113448
0.148386
0.183434
0.215241
0.247001
0.277922
0.308537
0.33773
0.365522
0.391146
0.417014
0.443325
0.469266
0.493488
0.517039
0.539633
0.561908
0.583265
0.604368
0.624587
0.644664
0.663878
0.683044
0.701377
0.719737
0.737293
0.754942
0.771809
0.788824
0.805076
0.82153
0.837226
0.853187
0.868373
0.883896
0.898609
0.913717
0.927981
0.942685
0.956503
0.970817
0.984191
0.998114
1.01107
1.0246
1.03719
1.05032
1.06257
1.07534
1.08727
1.09972
1.11139
1.12356
1.13489
1.14664
1.15725
1.16798
1.17684
1.18449
1.18892
1.13788
1.24618
1.34299
1.43561
1.51986
1.58552
1.61706
1.61842
1.61168
1.59302
1.56182
1.51018
1.43435
1.28168
1.04462
0.833618
0.717377
0.638513
0.565459
0.497218
0.429346
0.362273
0.295728
0.232642
0.172913
0.118415
0.0709564
0.0498051
0.0751699
0.0989011
0.113452
0.099836
0.0790249
0.0864813
0.113533
0.146081
0.18333
0.220306
0.254298
0.28659
0.317678
0.347795
0.376639
0.403772
0.430081
0.455596
0.480752
0.505004
0.528232
0.549717
0.570894
0.592752
0.614803
0.635648
0.65576
0.675183
0.694284
0.712877
0.731133
0.748931
0.766448
0.783532
0.800412
0.81687
0.833163
0.849078
0.864825
0.880253
0.895497
0.910455
0.925255
0.939755
0.954181
0.968265
0.982365
0.996084
1.00987
1.02326
1.03672
1.04977
1.06287
1.07561
1.08833
1.10077
1.11312
1.12527
1.13735
1.14928
1.1612
1.17291
1.18465
1.19607
1.20755
1.21858
1.22966
1.24003
1.2502
1.25903
1.26639
1.27092
1.14532
1.25422
1.35349
1.44416
1.52504
1.5921
1.64386
1.68013
1.69572
1.69514
1.6875
1.66442
1.61259
1.49485
1.30498
1.07341
0.934993
0.869828
0.810847
0.746168
0.6884
0.633155
0.573149
0.513798
0.457149
0.401531
0.346862
0.295249
0.24833
0.212715
0.19504
0.201192
0.240333
0.288042
0.333279
0.373206
0.408713
0.438892
0.46624
0.490825
0.514168
0.536217
0.5576
0.577986
0.597987
0.617567
0.636997
0.656076
0.674653
0.691914
0.708631
0.725855
0.744015
0.761609
0.778607
0.794947
0.811146
0.826964
0.842702
0.858078
0.873336
0.888239
0.903045
0.917511
0.931955
0.946089
0.960268
0.974116
0.988042
1.00154
1.0152
1.02832
1.04171
1.05451
1.06766
1.0802
1.09311
1.10541
1.11806
1.13012
1.1425
1.15432
1.16646
1.17805
1.19001
1.20144
1.21319
1.22438
1.23586
1.24683
1.25808
1.26883
1.27985
1.29031
1.30102
1.31092
1.32088
1.32942
1.33684
1.34119
1.14593
1.25227
1.34825
1.43548
1.51479
1.58596
1.64755
1.7001
1.7389
1.76031
1.76147
1.75312
1.72691
1.6654
1.51844
1.30194
1.11737
1.03021
0.978892
0.93255
0.887601
0.839567
0.790647
0.744197
0.694586
0.643009
0.59211
0.542243
0.495686
0.458133
0.4352
0.439985
0.470493
0.512981
0.554653
0.59219
0.621084
0.641529
0.657546
0.671623
0.685144
0.698512
0.712066
0.725385
0.738959
0.752359
0.766159
0.779912
0.79391
0.807052
0.819852
0.832875
0.847231
0.861896
0.876184
0.889939
0.903615
0.917099
0.930649
0.944031
0.957402
0.97062
0.983738
0.996703
1.00956
1.02235
1.03515
1.04787
1.06058
1.07314
1.0856
1.0979
1.11006
1.12214
1.13416
1.14611
1.15809
1.1699
1.18176
1.19334
1.20495
1.21632
1.22775
1.23903
1.25028
1.26144
1.27253
1.28351
1.29442
1.30511
1.31582
1.32621
1.3367
1.34681
1.35702
1.36668
1.37624
1.38472
1.39203
1.3964
1.14249
1.24216
1.33404
1.41902
1.49654
1.56724
1.63127
1.68628
1.73398
1.76991
1.79385
1.79767
1.78974
1.76216
1.6915
1.52791
1.29938
1.16823
1.10839
1.06331
1.02714
0.994267
0.95811
0.917794
0.875852
0.833092
0.785615
0.738938
0.691718
0.64647
0.617326
0.619812
0.649735
0.692254
0.734749
0.771521
0.798173
0.812117
0.818214
0.821923
0.826049
0.831675
0.838538
0.846164
0.854451
0.863129
0.872475
0.882256
0.892717
0.902936
0.912797
0.922615
0.933691
0.945728
0.957958
0.969733
0.98149
0.993056
1.00483
1.01659
1.0286
1.04055
1.05259
1.06447
1.07636
1.08809
1.09979
1.11142
1.12309
1.13468
1.14639
1.15791
1.16958
1.18095
1.19253
1.20373
1.21523
1.22631
1.23774
1.24883
1.26019
1.27118
1.2823
1.29304
1.30397
1.31449
1.32532
1.33571
1.34646
1.35679
1.36736
1.37755
1.38786
1.39778
1.40782
1.41728
1.42681
1.43526
1.44277
1.4473
1.13852
1.23078
1.31857
1.39936
1.47485
1.54437
1.60759
1.66617
1.7167
1.76231
1.79748
1.82207
1.82566
1.81685
1.78549
1.70332
1.52504
1.31303
1.21408
1.17172
1.13551
1.10407
1.07647
1.04955
1.01451
0.974902
0.931619
0.887276
0.832869
0.774649
0.741231
0.745122
0.77594
0.819548
0.865854
0.904177
0.932785
0.948905
0.953183
0.949831
0.945044
0.942698
0.94246
0.944806
0.948664
0.953367
0.959124
0.965386
0.972636
0.979914
0.987311
0.994436
1.00251
1.01165
1.0218
1.03176
1.04176
1.05165
1.0619
1.07224
1.08293
1.09363
1.10452
1.11531
1.12615
1.13685
1.14761
1.15827
1.16907
1.17985
1.19086
1.20179
1.21295
1.22395
1.23508
1.24604
1.257
1.26792
1.27882
1.28966
1.30049
1.31119
1.32196
1.3325
1.3431
1.35349
1.36386
1.37415
1.38437
1.39457
1.40474
1.41482
1.42494
1.43479
1.44471
1.45415
1.46352
1.47199
1.47947
1.48402
1.13429
1.21978
1.3014
1.37937
1.45178
1.51949
1.58255
1.63988
1.69365
1.74012
1.78257
1.81559
1.83819
1.84038
1.82985
1.79492
1.70252
1.52532
1.33848
1.2555
1.22415
1.1965
1.16724
1.14331
1.11568
1.08292
1.04129
0.989726
0.921198
0.850534
0.82057
0.829207
0.860431
0.906991
0.95836
1.00137
1.02956
1.0485
1.05802
1.05698
1.04798
1.03737
1.03003
1.02605
1.02463
1.02561
1.02781
1.03101
1.03522
1.04006
1.0455
1.05073
1.05677
1.06367
1.07214
1.08088
1.08997
1.09896
1.10836
1.11784
1.12782
1.13784
1.14818
1.15836
1.16873
1.17881
1.18915
1.19923
1.20974
1.22013
1.23094
1.24171
1.25271
1.2636
1.27456
1.28532
1.29622
1.30676
1.3175
1.32793
1.33862
1.34909
1.35975
1.37024
1.38087
1.39124
1.4018
1.41194
1.4224
1.43234
1.44265
1.45247
1.46259
1.4723
1.48215
1.49158
1.50095
1.50949
1.51714
1.52179
1.13352
1.21051
1.28696
1.35966
1.42929
1.4947
1.55555
1.61338
1.66539
1.71521
1.75811
1.79803
1.82917
1.84929
1.85026
1.838
1.80008
1.69759
1.53006
1.36636
1.29476
1.26764
1.24439
1.21859
1.18989
1.15927
1.11777
1.05296
0.961784
0.885985
0.866483
0.881577
0.915305
0.965793
1.02267
1.06895
1.10063
1.11903
1.13104
1.13594
1.13227
1.12107
1.1082
1.09777
1.09078
1.08718
1.08585
1.08668
1.08889
1.09213
1.09639
1.10071
1.10556
1.11097
1.11781
1.1255
1.13367
1.14187
1.15048
1.15924
1.16858
1.17802
1.18795
1.19772
1.20776
1.21753
1.2275
1.23727
1.24731
1.25724
1.26756
1.27775
1.28837
1.29874
1.30954
1.31996
1.33064
1.34098
1.35151
1.36179
1.37224
1.38249
1.39295
1.40317
1.41364
1.4238
1.43418
1.44425
1.45445
1.46443
1.47447
1.48435
1.49429
1.50403
1.51391
1.52335
1.53292
1.54156
1.54947
1.55436
1.13506
1.20467
1.27483
1.34359
1.40919
1.47181
1.53135
1.58625
1.63961
1.68696
1.73332
1.77307
1.81045
1.83958
1.85653
1.85616
1.84222
1.80203
1.69333
1.5369
1.39188
1.32942
1.30298
1.28047
1.25146
1.21262
1.16023
1.07287
0.965507
0.900939
0.892955
0.911975
0.952098
1.00704
1.06498
1.11194
1.14638
1.16904
1.18234
1.18999
1.19302
1.18891
1.17801
1.16468
1.15278
1.14406
1.1388
1.1364
1.13616
1.13791
1.14097
1.14467
1.14877
1.15311
1.1587
1.16527
1.17283
1.18052
1.18878
1.1972
1.20618
1.21527
1.22485
1.23431
1.24411
1.2536
1.26341
1.2729
1.28279
1.29246
1.30257
1.31255
1.32295
1.33326
1.34382
1.35418
1.36473
1.37504
1.38552
1.39572
1.40608
1.41615
1.42639
1.43642
1.44658
1.45661
1.46672
1.47672
1.48679
1.49664
1.50663
1.51627
1.52615
1.53559
1.54529
1.55454
1.56385
1.57254
1.58026
1.58548
1.13935
1.20141
1.26515
1.32918
1.3913
1.45119
1.50806
1.56266
1.61296
1.66222
1.70599
1.7492
1.78637
1.82124
1.84873
1.86236
1.86053
1.84533
1.80326
1.69289
1.54364
1.41445
1.35786
1.32683
1.2966
1.25062
1.17309
1.05441
0.943397
0.903123
0.907525
0.931689
0.977382
1.03642
1.09145
1.13655
1.17221
1.19941
1.21745
1.22869
1.23399
1.23707
1.23428
1.22525
1.21299
1.20075
1.19121
1.18497
1.18204
1.1818
1.1839
1.18722
1.19126
1.19532
1.20021
1.20604
1.21321
1.22078
1.22888
1.23709
1.24579
1.25454
1.26375
1.27291
1.28242
1.29179
1.30145
1.31095
1.32075
1.33036
1.3403
1.35005
1.36018
1.37
1.38022
1.39013
1.40042
1.41042
1.42071
1.43073
1.44092
1.45087
1.46091
1.47075
1.48067
1.49042
1.50031
1.50998
1.51986
1.52945
1.53925
1.54871
1.55832
1.5676
1.57693
1.58594
1.59483
1.60314
1.61054
1.6154
1.14818
1.20257
1.26013
1.318
1.3762
1.43234
1.4872
1.53916
1.58956
1.6363
1.68192
1.72318
1.76339
1.79884
1.83112
1.85691
1.86717
1.86398
1.84766
1.80343
1.69254
1.54736
1.43207
1.37359
1.32785
1.26531
1.15286
1.00685
0.916598
0.899431
0.911915
0.946508
0.998873
1.05612
1.10653
1.14925
1.18477
1.21398
1.23637
1.253
1.26309
1.26932
1.27315
1.27408
1.26808
1.25796
1.24693
1.2378
1.23163
1.22935
1.22973
1.23241
1.23639
1.24059
1.24516
1.25036
1.25697
1.26446
1.27258
1.28073
1.28922
1.29766
1.30644
1.31517
1.3242
1.33315
1.34243
1.35165
1.36122
1.37067
1.38049
1.39005
1.39983
1.40929
1.41902
1.42848
1.43822
1.44772
1.45749
1.46704
1.4768
1.48633
1.49602
1.50547
1.51504
1.52437
1.53385
1.5431
1.55254
1.56172
1.57112
1.58019
1.58949
1.59835
1.60745
1.61593
1.6246
1.63228
1.63943
1.64378
1.15988
1.20794
1.25901
1.31177
1.36475
1.41744
1.46867
1.51862
1.56655
1.61281
1.65668
1.69872
1.73804
1.77514
1.80939
1.83886
1.86305
1.86992
1.86532
1.84684
1.79937
1.68821
1.54212
1.43172
1.35285
1.25588
1.09552
0.949574
0.897266
0.897478
0.915459
0.957763
1.01419
1.06642
1.11171
1.15124
1.18597
1.21651
1.24244
1.26466
1.28184
1.29532
1.30427
1.31164
1.31569
1.31481
1.30865
1.29952
1.29156
1.28613
1.28406
1.28427
1.28695
1.29054
1.29471
1.29897
1.30434
1.31076
1.31826
1.32587
1.33379
1.34159
1.3497
1.35778
1.36625
1.37468
1.38347
1.39217
1.40127
1.41032
1.41973
1.42884
1.43824
1.44729
1.45663
1.46565
1.47495
1.48397
1.49322
1.50224
1.51145
1.52046
1.52965
1.53863
1.54777
1.55666
1.56574
1.57449
1.58351
1.59215
1.60111
1.60962
1.61849
1.6268
1.63545
1.64338
1.65151
1.65863
1.6652
1.66934
1.17122
1.21498
1.26079
1.30885
1.35762
1.40686
1.45485
1.50242
1.54787
1.59258
1.63485
1.67623
1.71465
1.75238
1.78609
1.81907
1.84602
1.86661
1.87038
1.86352
1.84111
1.7866
1.6701
1.51176
1.3753
1.2139
1.01157
0.897247
0.8783
0.887957
0.919341
0.967677
1.01895
1.06516
1.10674
1.14492
1.18045
1.21328
1.24386
1.27155
1.29683
1.31811
1.33576
1.34856
1.35906
1.36522
1.36865
1.36598
1.359
1.35175
1.34541
1.34196
1.34073
1.34198
1.34483
1.34814
1.35195
1.35638
1.3623
1.3689
1.37616
1.38337
1.39092
1.39836
1.40625
1.41407
1.42236
1.43045
1.439
1.44726
1.45589
1.46426
1.47306
1.48157
1.49048
1.49906
1.508
1.51662
1.52556
1.53423
1.54317
1.55188
1.5608
1.5695
1.5784
1.58703
1.59587
1.60434
1.61304
1.62128
1.6298
1.63777
1.64608
1.65374
1.66173
1.66895
1.67634
1.68283
1.68881
1.69258
1.18281
1.22171
1.26397
1.30755
1.35294
1.39873
1.44457
1.48934
1.53351
1.57589
1.61737
1.65678
1.69528
1.73129
1.76615
1.79839
1.82776
1.85327
1.86661
1.86588
1.85432
1.82242
1.7492
1.60907
1.40858
1.15042
0.924906
0.85673
0.858042
0.874946
0.914177
0.964753
1.01306
1.05729
1.09956
1.13956
1.17863
1.21592
1.2519
1.28557
1.31666
1.34435
1.36793
1.38682
1.40151
1.41245
1.42055
1.42426
1.4238
1.41836
1.40975
1.40235
1.39609
1.39331
1.39258
1.3942
1.39693
1.39956
1.40322
1.40792
1.41411
1.42058
1.42761
1.43448
1.4418
1.44897
1.4567
1.46431
1.47242
1.48022
1.48844
1.49635
1.50469
1.51277
1.52126
1.52948
1.53803
1.54632
1.55486
1.56319
1.57173
1.58007
1.58861
1.59694
1.60549
1.61374
1.62228
1.63037
1.63882
1.64669
1.65497
1.66254
1.67049
1.67761
1.68506
1.69158
1.69848
1.70426
1.70933
1.71263
1.19844
1.23159
1.2694
1.30971
1.3511
1.39333
1.43664
1.47879
1.52129
1.5617
1.60224
1.63994
1.67805
1.71262
1.74782
1.77885
1.80991
1.83518
1.8547
1.85685
1.84869
1.8252
1.76811
1.65026
1.42246
1.10311
0.868577
0.821196
0.833126
0.864865
0.915159
0.969474
1.02069
1.06887
1.11361
1.15698
1.19818
1.23852
1.27618
1.31162
1.34337
1.37256
1.3978
1.42011
1.4374
1.4517
1.4616
1.46915
1.47235
1.47311
1.46917
1.4615
1.45279
1.44562
1.44035
1.4382
1.4382
1.43982
1.44207
1.44481
1.4492
1.45467
1.46099
1.46728
1.47409
1.48079
1.48804
1.49521
1.50285
1.51029
1.51821
1.52592
1.53402
1.5419
1.55009
1.55806
1.56625
1.57427
1.58244
1.59049
1.59865
1.60666
1.61486
1.62281
1.63108
1.63895
1.64724
1.65497
1.66311
1.67056
1.67835
1.68532
1.69255
1.69885
1.70551
1.71124
1.71708
1.72166
1.72513
1.72766
1.21477
1.24732
1.27944
1.31521
1.35347
1.392
1.43184
1.47154
1.51137
1.55033
1.5889
1.62569
1.66262
1.69638
1.73102
1.76147
1.79214
1.81711
1.83553
1.83667
1.82764
1.80481
1.75003
1.64317
1.43982
1.1653
0.94595
0.893907
0.907774
0.934236
0.978093
1.02878
1.07592
1.11905
1.15916
1.19704
1.23349
1.26844
1.30201
1.33389
1.36423
1.39225
1.41808
1.44104
1.4616
1.47851
1.49207
1.50217
1.51023
1.51436
1.51622
1.51439
1.50864
1.49984
1.49193
1.48525
1.4814
1.47991
1.4807
1.48247
1.48506
1.48857
1.49385
1.4997
1.5062
1.51258
1.51941
1.52607
1.53309
1.54
1.54724
1.55436
1.56179
1.56914
1.57676
1.58432
1.5921
1.59978
1.60765
1.61538
1.62333
1.63106
1.63906
1.64673
1.65471
1.66226
1.67012
1.67741
1.685
1.69183
1.69891
1.70502
1.71147
1.71698
1.72282
1.72736
1.73171
1.73456
1.73588
1.73842
1.22986
1.26095
1.29292
1.32452
1.35846
1.39428
1.43014
1.46737
1.50393
1.54089
1.57752
1.61262
1.64822
1.68119
1.71429
1.74454
1.77293
1.79654
1.80752
1.80292
1.78984
1.75738
1.69029
1.55572
1.40309
1.25413
1.09438
0.999322
0.983896
0.996519
1.01895
1.05572
1.0994
1.14087
1.17887
1.21417
1.24816
1.28084
1.31299
1.34401
1.37418
1.4023
1.42905
1.45352
1.47659
1.49665
1.51431
1.528
1.53922
1.54799
1.55367
1.55544
1.55567
1.55168
1.54474
1.53582
1.52845
1.52276
1.52018
1.51951
1.52091
1.52253
1.52531
1.52957
1.53548
1.54162
1.54807
1.55437
1.56097
1.5675
1.57439
1.58122
1.58838
1.59549
1.60287
1.61016
1.6177
1.62508
1.63273
1.64013
1.64784
1.65522
1.66291
1.67019
1.67776
1.68482
1.69213
1.69876
1.70563
1.71154
1.71773
1.72299
1.72852
1.73303
1.73715
1.74014
1.74189
1.74248
1.7418
1.74491
1.24307
1.27485
1.3055
1.33647
1.36701
1.39973
1.43259
1.46653
1.50101
1.53468
1.5695
1.60254
1.63608
1.66798
1.69893
1.72777
1.75271
1.76895
1.76967
1.75921
1.73431
1.68199
1.57174
1.45254
1.36917
1.30907
1.22693
1.12761
1.06575
1.05145
1.06092
1.07808
1.10939
1.14908
1.18798
1.224
1.25788
1.29017
1.3215
1.35208
1.38153
1.40967
1.43642
1.46213
1.48635
1.50902
1.52913
1.54678
1.56125
1.57346
1.58329
1.59042
1.59374
1.59459
1.59286
1.58718
1.57906
1.57118
1.56449
1.56049
1.55868
1.55913
1.56048
1.56248
1.56614
1.57136
1.57744
1.58355
1.58991
1.59615
1.60264
1.60902
1.61575
1.62236
1.62936
1.63618
1.64337
1.65031
1.65758
1.66452
1.6718
1.67866
1.68593
1.6926
1.69976
1.70603
1.71282
1.71845
1.72439
1.72939
1.73457
1.73896
1.74282
1.74573
1.74742
1.74805
1.74767
1.74702
1.74288
1.74536
1.26241
1.28763
1.31647
1.34596
1.37475
1.40533
1.43623
1.46805
1.49989
1.5321
1.56393
1.59589
1.62679
1.65713
1.68538
1.71096
1.72871
1.73222
1.72287
1.70131
1.65483
1.56135
1.44955
1.38129
1.35555
1.33778
1.30905
1.25641
1.18603
1.13059
1.11149
1.11619
1.12863
1.15384
1.18991
1.2271
1.26233
1.29563
1.32733
1.35815
1.38736
1.41559
1.4424
1.46886
1.49396
1.51795
1.53973
1.56015
1.57794
1.59387
1.60664
1.61782
1.626
1.63093
1.63216
1.63201
1.62849
1.62202
1.61348
1.6061
1.60036
1.59738
1.59645
1.59741
1.5989
1.60154
1.60615
1.61184
1.6181
1.62415
1.63046
1.63652
1.64296
1.64918
1.6558
1.66223
1.66901
1.67555
1.68244
1.68887
1.6958
1.70196
1.70878
1.71462
1.72103
1.72644
1.73197
1.73671
1.74147
1.74564
1.74925
1.75197
1.75348
1.75397
1.75358
1.75279
1.74962
1.74634
1.73924
1.73984
1.28143
1.30228
1.32991
1.35755
1.38431
1.41222
1.44081
1.47038
1.50065
1.53037
1.56102
1.59034
1.62005
1.64743
1.67252
1.69105
1.69572
1.68668
1.66672
1.62272
1.53995
1.42909
1.364
1.34654
1.34894
1.35463
1.35324
1.33841
1.30054
1.24297
1.18839
1.16325
1.16294
1.17397
1.19468
1.22704
1.26303
1.29836
1.33165
1.36331
1.39297
1.42115
1.44834
1.47506
1.50087
1.52541
1.54872
1.57053
1.59113
1.60955
1.62599
1.63958
1.65146
1.66101
1.66728
1.66997
1.67044
1.66883
1.66348
1.65573
1.64773
1.64109
1.63645
1.63444
1.63442
1.63529
1.63728
1.64085
1.64633
1.652
1.65805
1.66393
1.66998
1.67585
1.68198
1.68787
1.69423
1.70011
1.70661
1.7124
1.71877
1.72436
1.73027
1.73543
1.74052
1.74489
1.7491
1.75294
1.75623
1.75869
1.75994
1.76025
1.75961
1.75852
1.75518
1.75128
1.74565
1.74108
1.734
1.73413
1.3025
1.31744
1.34009
1.36852
1.3949
1.42095
1.44738
1.47429
1.50237
1.53073
1.55846
1.58679
1.61291
1.63763
1.65578
1.66093
1.65165
1.63248
1.5905
1.51162
1.40266
1.33676
1.32401
1.334
1.34933
1.36751
1.37951
1.38017
1.37086
1.34211
1.29494
1.2421
1.21444
1.21109
1.22061
1.23756
1.26543
1.2991
1.334
1.36688
1.39781
1.42651
1.45473
1.48168
1.50817
1.53288
1.55709
1.57981
1.60195
1.62215
1.64113
1.65753
1.67224
1.68441
1.69522
1.70255
1.70657
1.70728
1.70685
1.70345
1.69728
1.6889
1.68143
1.67548
1.67207
1.6708
1.67127
1.67244
1.67517
1.67939
1.68503
1.6906
1.69656
1.70197
1.70782
1.71314
1.71897
1.7243
1.73006
1.73531
1.74074
1.74561
1.75028
1.75425
1.75784
1.76116
1.76396
1.76601
1.76689
1.76694
1.76607
1.76432
1.76062
1.7561
1.75056
1.7457
1.73978
1.73692
1.73211
1.73353
1.32817
1.33492
1.35247
1.37769
1.40364
1.42898
1.45436
1.47998
1.50567
1.53207
1.55828
1.58293
1.60642
1.62353
1.62847
1.61851
1.59927
1.55766
1.4794
1.37548
1.30955
1.29727
1.30835
1.32715
1.35239
1.38007
1.3994
1.40645
1.40744
1.40112
1.3801
1.34206
1.29558
1.26812
1.26116
1.26835
1.28117
1.30334
1.33521
1.36834
1.40052
1.43092
1.46017
1.48823
1.51483
1.54024
1.56466
1.58845
1.61113
1.6329
1.653
1.67204
1.68885
1.70412
1.71689
1.72852
1.73712
1.74251
1.74436
1.74454
1.74284
1.73769
1.73029
1.7222
1.71538
1.71012
1.7078
1.70732
1.70789
1.70951
1.7131
1.71769
1.72315
1.72818
1.73358
1.73845
1.74353
1.74823
1.75298
1.75738
1.76153
1.76511
1.76811
1.77075
1.77299
1.77444
1.77491
1.77447
1.77338
1.77061
1.76633
1.76154
1.75533
1.75043
1.74462
1.74166
1.73867
1.7386
1.73827
1.74063
1.36633
1.36157
1.37029
1.38848
1.4131
1.43724
1.46103
1.48509
1.50936
1.53362
1.55758
1.57901
1.59513
1.59934
1.58837
1.56825
1.52552
1.44603
1.34467
1.27891
1.2673
1.27881
1.29917
1.32823
1.36007
1.38758
1.40996
1.42428
1.43186
1.43408
1.43141
1.41797
1.38839
1.35177
1.32327
1.31197
1.31619
1.3254
1.34291
1.37057
1.40161
1.43337
1.46402
1.49339
1.52067
1.54697
1.57203
1.5967
1.62002
1.64257
1.66384
1.68415
1.70302
1.72044
1.73584
1.74964
1.7617
1.7716
1.77832
1.78151
1.78203
1.78135
1.77815
1.77178
1.76373
1.75572
1.74939
1.74536
1.74387
1.74372
1.74443
1.74645
1.75012
1.75451
1.75922
1.76363
1.76787
1.77172
1.77526
1.77825
1.78057
1.78232
1.78382
1.78464
1.78449
1.78358
1.78187
1.77824
1.77296
1.76785
1.7609
1.75566
1.7498
1.74664
1.74433
1.74456
1.74603
1.74823
1.75158
1.75503
1.4057
1.38703
1.38872
1.40329
1.42428
1.44796
1.47036
1.49166
1.51366
1.53497
1.55493
1.56969
1.57254
1.56053
1.53904
1.49434
1.41256
1.31114
1.24729
1.23651
1.2485
1.27064
1.3017
1.33552
1.36521
1.39106
1.41419
1.43357
1.44914
1.45881
1.46311
1.46379
1.45718
1.43737
1.40828
1.37923
1.3652
1.36416
1.37155
1.38494
1.40668
1.43619
1.46716
1.49756
1.52615
1.55344
1.57989
1.60511
1.6292
1.65213
1.67436
1.69552
1.71585
1.73466
1.75237
1.7682
1.78268
1.7953
1.80623
1.81396
1.81859
1.81996
1.81987
1.8179
1.81282
1.80486
1.79623
1.7886
1.78326
1.77997
1.77882
1.77852
1.77929
1.78134
1.78458
1.78799
1.79116
1.79386
1.79575
1.79668
1.79725
1.79711
1.79643
1.79497
1.79191
1.7874
1.78122
1.77546
1.76795
1.76206
1.75633
1.75269
1.75071
1.75142
1.75291
1.75548
1.75972
1.76547
1.77124
1.77516
1.49918
1.42247
1.41223
1.41716
1.43375
1.45636
1.47913
1.50063
1.51937
1.53685
1.54847
1.5489
1.53532
1.51163
1.46372
1.37728
1.27531
1.21622
1.2072
1.21907
1.24253
1.27549
1.30992
1.3405
1.36764
1.39229
1.41625
1.43817
1.45898
1.47624
1.48784
1.4964
1.49904
1.49767
1.48681
1.46465
1.43878
1.42131
1.41542
1.42074
1.42971
1.44629
1.47235
1.5012
1.53079
1.55972
1.58777
1.61359
1.6383
1.66174
1.68499
1.70689
1.72814
1.74791
1.7671
1.7847
1.80126
1.81586
1.82924
1.84066
1.84947
1.85526
1.85759
1.85766
1.85637
1.8526
1.8457
1.83639
1.82768
1.82048
1.81574
1.81252
1.81127
1.81063
1.81071
1.81168
1.81298
1.81361
1.8134
1.81244
1.81122
1.80869
1.80423
1.79884
1.79165
1.78487
1.77691
1.77006
1.76437
1.76048
1.75847
1.7594
1.76096
1.76367
1.76823
1.7745
1.78094
1.78726
1.79337
1.79701
1.67919
1.47835
1.44334
1.43909
1.44604
1.463
1.48475
1.5054
1.52298
1.53293
1.53096
1.51514
1.48845
1.43575
1.34238
1.23988
1.18624
1.17939
1.1915
1.21636
1.25109
1.28577
1.31667
1.34401
1.36946
1.39429
1.41868
1.44285
1.46607
1.48817
1.50645
1.52175
1.53175
1.5382
1.53953
1.53563
1.52163
1.50007
1.48
1.47072
1.47102
1.47729
1.48897
1.50848
1.53653
1.5659
1.59403
1.6207
1.64631
1.67141
1.69509
1.71802
1.73924
1.7604
1.78009
1.79946
1.81697
1.83364
1.84836
1.86215
1.87379
1.88353
1.88993
1.89323
1.89348
1.89259
1.88974
1.88302
1.87376
1.86381
1.85527
1.84822
1.84301
1.83919
1.83637
1.83386
1.83185
1.82959
1.82673
1.82305
1.81779
1.8117
1.80377
1.79557
1.78699
1.77933
1.7732
1.76917
1.76714
1.76814
1.76979
1.77263
1.7775
1.78396
1.79058
1.79724
1.80403
1.80995
1.81508
1.81787
1.96464
1.59241
1.47908
1.46213
1.46195
1.4724
1.49021
1.50854
1.52061
1.51696
1.49929
1.46905
1.41054
1.30912
1.2061
1.15886
1.15506
1.16753
1.19433
1.23063
1.26531
1.29592
1.32298
1.34855
1.37349
1.39841
1.42368
1.44862
1.47372
1.49781
1.52023
1.54076
1.5569
1.56935
1.57924
1.58233
1.58202
1.57518
1.55942
1.54011
1.5265
1.52137
1.52607
1.53347
1.54775
1.57079
1.59767
1.62585
1.65312
1.67927
1.70363
1.72679
1.74926
1.77082
1.79158
1.811
1.82987
1.84727
1.86404
1.8789
1.8928
1.90462
1.91478
1.92179
1.92594
1.92647
1.92567
1.92303
1.91694
1.90728
1.89639
1.88531
1.87575
1.86707
1.85948
1.85293
1.84576
1.83962
1.83263
1.82481
1.81559
1.80631
1.79705
1.78873
1.78209
1.77778
1.77574
1.77683
1.77856
1.78159
1.7867
1.79315
1.79996
1.8068
1.81393
1.82017
1.82597
1.83041
1.8338
1.83555
2.30443
1.82193
1.56523
1.49721
1.48474
1.48513
1.49493
1.50668
1.5042
1.48504
1.45007
1.38457
1.27567
1.1724
1.13193
1.13269
1.14602
1.17507
1.2134
1.24766
1.27721
1.30347
1.32847
1.35318
1.37824
1.40366
1.42929
1.45507
1.4806
1.50584
1.52992
1.55314
1.57366
1.59098
1.60597
1.61671
1.62333
1.62473
1.62292
1.61335
1.5976
1.58183
1.57339
1.57238
1.57741
1.58698
1.60387
1.62845
1.65576
1.68267
1.70866
1.73318
1.7571
1.77948
1.80077
1.82081
1.8402
1.85879
1.87624
1.89276
1.90748
1.92143
1.93319
1.94374
1.95101
1.95552
1.95605
1.95519
1.95229
1.94565
1.93519
1.92213
1.90772
1.89409
1.88031
1.86708
1.85468
1.84272
1.83054
1.81887
1.80784
1.79824
1.79084
1.78631
1.78421
1.78531
1.78708
1.79023
1.79544
1.8017
1.80864
1.81561
1.82289
1.82935
1.83541
1.84022
1.84427
1.84677
1.84818
1.8492
2.6294
2.18233
1.73602
1.54987
1.51304
1.50341
1.5
1.49354
1.4715
1.42964
1.35209
1.23796
1.13985
1.10616
1.1108
1.12677
1.15792
1.19711
1.23101
1.25933
1.28456
1.30865
1.33296
1.35785
1.38322
1.4091
1.43507
1.46115
1.48702
1.51263
1.53769
1.56195
1.58501
1.60595
1.6249
1.63993
1.65349
1.66316
1.66647
1.66669
1.66299
1.6524
1.63739
1.62515
1.6194
1.62227
1.62831
1.64017
1.65978
1.68391
1.70956
1.73602
1.76105
1.78504
1.8075
1.82925
1.8497
1.86901
1.88752
1.90436
1.92097
1.93526
1.94925
1.96052
1.97065
1.9778
1.98119
1.98115
1.97991
1.97602
1.96717
1.95405
1.93722
1.918
1.89784
1.87822
1.85923
1.84152
1.82586
1.81281
1.80308
1.79686
1.79429
1.79522
1.79694
1.80004
1.80511
1.81105
1.81784
1.82482
1.83188
1.83827
1.84424
1.84931
1.85337
1.85634
1.85802
1.8588
1.85837
1.85931
2.79185
2.51249
2.01833
1.66348
1.54726
1.51837
1.49945
1.46803
1.41041
1.31022
1.19214
1.10642
1.0806
1.0877
1.10978
1.14516
1.18355
1.21614
1.2433
1.26735
1.29069
1.3143
1.33865
1.36388
1.38949
1.41558
1.44172
1.46772
1.49381
1.51942
1.54483
1.56964
1.59355
1.61645
1.63795
1.6568
1.67374
1.68863
1.69942
1.70694
1.70832
1.70749
1.70178
1.69047
1.67735
1.66873
1.6656
1.66967
1.67754
1.6917
1.7137
1.73727
1.76176
1.78612
1.81014
1.83346
1.85508
1.87617
1.89515
1.9139
1.93085
1.94657
1.96137
1.97347
1.98518
1.99327
1.99895
1.99953
1.99892
1.99584
1.98836
1.9754
1.95691
1.93477
1.91037
1.88551
1.86214
1.84211
1.82653
1.81552
1.80964
1.80842
1.80974
1.81201
1.81602
1.82174
1.82795
1.83485
1.84162
1.84786
1.85354
1.85845
1.8624
1.86539
1.86712
1.86789
1.86767
1.86667
1.86459
1.86482
2.87821
2.73716
2.35451
1.89674
1.63129
1.53959
1.48382
1.40022
1.27356
1.1414
1.06675
1.05186
1.06326
1.09316
1.13451
1.1714
1.20203
1.22724
1.25023
1.27291
1.29614
1.32036
1.34535
1.37108
1.39704
1.42313
1.44913
1.4751
1.5009
1.52655
1.55177
1.57666
1.60092
1.62441
1.64724
1.66834
1.68802
1.70554
1.72051
1.73412
1.74305
1.74671
1.74702
1.74508
1.73827
1.72693
1.71553
1.70945
1.71042
1.71515
1.72492
1.74164
1.76327
1.7865
1.81046
1.83346
1.85594
1.8779
1.89797
1.91776
1.93522
1.95171
1.96701
1.97946
1.99141
1.99963
2.00474
2.00523
2.00462
2.00156
1.99352
1.97997
1.96152
1.93953
1.91551
1.8918
1.87058
1.85365
1.8407
1.83256
1.82937
1.8298
1.83109
1.83405
1.83929
1.84552
1.85149
1.85757
1.86296
1.8678
1.87163
1.87463
1.87644
1.87722
1.87697
1.87603
1.87446
1.87146
1.86653
1.86457
2.93805
2.85073
2.66516
2.23583
1.80745
1.5711
1.435
1.24572
1.08542
1.01474
1.01209
1.03199
1.07054
1.11718
1.15544
1.18557
1.20983
1.23155
1.25346
1.27642
1.30041
1.32525
1.35061
1.37633
1.40208
1.42793
1.45371
1.4794
1.50492
1.53009
1.55493
1.57932
1.60331
1.62669
1.64967
1.67145
1.69242
1.71184
1.72884
1.74526
1.75868
1.76939
1.77649
1.77789
1.77719
1.77398
1.76605
1.75546
1.74701
1.74308
1.74685
1.75366
1.76589
1.78452
1.80557
1.82767
1.85026
1.87259
1.893
1.91306
1.93119
1.94767
1.96321
1.97558
1.9862
1.99399
1.99601
1.99607
1.99494
1.98985
1.97965
1.96518
1.94894
1.93175
1.91433
1.89937
1.88505
1.87367
1.8644
1.85837
1.85552
1.85536
1.85587
1.85772
1.86099
1.86597
1.87054
1.8751
1.87894
1.88214
1.88432
1.88507
1.88487
1.88394
1.88242
1.87926
1.87502
1.86943
1.86305
1.86004
2.96099
2.91576
2.80309
2.54137
2.06235
1.61356
1.28184
1.01488
0.93654
0.951678
0.986387
1.03756
1.08708
1.12741
1.15848
1.18285
1.20424
1.22582
1.24869
1.27293
1.2981
1.32354
1.34905
1.37463
1.40016
1.42563
1.45096
1.47596
1.50079
1.52507
1.54925
1.57291
1.59631
1.61937
1.64176
1.6638
1.68481
1.70506
1.72365
1.7412
1.75679
1.77089
1.78306
1.79086
1.79544
1.79582
1.79513
1.7914
1.78352
1.77357
1.76924
1.76927
1.77417
1.78292
1.79723
1.81712
1.83735
1.85826
1.8784
1.89798
1.91648
1.93257
1.94655
1.95839
1.96665
1.97032
1.97111
1.97045
1.96691
1.95811
1.94835
1.93744
1.92728
1.9177
1.91119
1.90482
1.89876
1.89278
1.8873
1.88228
1.87848
1.87609
1.87499
1.8753
1.87604
1.87773
1.88014
1.88328
1.88568
1.88722
1.88756
1.88731
1.88621
1.88338
1.87956
1.87375
1.86799
1.86146
1.85499
1.85183
2.97253
2.94242
2.85528
2.67356
2.25609
1.63024
1.00057
0.733967
0.778889
0.845035
0.926577
0.992667
1.04202
1.07932
1.10885
1.13474
1.16017
1.18614
1.21277
1.23989
1.26724
1.29471
1.32154
1.34799
1.37404
1.3997
1.42507
1.44988
1.47449
1.49859
1.52241
1.54595
1.56905
1.59192
1.61431
1.63625
1.65764
1.67825
1.698
1.71658
1.73391
1.7498
1.76521
1.77737
1.78842
1.79536
1.79833
1.7988
1.79833
1.79446
1.78755
1.78101
1.77799
1.78241
1.78908
1.79944
1.81516
1.83319
1.85215
1.87075
1.88751
1.90204
1.9143
1.9231
1.92745
1.92861
1.92815
1.92556
1.91918
1.9127
1.9071
1.90254
1.89986
1.90086
1.90192
1.90275
1.90312
1.90219
1.90051
1.89738
1.8934
1.88917
1.88522
1.88255
1.88054
1.87946
1.87933
1.87969
1.88008
1.8796
1.87834
1.87618
1.87333
1.86848
1.86353
1.85679
1.85103
1.84499
1.83952
1.83729
2.97972
2.94497
2.8774
2.70021
2.28646
1.55139
0.715677
0.422961
0.545823
0.683138
0.782221
0.852956
0.906154
0.949305
0.987118
1.02249
1.05652
1.08948
1.1215
1.1527
1.18316
1.21308
1.24264
1.27134
1.29934
1.32671
1.35365
1.38011
1.40612
1.43175
1.45686
1.48155
1.50583
1.52957
1.55298
1.57581
1.59812
1.61993
1.64096
1.66146
1.68104
1.69969
1.71784
1.73428
1.74968
1.76277
1.77217
1.7791
1.78112
1.78206
1.78164
1.77726
1.77081
1.76774
1.76848
1.77343
1.78167
1.79311
1.80808
1.82343
1.83752
1.8501
1.85879
1.86397
1.86575
1.86626
1.86496
1.86111
1.85885
1.85747
1.85919
1.86223
1.86753
1.87467
1.88152
1.88781
1.89247
1.89476
1.89473
1.89356
1.89161
1.88772
1.8824
1.87698
1.87242
1.86827
1.86531
1.8624
1.86016
1.85708
1.85412
1.84947
1.84495
1.83871
1.83358
1.82727
1.82277
1.81831
1.81482
1.81392
2.98085
2.9469
2.87932
2.70355
2.26235
1.48011
0.594241
0.2378
0.390371
0.527599
0.617346
0.683891
0.739986
0.790779
0.837987
0.882024
0.923208
0.961882
0.998541
1.03352
1.06722
1.09985
1.13178
1.16319
1.19392
1.22387
1.25316
1.28167
1.30951
1.33666
1.3633
1.38943
1.41528
1.44072
1.46597
1.49087
1.51543
1.53959
1.56335
1.58651
1.60917
1.63076
1.65163
1.67128
1.68965
1.70688
1.72107
1.73362
1.74207
1.74635
1.74856
1.74952
1.74824
1.74306
1.73833
1.73577
1.73756
1.74233
1.74968
1.75796
1.76669
1.77363
1.77743
1.78045
1.7821
1.7825
1.78295
1.78446
1.78738
1.79279
1.80162
1.81284
1.82276
1.8332
1.84253
1.85111
1.85792
1.86311
1.86544
1.86552
1.86556
1.86411
1.86033
1.85443
1.84824
1.84207
1.83601
1.83059
1.82478
1.81954
1.81336
1.80757
1.80091
1.79524
1.78947
1.78541
1.78162
1.77994
1.77761
1.77856
2.98112
2.95002
2.87577
2.70434
2.23771
1.44659
0.560371
0.206895
0.347943
0.452679
0.514609
0.564215
0.613069
0.662247
0.710282
0.756127
0.799552
0.840663
0.879838
0.917329
0.953426
0.988318
1.02207
1.05505
1.08728
1.11873
1.1494
1.17952
1.20905
1.23826
1.26701
1.29558
1.32366
1.35147
1.37887
1.40579
1.43247
1.45852
1.48429
1.50938
1.53391
1.55789
1.58085
1.60327
1.62431
1.64426
1.66249
1.67848
1.69189
1.70185
1.70631
1.70894
1.71003
1.70875
1.7019
1.6937
1.68671
1.68089
1.67771
1.67573
1.67512
1.67434
1.67352
1.67444
1.6775
1.68034
1.68458
1.69173
1.70236
1.71575
1.72931
1.74372
1.75744
1.77155
1.78403
1.79616
1.80616
1.81503
1.82064
1.82378
1.82462
1.82556
1.82322
1.81847
1.81122
1.80331
1.7938
1.78502
1.77522
1.76672
1.75751
1.74999
1.74245
1.73704
1.73223
1.72963
1.72762
1.72735
1.72641
1.72808
2.9813
2.95189
2.88504
2.68311
2.29846
1.43194
0.607596
0.26816
0.39028
0.481378
0.519552
0.545757
0.577201
0.614276
0.65394
0.694038
0.733619
0.772331
0.810008
0.846648
0.882178
0.916678
0.950171
0.982688
1.0144
1.04554
1.07611
1.10632
1.13617
1.16579
1.19512
1.22429
1.25314
1.28188
1.31019
1.3383
1.3659
1.3932
1.41981
1.44605
1.47145
1.49618
1.5201
1.54299
1.56482
1.58573
1.60486
1.62288
1.63861
1.65154
1.66118
1.66542
1.6678
1.66773
1.66515
1.65536
1.64177
1.62618
1.61086
1.59647
1.58536
1.5766
1.57165
1.57576
1.57987
1.586
1.59638
1.61182
1.62976
1.64833
1.66725
1.68595
1.70389
1.72115
1.73678
1.75125
1.76372
1.77412
1.78215
1.78605
1.78768
1.78801
1.786
1.78082
1.77155
1.75961
1.74546
1.73049
1.71516
1.70083
1.68704
1.67602
1.66567
1.65901
1.65287
1.65025
1.64741
1.64749
1.64675
1.64813
2.98133
2.95049
2.87557
2.70391
2.2291
1.42914
0.550602
0.20795
0.347929
0.440857
0.481153
0.508437
0.539727
0.576122
0.61495
0.654244
0.693181
0.731389
0.768714
0.805034
0.840296
0.874547
0.907806
0.940244
0.971865
1.00295
1.03337
1.06352
1.09321
1.12274
1.15194
1.18093
1.20964
1.23797
1.26608
1.29361
1.32098
1.34762
1.37411
1.39981
1.42532
1.44993
1.47434
1.49762
1.52044
1.54219
1.56269
1.58204
1.59937
1.61426
1.62636
1.63173
1.63412
1.63389
1.6313
1.62059
1.60176
1.57834
1.55228
1.528
1.50766
1.49502
1.49133
1.49557
1.50218
1.51291
1.52845
1.54829
1.56965
1.59077
1.61162
1.63145
1.65099
1.66821
1.6849
1.69865
1.71152
1.72095
1.72876
1.73165
1.73156
1.73052
1.72752
1.72046
1.70879
1.69322
1.67529
1.6554
1.63579
1.61708
1.6005
1.58711
1.57642
1.56943
1.56489
1.56275
1.56285
1.56422
1.56567
1.57003
)
;

boundaryField
{
    inlet
    {
        type            calculated;
        value           uniform 3.00001;
    }
    outlet
    {
        type            calculated;
        value           nonuniform List<scalar> 
40
(
1.08276
1.18892
1.27092
1.34119
1.3964
1.4473
1.48402
1.52179
1.55436
1.58548
1.6154
1.64378
1.66934
1.69258
1.71263
1.72766
1.73842
1.74491
1.74536
1.73984
1.73413
1.73353
1.74063
1.75503
1.77516
1.79701
1.81787
1.83555
1.8492
1.85931
1.86482
1.86457
1.86004
1.85183
1.83729
1.81392
1.77856
1.72808
1.64813
1.57003
)
;
    }
    bottom
    {
        type            symmetryPlane;
    }
    top
    {
        type            symmetryPlane;
    }
    obstacle
    {
        type            calculated;
        value           uniform 0;
    }
    defaultFaces
    {
        type            empty;
    }
}


// ************************************************************************* //
