/*--------------------------------*- C++ -*----------------------------------*\
| =========                 |                                                 |
| \\      /  F ield         | OpenFOAM: The Open Source CFD Toolbox           |
|  \\    /   O peration     | Version:  2412                                  |
|   \\  /    A nd           | Website:  www.openfoam.com                      |
|    \\/     M anipulation  |                                                 |
\*---------------------------------------------------------------------------*/
FoamFile
{
    version     2.0;
    format      ascii;
    arch        "LSB;label=32;scalar=64";
    class       volScalarField;
    location    "4";
    object      T;
}
// * * * * * * * * * * * * * * * * * * * * * * * * * * * * * * * * * * * * * //

dimensions      [0 0 0 1 0 0 0];

internalField   nonuniform List<scalar> 
5250
(
1.00001
1.00002
1.00006
1.0001
1.00033
1.00061
1.00182
1.00372
1.00974
1.02489
1.05676
1.17199
1.39398
2.11276
2.62814
2.74709
2.74175
2.73583
2.75054
2.7626
2.77512
2.78331
2.79016
2.8005
2.80259
1.00001
1.00002
1.00006
1.0001
1.00033
1.0006
1.0018
1.00365
1.0096
1.02436
1.05575
1.16841
1.38579
2.09459
2.62264
2.74664
2.74126
2.73471
2.74932
2.76135
2.77352
2.78167
2.78862
2.79807
2.79964
1.00001
1.00002
1.00005
1.0001
1.00032
1.00058
1.00175
1.00351
1.00934
1.02324
1.05368
1.16082
1.36819
2.05362
2.60761
2.74394
2.73879
2.73106
2.74589
2.75801
2.77112
2.77804
2.78586
2.79556
2.79645
1.00001
1.00001
1.00005
1.00009
1.0003
1.00055
1.00169
1.00331
1.00896
1.02164
1.05073
1.14989
1.34276
1.99027
2.58349
2.73829
2.73367
2.72453
2.74129
2.75023
2.76541
2.77408
2.77935
2.79082
2.79247
1.00001
1.00001
1.00005
1.00009
1.00029
1.00052
1.00161
1.00307
1.0085
1.01972
1.04723
1.13686
1.31234
1.91292
2.54763
2.72657
2.72191
2.71263
2.73168
2.74437
2.75464
2.76624
2.77344
2.7817
2.7832
1.00001
1.00001
1.00005
1.00008
1.00027
1.00048
1.0015
1.00283
1.00802
1.01788
1.04406
1.1245
1.28536
1.77729
2.55937
2.71218
2.7039
2.69519
2.71159
2.72914
2.74423
2.75109
2.75878
2.77217
2.77411
1.00001
1.00001
1.00004
1.00008
1.00025
1.00045
1.00141
1.00262
1.00763
1.01629
1.0415
1.11269
1.26194
1.71455
2.55493
2.69891
2.68799
2.68452
2.70278
2.71143
2.72829
2.73905
2.74573
2.75241
2.75406
1.00001
1.00001
1.00004
1.00007
1.00023
1.00042
1.00132
1.00241
1.00726
1.0148
1.03914
1.10113
1.24045
1.66664
2.53329
2.67902
2.66503
2.66815
2.67893
2.6985
2.70993
2.71695
2.72186
2.73258
2.7305
1
1.00001
1.00004
1.00006
1.00021
1.00038
1.0012
1.00218
1.00665
1.01332
1.03584
1.09078
1.21602
1.60994
2.46845
2.65887
2.66386
2.65989
2.66092
2.67185
2.6899
2.69554
2.69444
2.69361
2.67729
1
1.00001
1.00003
1.00006
1.00018
1.00033
1.00102
1.00193
1.00556
1.01198
1.03059
1.08355
1.18678
1.56329
2.39458
2.62123
2.6595
2.64845
2.64397
2.6491
2.65526
2.66451
2.65877
2.64292
2.59548
1
1.00001
1.00002
1.00006
1.00011
1.00031
1.00068
1.00168
1.00439
1.00987
1.02863
1.05996
1.19524
1.44177
2.1882
2.58706
2.66075
2.64721
2.62739
2.62627
2.62904
2.62678
2.61036
2.56241
2.37436
1
1.00001
1.00002
1.00004
1.00013
1.00025
1.00076
1.00147
1.00411
1.00919
1.0227
1.06279
1.13741
1.42395
2.10065
2.49827
2.64633
2.63777
2.61997
2.60495
2.5939
2.58537
2.56001
2.50125
2.30798
1
1.00001
1.00002
1.00004
1.00012
1.00022
1.00069
1.00125
1.0039
1.00744
1.02125
1.04781
1.11959
1.32139
1.93244
2.4182
2.6131
2.61055
2.60563
2.59278
2.57455
2.5419
2.50791
2.45154
2.30316
1
1
1.00002
1.00003
1.0001
1.00018
1.00058
1.00105
1.00326
1.00615
1.01785
1.03846
1.09966
1.25313
1.74631
2.35655
2.57835
2.57262
2.5733
2.56814
2.55377
2.52166
2.46536
2.41716
2.3072
1
1
1.00001
1.00003
1.00008
1.00015
1.00046
1.00084
1.00255
1.005
1.01344
1.03274
1.07582
1.22229
1.5399
2.27109
2.54383
2.55485
2.54676
2.53885
2.5268
2.50106
2.43976
2.38128
2.30277
1
1
1.00001
1.00002
1.00007
1.00012
1.00037
1.00067
1.00201
1.00402
1.01063
1.02639
1.06067
1.18161
1.415
2.08797
2.47178
2.54298
2.52666
2.51747
2.49668
2.48012
2.43511
2.36596
2.29159
1
1
1.00001
1.00002
1.00005
1.00009
1.0003
1.00053
1.00166
1.00314
1.00875
1.01995
1.04808
1.13813
1.31439
1.89732
2.35391
2.5158
2.5117
2.49864
2.4724
2.43857
2.41367
2.35944
2.28956
1
1
1.00001
1.00001
1.00004
1.00007
1.00023
1.00041
1.0013
1.00238
1.00707
1.0145
1.03768
1.09701
1.22813
1.5982
2.25023
2.45238
2.47746
2.47604
2.46107
2.42618
2.38868
2.34551
2.28597
1
1
1.00001
1.00001
1.00003
1.00005
1.00017
1.00031
1.00096
1.0018
1.00516
1.01102
1.02788
1.07526
1.16547
1.49742
2.18078
2.39044
2.43572
2.42997
2.42492
2.40772
2.37251
2.3287
2.27669
1
1
1
1.00001
1.00002
1.00005
1.00009
1.00029
1.00055
1.00151
1.00334
1.00817
1.02189
1.04842
1.14533
1.32566
1.91728
2.31938
2.41938
2.41501
2.39888
2.38189
2.3569
2.31978
2.27193
1
1
1
1.00001
1.00001
1.00004
1.00007
1.00023
1.00041
1.00128
1.00236
1.00705
1.01424
1.03741
1.09222
1.22756
1.56704
2.19893
2.3787
2.38277
2.37418
2.35192
2.32327
2.29799
2.26351
1
1
1
1
1.00001
1.00002
1.00007
1.00012
1.00037
1.00071
1.00205
1.0042
1.01095
1.02701
1.06237
1.1738
1.43417
1.9831
2.31454
2.36621
2.3598
2.34195
2.30812
2.27366
2.24157
1
1
1
1
1.00001
1.00002
1.00004
1.00012
1.00022
1.00066
1.00124
1.00368
1.00737
1.01971
1.04745
1.11252
1.30552
1.84178
2.1659
2.31321
2.3282
2.32199
2.30357
2.26862
2.23268
1
1
1
1
1.00001
1.00001
1.00003
1.00006
1.00019
1.00035
1.00104
1.00202
1.00558
1.01226
1.03035
1.08145
1.18065
1.50602
2.09763
2.25815
2.28459
2.28099
2.274
2.2562
2.22428
1
1
1
1
1
1.00001
1.00002
1.00006
1.0001
1.00031
1.00058
1.00165
1.0034
1.00872
1.02166
1.04961
1.14239
1.31674
1.84438
2.18588
2.26743
2.26486
2.25399
2.23855
2.21352
1
1
1
1
1
1.00001
1.00001
1.00004
1.00007
1.00022
1.00039
1.00121
1.00223
1.00662
1.01313
1.03507
1.08174
1.20631
1.49718
2.04784
2.22211
2.23366
2.22995
2.21305
2.18993
1
1
1
1
1
1
1.00001
1.00002
1.00006
1.00011
1.00034
1.00063
1.00185
1.0036
1.00993
1.02203
1.0536
1.14013
1.3499
1.80686
2.13839
2.21526
2.21401
2.20378
2.18271
1
1
1
1
1
1
1.00001
1.00002
1.00003
1.00009
1.00017
1.00052
1.00098
1.00285
1.00565
1.01532
1.03399
1.08572
1.20695
1.59934
1.96239
2.16081
2.18316
2.18213
2.17003
1
1
1
1
1
1
1
1.00001
1.00003
1.00005
1.00014
1.00026
1.00079
1.0015
1.00413
1.00895
1.02181
1.05818
1.12311
1.3722
1.85448
2.08472
2.15375
2.15712
2.15031
1
1
1
1
1
1
1
1.00001
1.00002
1.00003
1.0001
1.00017
1.00053
1.00097
1.00291
1.00552
1.01556
1.03285
1.08494
1.19981
1.58697
1.93184
2.11055
2.12948
2.1283
1
1
1
1
1
1
1
1
1.00001
1.00002
1.00005
1.00014
1.00025
1.00076
1.00143
1.00397
1.00849
1.02087
1.05479
1.11755
1.34844
1.80787
2.03321
2.10519
2.10474
1
1
1
1
1
1
1
1
1.00001
1.00002
1.00003
1.00009
1.00016
1.00049
1.00091
1.0027
1.00513
1.01444
1.02995
1.07883
1.17952
1.53508
1.86974
2.06018
2.08637
1
1
1
1
1
1
1
1
1
1.00001
1.00002
1.00004
1.00013
1.00023
1.00069
1.00131
1.00365
1.00766
1.01918
1.04899
1.10798
1.30357
1.7408
1.9666
2.04812
1
1
1
1
1
1
1
1
1
1.00001
1.00001
1.00003
1.00006
1.00018
1.00034
1.001
1.00189
1.00534
1.01097
1.02784
1.06831
1.15666
1.403
1.84765
2.0021
1
1
1
1
1
1
1
1
1
1
1.00001
1.00002
1.00004
1.00012
1.00021
1.00063
1.00114
1.00342
1.00643
1.01781
1.0391
1.09225
1.24199
1.60927
1.90132
1
1
1
1
1
1
1
1
1
1
1
1.00001
1.00002
1.00007
1.00012
1.00037
1.00068
1.00203
1.00381
1.01083
1.02173
1.05865
1.12732
1.37579
1.69582
1
1
1
1
1
1
1
1
1
1
1
1.00001
1.00002
1.00003
1.00009
1.00017
1.00049
1.00092
1.00265
1.00514
1.01379
1.03005
1.07267
1.17661
1.4674
1
1
1
1
1
1
1
1
1
1
1
1
1.00001
1.00002
1.00005
1.0001
1.00029
1.00054
1.00159
1.00296
1.00841
1.01683
1.04384
1.09921
1.25596
1
1
1
1
1
1
1
1
1
1
1
1
1
1.00001
1.00002
1.00007
1.00013
1.00038
1.00072
1.00205
1.00401
1.01089
1.02263
1.05958
1.12966
1
1
1
1
1
1
1
1
1
1
1
1
1
1.00001
1.00002
1.00003
1.00009
1.00017
1.0005
1.00094
1.00269
1.0052
1.01387
1.03034
1.07183
1
1
1
1
1
1
1
1
1
1
1
1
1
1
1.00001
1.00002
1.00005
1.0001
1.00029
1.00053
1.00155
1.0029
1.0081
1.01641
1.04191
1
1
1
1
1
1
1
1
1
1
1
1
1
1
1
1.00001
1.00002
1.00007
1.00013
1.00037
1.00069
1.00194
1.0038
1.01025
1.0212
1
1
1
1
1
1
1
1
1
1
1
1
1
1
1
1.00001
1.00002
1.00003
1.00009
1.00016
1.00047
1.00088
1.00249
1.00486
1.01287
1
1
1
1
1
1
1
1
1
1
1
1
1
1
1
1
1.00001
1.00002
1.00004
1.00012
1.00022
1.00064
1.00119
1.0034
1.00656
1
1
1
1
1
1
1
1
1
1
1
1
1
1
1
1
1
1.00001
1.00003
1.00008
1.00015
1.00043
1.0008
1.00235
1.00443
1
1
1
1
1
1
1
1
1
1
1
1
1
1
1
1
1
1.00001
1.00003
1.00005
1.00015
1.00027
1.00083
1.00154
1.00459
1
1
1
1
1
1
1
1
1
1
1
1
1
1
1
1
1
1.00001
1.00002
1.00004
1.00014
1.00025
1.00078
1.00141
1.00438
1
1
1
1
1
1
1
1
1
1
1
1
1
1
1
1
1
1.00001
1.00002
1.00004
1.00013
1.00023
1.00071
1.00137
1.00387
1
1
1
1
1
1
1
1
1
1
1
1
1
1
1
1
1
1.00001
1.00002
1.00005
1.00009
1.00025
1.00053
1.00134
1.00347
1
1
1
1
1
1
1
1
1
1
1
1
1
1
1
1
1
1.00001
1.00002
1.00004
1.00012
1.00022
1.00069
1.00134
1.00378
2.34467
2.24895
2.24949
2.29136
2.37644
2.43742
2.48901
2.51811
2.52692
2.53383
2.55374
2.60266
2.70758
2.89723
3.08762
3.18298
3.2081
3.19045
3.09285
3.04457
3.03489
3.02006
2.99612
2.98685
2.97566
2.96068
2.95182
2.93984
2.93313
2.92909
2.92961
2.93659
2.95025
2.97112
2.99147
3.01104
3.02458
3.03403
3.03871
3.04088
3.0392
3.03883
3.03063
3.02847
3.0153
3.00953
2.99654
2.9901
2.97667
2.97012
2.95672
2.94909
2.93523
2.92604
2.91345
2.90481
2.89148
2.88186
2.86823
2.85855
2.84481
2.83508
2.82163
2.812
2.7987
2.78934
2.77615
2.76712
2.75418
2.74527
2.7327
2.72395
2.71165
2.70326
2.69104
2.68314
2.67099
2.6635
2.65156
2.64434
2.63269
2.62568
2.61428
2.60745
2.59632
2.58956
2.57871
2.57202
2.56142
2.55484
2.54449
2.53814
2.5281
2.52212
2.51254
2.50714
2.49848
2.49471
2.48883
2.48962
2.20613
2.13102
2.08852
2.06705
2.03716
2.01063
1.9985
2.00164
2.01508
2.04396
2.07755
2.1275
2.21824
2.40349
2.69645
2.87625
2.98953
3.08028
3.12141
3.14303
3.15497
3.17189
3.18562
3.1903
3.18789
3.18431
3.18296
3.17776
3.17482
3.17877
3.1868
3.18971
3.19257
3.19073
3.17567
3.16001
3.14107
3.12064
3.09229
3.07372
3.03474
3.0147
2.97859
2.9575
2.92584
2.90568
2.87958
2.8602
2.83695
2.81973
2.79868
2.78156
2.761
2.74502
2.72646
2.71119
2.69361
2.67953
2.66304
2.64988
2.63399
2.62149
2.60615
2.5942
2.57943
2.568
2.55378
2.54284
2.52914
2.51864
2.50536
2.49524
2.48223
2.47247
2.45966
2.45025
2.43766
2.42859
2.41627
2.40755
2.39545
2.38708
2.3752
2.36707
2.35549
2.34745
2.33621
2.32824
2.31733
2.30944
2.29882
2.29102
2.28065
2.2731
2.26304
2.2562
2.24697
2.24177
2.23516
2.23384
2.19798
2.1184
2.04585
1.97295
1.90631
1.8564
1.83114
1.83052
1.8356
1.85086
1.87215
1.91678
1.97638
2.12933
2.31385
2.51676
2.66438
2.74881
2.83064
2.90271
2.98421
3.04898
3.10072
3.15015
3.19195
3.22243
3.24769
3.2711
3.28815
3.31133
3.32158
3.3223
3.31028
3.27458
3.21799
3.16725
3.11471
3.05609
3.0088
2.96071
2.92172
2.88584
2.85269
2.82439
2.79751
2.77546
2.75306
2.7348
2.716
2.70048
2.68433
2.66911
2.65297
2.63857
2.6237
2.61025
2.59632
2.58343
2.57035
2.55796
2.54516
2.53305
2.52028
2.50836
2.4958
2.48401
2.47185
2.46027
2.44858
2.43742
2.42613
2.4155
2.40442
2.39425
2.38324
2.37335
2.36243
2.35274
2.34202
2.3325
2.32211
2.31269
2.30272
2.29335
2.28375
2.27444
2.265
2.25581
2.24632
2.23732
2.22779
2.2191
2.20966
2.20137
2.19222
2.18457
2.17612
2.16983
2.16368
2.161
2.19825
2.10901
2.03002
1.95857
1.89435
1.84246
1.80125
1.77363
1.76197
1.76267
1.769
1.78728
1.82746
1.9399
2.06929
2.30145
2.45734
2.4887
2.53164
2.63212
2.69973
2.74272
2.82124
2.90312
2.97182
3.04152
3.1123
3.16772
3.21033
3.24277
3.25978
3.24495
3.20198
3.13507
3.05534
2.98342
2.91198
2.8577
2.80662
2.76831
2.73486
2.70927
2.6853
2.66542
2.64611
2.62929
2.61318
2.59904
2.58483
2.57283
2.56114
2.5503
2.53767
2.52604
2.51411
2.50358
2.49225
2.48198
2.47098
2.46088
2.45024
2.44041
2.42999
2.42033
2.4098
2.39994
2.38902
2.37896
2.36783
2.35809
2.34707
2.33795
2.32709
2.31837
2.30765
2.29905
2.28848
2.27992
2.26951
2.26099
2.25072
2.24223
2.23207
2.22365
2.21362
2.20533
2.19556
2.18749
2.17806
2.17011
2.16091
2.15306
2.14396
2.13635
2.12736
2.1203
2.11184
2.10601
2.09971
2.09739
2.20559
2.11408
2.03511
1.96525
1.9022
1.84617
1.79926
1.75785
1.72988
1.71267
1.71318
1.7205
1.74142
1.78861
1.92712
2.07069
2.26595
2.3628
2.40167
2.43339
2.46856
2.52559
2.58557
2.62414
2.68114
2.75111
2.81492
2.87486
2.94026
2.98566
3.00142
2.98788
2.94394
2.87121
2.80189
2.73696
2.68661
2.65052
2.62541
2.60732
2.59272
2.58072
2.56885
2.55925
2.54862
2.54036
2.53097
2.52325
2.51398
2.50622
2.49738
2.48922
2.47906
2.46904
2.45871
2.44938
2.43947
2.43011
2.42009
2.41058
2.40071
2.39116
2.38162
2.37232
2.36303
2.35359
2.34367
2.33368
2.32335
2.31338
2.30353
2.29412
2.28496
2.27589
2.26678
2.25762
2.24806
2.23882
2.22906
2.22007
2.21062
2.20192
2.19281
2.18404
2.17507
2.16612
2.15715
2.14829
2.1394
2.131
2.12231
2.11439
2.10589
2.09827
2.08996
2.08273
2.0749
2.06877
2.06275
2.06014
2.21071
2.1285
2.05271
1.98202
1.9195
1.86336
1.81252
1.77114
1.73389
1.70834
1.68892
1.68815
1.69487
1.71732
1.77224
1.9105
2.11324
2.22067
2.27857
2.33076
2.35446
2.37199
2.40571
2.45054
2.49422
2.52843
2.58034
2.6269
2.68176
2.72508
2.74539
2.73766
2.69862
2.64423
2.59483
2.55092
2.51871
2.50214
2.49514
2.49192
2.48887
2.48408
2.47898
2.47425
2.46894
2.46398
2.45774
2.45138
2.44355
2.43618
2.42806
2.42081
2.41218
2.40329
2.39335
2.38464
2.37546
2.36713
2.35794
2.34904
2.33908
2.32949
2.31948
2.31004
2.30053
2.29151
2.28247
2.27362
2.26444
2.25548
2.24597
2.23708
2.22751
2.21901
2.20954
2.20134
2.19182
2.18356
2.1739
2.16536
2.15575
2.14722
2.13802
2.1299
2.12098
2.11323
2.10426
2.09651
2.08745
2.0795
2.07063
2.06271
2.05424
2.04672
2.03854
2.03161
2.02376
2.01772
2.01147
2.0086
2.21305
2.13946
2.06622
2.00097
1.93925
1.88351
1.83429
1.78759
1.75026
1.71452
1.68999
1.67006
1.66998
1.67738
1.70302
1.76734
1.90985
2.11966
2.19333
2.22085
2.2613
2.29099
2.31085
2.32518
2.35829
2.39237
2.43516
2.46675
2.5178
2.56686
2.59001
2.58502
2.55199
2.5123
2.46764
2.4336
2.40714
2.39441
2.38982
2.39303
2.3986
2.40009
2.40257
2.40149
2.39919
2.39708
2.39301
2.38932
2.38367
2.37922
2.37306
2.36809
2.36165
2.35555
2.34769
2.34078
2.33352
2.32691
2.31911
2.31135
2.30254
2.29409
2.28514
2.27685
2.26844
2.26073
2.25285
2.24535
2.23733
2.22942
2.22071
2.21226
2.20304
2.19436
2.18521
2.17657
2.16781
2.15917
2.15053
2.1419
2.13314
2.12465
2.11581
2.10758
2.09902
2.09099
2.08286
2.07485
2.06689
2.05881
2.05066
2.04262
2.03429
2.02655
2.01837
2.01117
2.00357
1.99737
1.99136
1.98847
2.21892
2.14883
2.08345
2.0187
1.96021
1.90567
1.85515
1.81108
1.76835
1.73436
1.70126
1.67841
1.66019
1.66106
1.67013
1.69828
1.7736
1.90559
2.09789
2.17094
2.18143
2.20479
2.23957
2.25678
2.2748
2.29386
2.33286
2.37813
2.42919
2.48507
2.50622
2.49791
2.46937
2.42945
2.38798
2.35163
2.33015
2.31547
2.30974
2.31089
2.3195
2.33174
2.33905
2.34348
2.34681
2.34684
2.3465
2.34556
2.34345
2.34135
2.33714
2.33334
2.32752
2.3225
2.31534
2.30872
2.30112
2.29442
2.28647
2.27879
2.26971
2.26109
2.25172
2.2434
2.23468
2.22732
2.21917
2.21213
2.20365
2.19572
2.18641
2.17738
2.16766
2.15838
2.14889
2.14016
2.13104
2.12295
2.11408
2.10613
2.09726
2.089
2.08005
2.07156
2.06258
2.05427
2.04534
2.03751
2.02869
2.02123
2.0126
2.00524
1.99691
1.98956
1.98161
1.97452
1.96707
1.96089
1.95482
1.95199
2.21836
2.1572
2.09475
2.03697
1.98011
1.92742
1.8796
1.83296
1.79388
1.75414
1.72322
1.6922
1.67079
1.65489
1.65626
1.66699
1.69708
1.7864
1.90142
2.07264
2.14373
2.15269
2.16848
2.19398
2.22209
2.24043
2.26731
2.32262
2.39615
2.45565
2.46835
2.45455
2.42345
2.38555
2.33839
2.30197
2.27588
2.26415
2.2558
2.25408
2.25763
2.26813
2.28018
2.28987
2.29656
2.29983
2.30222
2.3018
2.30022
2.29823
2.2942
2.29016
2.28466
2.2796
2.27344
2.26752
2.26104
2.25521
2.24838
2.24163
2.23324
2.22513
2.21579
2.20759
2.19879
2.19134
2.1834
2.17644
2.16873
2.16161
2.15335
2.14568
2.13671
2.12867
2.11939
2.1113
2.1023
2.09436
2.08575
2.07788
2.06943
2.06154
2.05297
2.04505
2.03636
2.02848
2.01991
2.01212
2.00388
1.99614
1.98817
1.98047
1.97249
1.96491
1.95677
1.9495
1.94146
1.93498
1.92836
1.92505
2.21794
2.1612
2.10435
2.04828
1.99599
1.94586
1.89803
1.8562
1.81301
1.77846
1.74151
1.71334
1.68446
1.66443
1.6517
1.65358
1.66579
1.69714
1.79574
1.89677
2.05061
2.11634
2.12962
2.14253
2.16828
2.20524
2.24209
2.31197
2.39721
2.44942
2.45248
2.43576
2.40151
2.35988
2.31126
2.27345
2.24684
2.229
2.21914
2.21407
2.21147
2.21473
2.22383
2.23484
2.24484
2.25221
2.25674
2.25923
2.26039
2.25906
2.25654
2.25336
2.24883
2.24478
2.23942
2.23475
2.22893
2.22377
2.21728
2.21088
2.20297
2.19529
2.18643
2.17848
2.16977
2.16249
2.15441
2.14767
2.13983
2.13296
2.12482
2.11731
2.10861
2.10039
2.09136
2.08289
2.07384
2.06547
2.05661
2.04857
2.04004
2.03231
2.02409
2.01643
2.00836
2.00059
1.99252
1.98472
1.97662
1.96903
1.96094
1.95369
1.94568
1.93866
1.93079
1.92381
1.91628
1.90954
1.90332
1.89924
2.21627
2.16539
2.11392
2.06101
2.01056
1.96205
1.91692
1.873
1.835
1.79537
1.76379
1.72959
1.70347
1.67689
1.65759
1.6482
1.65077
1.66405
1.69655
1.79675
1.89496
2.02932
2.0907
2.11507
2.13323
2.17101
2.24036
2.33433
2.42516
2.45489
2.44944
2.42564
2.392
2.34332
2.29696
2.26059
2.23156
2.20759
2.19282
2.18155
2.17813
2.17355
2.17517
2.18223
2.19141
2.20236
2.21126
2.21771
2.22112
2.22211
2.22008
2.2174
2.21336
2.20968
2.20478
2.20018
2.19422
2.18858
2.18206
2.17592
2.16864
2.16166
2.15359
2.14608
2.13779
2.13026
2.12204
2.11461
2.10645
2.09916
2.09105
2.08384
2.07556
2.06822
2.05968
2.05204
2.04326
2.03533
2.02653
2.01849
2.00995
2.00206
1.99392
1.98629
1.97841
1.97096
1.96308
1.95571
1.94772
1.94042
1.93247
1.92528
1.9176
1.91057
1.90328
1.89651
1.88966
1.88351
1.8778
1.87449
2.20656
2.1641
2.1174
2.07165
2.0236
1.97877
1.93394
1.893
1.85231
1.81673
1.78038
1.75012
1.71881
1.69334
1.66934
1.65062
1.64466
1.64778
1.66176
1.69587
1.79512
1.89764
2.00953
2.07303
2.11488
2.162
2.25556
2.38036
2.45629
2.46212
2.45061
2.4211
2.3795
2.33124
2.2883
2.25144
2.22095
2.19515
2.17658
2.16199
2.15323
2.14701
2.14324
2.14
2.14547
2.15405
2.16484
2.17376
2.1805
2.18207
2.18161
2.17884
2.1749
2.17114
2.16668
2.16203
2.15578
2.14914
2.14169
2.135
2.12778
2.1212
2.1139
2.10711
2.09962
2.09262
2.08488
2.07757
2.06942
2.06188
2.05358
2.04621
2.03821
2.03118
2.02339
2.0164
2.00857
2.00143
1.99353
1.98622
1.97828
1.97093
1.96315
1.95598
1.94846
1.94152
1.93415
1.92732
1.91994
1.91311
1.90565
1.89887
1.89142
1.88487
1.87757
1.87148
1.86455
1.85932
1.85366
1.85124
2.19507
2.15708
2.11678
2.07477
2.03287
1.99055
1.95005
1.91016
1.87246
1.83587
1.80197
1.76932
1.73965
1.71168
1.68594
1.66518
1.64623
1.64349
1.64781
1.66332
1.6996
1.79582
1.90929
2.00658
2.08754
2.16921
2.30337
2.42531
2.4696
2.46758
2.4509
2.41627
2.36738
2.32132
2.28249
2.24871
2.21921
2.19304
2.17197
2.15256
2.13882
2.12504
2.11672
2.10845
2.10468
2.10522
2.11051
2.11927
2.1264
2.13098
2.13144
2.13108
2.12808
2.12528
2.12147
2.11796
2.11293
2.1073
2.10023
2.0939
2.08732
2.08166
2.07535
2.06945
2.06262
2.05621
2.04894
2.04223
2.0346
2.02752
2.01953
2.01243
2.00458
1.99778
1.99023
1.9836
1.97623
1.96962
1.96237
1.95575
1.9486
1.94195
1.93484
1.92822
1.92116
1.91471
1.90774
1.90151
1.89457
1.88846
1.88145
1.87539
1.86834
1.86242
1.8555
1.84994
1.84347
1.8387
1.83359
1.83128
2.18985
2.15131
2.11425
2.07521
2.03646
1.99667
1.95934
1.92137
1.88661
1.85128
1.81923
1.78682
1.75837
1.72899
1.70505
1.67935
1.66098
1.64489
1.64432
1.65027
1.66875
1.71098
1.80806
1.93803
2.05502
2.1983
2.37618
2.4783
2.48334
2.47403
2.44645
2.40663
2.36307
2.32354
2.28746
2.25419
2.22347
2.19625
2.17051
2.14755
2.12467
2.10581
2.08784
2.07639
2.06576
2.06159
2.05781
2.05986
2.06596
2.07157
2.07718
2.07932
2.08069
2.07966
2.07721
2.07481
2.0715
2.06828
2.0631
2.05778
2.05159
2.0462
2.04017
2.03477
2.02837
2.02247
2.01557
2.00953
2.00265
1.99674
1.98989
1.98386
1.97674
1.97048
1.96324
1.95695
1.94975
1.9434
1.93623
1.92977
1.92263
1.91609
1.90898
1.90243
1.89536
1.88893
1.88197
1.87584
1.86908
1.86332
1.85677
1.85135
1.84495
1.83981
1.83362
1.82883
1.82313
1.81897
1.81438
1.81246
2.18519
2.15094
2.11341
2.07789
2.04024
2.00302
1.9657
1.93046
1.89529
1.86278
1.83046
1.80083
1.77114
1.74465
1.7183
1.69475
1.67333
1.65473
1.64576
1.64725
1.65736
1.68282
1.74175
1.85225
2.02877
2.23809
2.44654
2.50172
2.49879
2.48317
2.44865
2.40707
2.36556
2.329
2.29198
2.25892
2.22516
2.19378
2.16207
2.13246
2.10456
2.07972
2.05892
2.04211
2.02901
2.01968
2.01193
2.0096
2.00986
2.01443
2.02294
2.02901
2.03557
2.0373
2.03833
2.03701
2.03456
2.03302
2.03023
2.02717
2.02216
2.01737
2.01152
2.00641
2.00037
1.99509
1.98868
1.98301
1.97625
1.9705
1.96379
1.95806
1.95132
1.94541
1.93857
1.93248
1.92566
1.91951
1.91279
1.90661
1.89996
1.89376
1.88709
1.88092
1.8742
1.86817
1.86142
1.85563
1.84891
1.8434
1.83682
1.83162
1.8253
1.82052
1.81463
1.81046
1.80502
1.80151
1.79762
1.7962
2.16692
2.14452
2.11215
2.07735
2.04336
2.0092
1.97281
1.93948
1.90444
1.87343
1.84069
1.81285
1.78246
1.75787
1.73009
1.70874
1.68441
1.66787
1.65238
1.65284
1.65997
1.67887
1.72366
1.81504
2.02449
2.25652
2.4913
2.52698
2.51756
2.49474
2.44886
2.39802
2.35492
2.31423
2.27911
2.24232
2.20765
2.17032
2.13671
2.10479
2.07861
2.05376
2.03365
2.01441
2.00098
1.9879
1.98098
1.9742
1.97278
1.97232
1.97577
1.98231
1.98995
1.99559
2.00058
2.00213
2.00249
2.00127
1.99939
1.99767
1.99428
1.99043
1.98525
1.98074
1.97519
1.9703
1.96429
1.9589
1.95248
1.94676
1.94006
1.93409
1.92729
1.92122
1.91454
1.9085
1.90205
1.89606
1.88978
1.88384
1.87763
1.8718
1.86553
1.85982
1.85336
1.84774
1.84113
1.83565
1.82915
1.82397
1.81784
1.81318
1.80761
1.80366
1.79864
1.79525
1.79092
1.78862
1.78621
1.78583
2.1534
2.1264
2.1044
2.07518
2.0423
2.01148
1.97847
1.94632
1.91368
1.88255
1.85143
1.82323
1.79345
1.76907
1.74122
1.72019
1.69582
1.67924
1.66477
1.6654
1.6732
1.69144
1.73608
1.81703
1.99674
2.20086
2.42029
2.4661
2.4541
2.43106
2.39052
2.34755
2.30889
2.27273
2.2382
2.20554
2.17385
2.14408
2.11571
2.08917
2.06347
2.04051
2.01921
2.00087
1.98344
1.96949
1.95772
1.95009
1.94289
1.94009
1.93792
1.93919
1.9432
1.95097
1.95718
1.96322
1.96629
1.96786
1.96718
1.96584
1.96347
1.96108
1.95665
1.95228
1.947
1.9423
1.93682
1.9319
1.9263
1.92123
1.91559
1.91047
1.90482
1.89955
1.89375
1.88824
1.8823
1.87667
1.87066
1.86502
1.85888
1.85326
1.84701
1.84149
1.83521
1.82985
1.82366
1.81859
1.81266
1.80809
1.80265
1.79885
1.79402
1.79084
1.78649
1.78418
1.78126
1.78018
1.78022
1.77983
2.14508
2.11793
2.08997
2.06666
2.03964
2.00972
1.98159
1.9507
1.92196
1.89192
1.86219
1.83516
1.80599
1.78139
1.755
1.73275
1.71071
1.6938
1.68528
1.68956
1.70063
1.72649
1.7781
1.88701
2.01075
2.13789
2.28088
2.37123
2.38864
2.37826
2.36366
2.33194
2.29086
2.25374
2.22129
2.19224
2.1637
2.13685
2.10927
2.08287
2.05646
2.03326
2.01072
1.99089
1.97082
1.95427
1.93894
1.92791
1.91861
1.91195
1.90685
1.90605
1.90534
1.90891
1.91416
1.92221
1.92796
1.93333
1.93515
1.93659
1.93537
1.9344
1.93231
1.92947
1.92477
1.92028
1.91521
1.91061
1.90541
1.9006
1.89518
1.89012
1.88451
1.87926
1.87352
1.86815
1.8623
1.85691
1.85096
1.84561
1.8396
1.83429
1.82827
1.8231
1.81722
1.81233
1.80673
1.80233
1.7971
1.79348
1.78887
1.78589
1.78197
1.77952
1.77705
1.77582
1.77562
1.77656
1.77903
1.77786
2.13661
2.10952
2.08263
2.05496
2.03127
2.00393
1.97844
1.95133
1.92351
1.89788
1.86917
1.84412
1.8171
1.79259
1.76851
1.74631
1.72757
1.71502
1.71493
1.72353
1.74356
1.78382
1.87337
1.96658
2.04268
2.09378
2.16475
2.26159
2.31836
2.33451
2.32672
2.31389
2.28555
2.25077
2.21694
2.18618
2.15725
2.12985
2.10282
2.07599
2.05062
2.02711
2.00521
1.98362
1.96321
1.94373
1.92724
1.91284
1.90131
1.89124
1.88363
1.87737
1.87495
1.87445
1.87583
1.88055
1.8872
1.89365
1.89955
1.90265
1.90467
1.9044
1.90343
1.90214
1.89951
1.89581
1.89111
1.88665
1.88168
1.87709
1.87203
1.86742
1.86224
1.85755
1.85217
1.84736
1.84182
1.83696
1.83138
1.82657
1.821
1.81631
1.81068
1.80623
1.80058
1.79661
1.79126
1.7879
1.78346
1.78064
1.77713
1.77464
1.77249
1.77122
1.77114
1.77204
1.77405
1.77543
1.7817
1.78123
2.11829
2.10094
2.07806
2.05136
2.02781
2.00128
1.97602
1.94978
1.92455
1.89883
1.87406
1.84864
1.82491
1.80121
1.77976
1.7599
1.74674
1.7441
1.7521
1.76955
1.80616
1.88026
1.97066
2.03178
2.05392
2.07207
2.09698
2.14585
2.20989
2.26141
2.28501
2.28031
2.26743
2.24639
2.21551
2.18353
2.15394
2.12554
2.09806
2.07043
2.04564
2.02193
2.00039
1.97787
1.95697
1.9367
1.91947
1.90261
1.88871
1.87515
1.86528
1.85591
1.84986
1.84562
1.84511
1.84507
1.84808
1.85305
1.86059
1.86653
1.87178
1.87427
1.87575
1.87506
1.87399
1.87224
1.86873
1.86453
1.85953
1.85508
1.85002
1.84562
1.84054
1.83612
1.83101
1.8265
1.82131
1.81677
1.81148
1.80721
1.80184
1.79802
1.79269
1.78921
1.78429
1.78105
1.77709
1.77431
1.77122
1.76883
1.76685
1.76572
1.76576
1.76674
1.76866
1.77031
1.77496
1.77885
1.78771
1.78949
2.09667
2.08258
2.06329
2.04132
2.02063
1.99744
1.97403
1.94942
1.9242
1.90104
1.87585
1.85358
1.82952
1.80884
1.78929
1.77546
1.77176
1.77978
1.79619
1.83256
1.89756
1.98798
2.04508
2.06169
2.05968
2.05567
2.05773
2.07197
2.10922
2.1588
2.21083
2.2387
2.23961
2.22817
2.21308
2.18526
2.15489
2.12434
2.09514
2.06691
2.04199
2.01903
1.99682
1.97416
1.95233
1.93209
1.91306
1.89553
1.87848
1.86367
1.85007
1.83945
1.82985
1.82244
1.81718
1.81512
1.81502
1.81632
1.82081
1.82711
1.83398
1.83959
1.84376
1.84572
1.846
1.84542
1.84385
1.84157
1.83722
1.83306
1.82831
1.82399
1.81937
1.81518
1.81055
1.80654
1.80166
1.79785
1.79278
1.78915
1.78425
1.78082
1.77649
1.77335
1.76988
1.76734
1.7648
1.76265
1.76089
1.75992
1.76011
1.76111
1.76327
1.76511
1.76977
1.77437
1.78143
1.78682
1.79518
1.79715
2.08561
2.0716
2.05603
2.03223
2.01115
1.99002
1.96872
1.94747
1.9242
1.90089
1.87944
1.85609
1.83637
1.81618
1.80289
1.79838
1.80692
1.82268
1.85762
1.91956
2.0095
2.06657
2.07933
2.06974
2.05564
2.04312
2.03551
2.03686
2.04569
2.07455
2.11141
2.16491
2.19425
2.19893
2.18988
2.17737
2.15378
2.12589
2.09429
2.06557
2.03955
2.01681
1.99265
1.96995
1.94696
1.92711
1.907
1.88891
1.8704
1.85436
1.83869
1.82597
1.81382
1.80466
1.79584
1.79048
1.7872
1.78726
1.78766
1.79065
1.79536
1.80259
1.80861
1.8138
1.81668
1.8181
1.81778
1.81699
1.81495
1.81211
1.80763
1.80371
1.79898
1.79534
1.79076
1.78731
1.78283
1.77941
1.7751
1.77174
1.76783
1.76478
1.76169
1.7594
1.75747
1.75575
1.75443
1.75384
1.75434
1.75539
1.75758
1.76019
1.76497
1.77021
1.77697
1.78237
1.79017
1.79332
1.80009
1.79992
2.06031
2.05545
2.04507
2.0259
2.00506
1.98426
1.96321
1.94221
1.9219
1.90027
1.87904
1.8603
1.84079
1.82856
1.82376
1.83319
1.84888
1.88357
1.94544
2.03154
2.08808
2.09991
2.08862
2.07298
2.05565
2.03358
2.01718
2.01365
2.0146
2.02092
2.04138
2.07293
2.12156
2.1466
2.15668
2.15129
2.14104
2.12461
2.0955
2.06647
2.03994
2.01499
1.98979
1.96537
1.94303
1.9222
1.90236
1.88272
1.8643
1.84645
1.83059
1.81503
1.80201
1.78951
1.77995
1.77059
1.76424
1.75985
1.75878
1.75885
1.76023
1.76449
1.77019
1.77698
1.78241
1.78693
1.78885
1.78948
1.78911
1.78802
1.78537
1.78245
1.77817
1.77489
1.77082
1.7677
1.76406
1.76106
1.7578
1.75504
1.75238
1.75031
1.74877
1.74763
1.74679
1.74675
1.74756
1.74911
1.75104
1.75491
1.76019
1.76537
1.77292
1.77804
1.78573
1.78905
1.79395
1.79467
1.79654
1.79531
2.03005
2.03141
2.02461
2.01411
1.99701
1.97888
1.9599
1.94004
1.92015
1.90044
1.8804
1.86316
1.85102
1.84626
1.8568
1.87315
1.90897
1.97169
2.05671
2.11329
2.12395
2.11244
2.09672
2.07499
2.04911
2.02705
2.00877
1.99838
1.99301
1.9936
1.9968
2.0097
2.0385
2.07196
2.0994
2.11613
2.11254
2.10466
2.09127
2.06705
2.04212
2.0151
1.98824
1.96244
1.94002
1.91813
1.8977
1.87687
1.85792
1.83944
1.82246
1.80607
1.79107
1.77719
1.76515
1.7543
1.74509
1.73733
1.73218
1.72975
1.72964
1.73015
1.73264
1.73767
1.7439
1.75039
1.75534
1.75874
1.76005
1.76051
1.76016
1.75899
1.75651
1.7537
1.75042
1.74764
1.7449
1.74259
1.74051
1.73893
1.73793
1.73757
1.73734
1.73769
1.73905
1.74107
1.7434
1.74787
1.75424
1.75948
1.76792
1.77322
1.7808
1.78452
1.78846
1.78927
1.78893
1.78805
1.78588
1.78326
2.00937
2.01295
2.01059
1.9969
1.98186
1.9652
1.9492
1.93456
1.91743
1.90085
1.88422
1.87223
1.86829
1.87968
1.89692
1.9343
1.99815
2.08364
2.13867
2.14924
2.13793
2.12077
2.09756
2.06957
2.04584
2.02527
2.00635
1.99175
1.97917
1.97199
1.97117
1.97204
1.97858
1.99769
2.02384
2.05507
2.06935
2.0723
2.06613
2.05532
2.03943
2.01377
1.98613
1.95981
1.93609
1.91341
1.89093
1.86988
1.85014
1.83175
1.81373
1.7968
1.78035
1.76564
1.75157
1.73933
1.72792
1.71841
1.7098
1.70413
1.70036
1.69956
1.69962
1.70111
1.7049
1.71109
1.71773
1.72393
1.72819
1.73117
1.73232
1.73312
1.73284
1.73187
1.72998
1.728
1.72628
1.72499
1.72435
1.72464
1.72518
1.72649
1.72803
1.73025
1.73412
1.73916
1.74623
1.75188
1.76076
1.76688
1.77388
1.77839
1.78191
1.78202
1.78178
1.78069
1.77805
1.77347
1.76899
1.76581
1.93834
1.99491
1.99658
1.99112
1.97614
1.9574
1.93947
1.92225
1.90984
1.8967
1.88919
1.88843
1.90154
1.92079
1.96099
2.02904
2.11408
2.1661
2.17523
2.16471
2.14666
2.1209
2.0926
2.06759
2.04536
2.0258
2.00557
1.98875
1.97142
1.95737
1.95011
1.94251
1.94308
1.9452
1.956
1.97652
2.00163
2.0183
2.02787
2.02373
2.01661
2.00343
1.98032
1.9571
1.93241
1.90755
1.88293
1.86191
1.84186
1.82328
1.80396
1.78648
1.76931
1.7541
1.73886
1.7254
1.71234
1.70136
1.69112
1.68257
1.67597
1.67156
1.66995
1.67
1.67102
1.67393
1.67912
1.68635
1.69308
1.69897
1.70271
1.70578
1.70701
1.70828
1.70879
1.70866
1.70852
1.70898
1.71015
1.71215
1.71401
1.71719
1.72233
1.72778
1.73585
1.74247
1.75125
1.7586
1.76512
1.76989
1.77349
1.77329
1.77289
1.77174
1.76895
1.76398
1.75896
1.75415
1.74927
1.74639
1.78538
1.95312
1.97324
1.97453
1.96845
1.95446
1.93698
1.91979
1.90506
1.89875
1.90083
1.91676
1.93889
1.98386
2.05872
2.14451
2.19253
2.19915
2.18858
2.16964
2.14144
2.11294
2.08707
2.06466
2.04385
2.02318
2.00319
1.98319
1.96439
1.94579
1.93219
1.91906
1.9126
1.90835
1.90884
1.91278
1.92587
1.94677
1.96732
1.97696
1.97837
1.97388
1.96482
1.95135
1.92676
1.90035
1.87703
1.85578
1.8351
1.81401
1.79481
1.77619
1.76012
1.74323
1.72827
1.71292
1.69994
1.68717
1.67649
1.66608
1.65782
1.65047
1.64616
1.64372
1.6439
1.64472
1.64693
1.65214
1.659
1.66687
1.67341
1.6791
1.68346
1.68687
1.68947
1.69237
1.69453
1.69721
1.70067
1.70463
1.71037
1.71632
1.72454
1.73256
1.74146
1.74954
1.75635
1.76105
1.76462
1.76435
1.76373
1.76241
1.75931
1.75421
1.74898
1.74393
1.73849
1.73405
1.72987
1.7279
1.57255
1.85985
1.9506
1.95731
1.95662
1.94713
1.93202
1.91841
1.90717
1.91037
1.92694
1.95177
2.00187
2.08325
2.17001
2.21283
2.21616
2.20564
2.18491
2.15562
2.12708
2.10118
2.07884
2.05741
2.03688
2.01658
1.99567
1.97567
1.95476
1.93519
1.91748
1.90046
1.88827
1.88001
1.87179
1.87247
1.87418
1.88119
1.89595
1.91538
1.92912
1.9377
1.93424
1.92887
1.91749
1.89803
1.87727
1.85385
1.83059
1.8086
1.78929
1.7713
1.7535
1.73657
1.72036
1.7059
1.69159
1.67895
1.66629
1.65566
1.64538
1.63718
1.62976
1.62514
1.62204
1.62217
1.62293
1.62503
1.6296
1.63703
1.64523
1.65399
1.66128
1.6684
1.6749
1.68013
1.68702
1.69269
1.69942
1.70674
1.71588
1.72481
1.73399
1.74245
1.74959
1.75441
1.75782
1.75735
1.75649
1.75481
1.75131
1.74626
1.74067
1.7354
1.7295
1.72477
1.71998
1.71679
1.7139
1.71292
1.38505
1.66974
1.88231
1.93493
1.94124
1.94066
1.93196
1.9208
1.92193
1.93783
1.96646
2.02084
2.10766
2.1941
2.23251
2.23163
2.22045
2.19813
2.16641
2.13814
2.11356
2.0919
2.07107
2.05086
2.0304
2.00986
1.98931
1.96854
1.9482
1.92795
1.90934
1.89078
1.87555
1.86295
1.85144
1.84559
1.84164
1.84265
1.84529
1.85575
1.87146
1.88729
1.89609
1.89932
1.89573
1.88892
1.87654
1.85576
1.8321
1.81016
1.78942
1.77018
1.75062
1.73303
1.71663
1.70175
1.68723
1.67326
1.66039
1.64812
1.63778
1.62751
1.61952
1.61172
1.60701
1.60365
1.60383
1.60468
1.60701
1.61223
1.62011
1.63003
1.64154
1.65197
1.66326
1.67441
1.68508
1.6954
1.70646
1.71723
1.7278
1.73728
1.74507
1.74994
1.75332
1.75278
1.75178
1.74983
1.746
1.74115
1.73527
1.7297
1.72353
1.71841
1.71328
1.70958
1.70609
1.70436
1.70312
1.70269
1.17693
1.45685
1.74097
1.8932
1.91793
1.92418
1.92806
1.93343
1.9536
1.98625
2.04757
2.14049
2.2211
2.25032
2.2461
2.23361
2.21065
2.17836
2.15093
2.12815
2.10749
2.08792
2.06811
2.04796
2.02777
2.00704
1.98654
1.96585
1.94549
1.92537
1.90579
1.88701
1.8693
1.85397
1.83913
1.82955
1.81981
1.81275
1.81308
1.8145
1.81856
1.8285
1.84412
1.85636
1.86456
1.86261
1.85792
1.84904
1.83351
1.81445
1.79356
1.77108
1.75114
1.73225
1.71514
1.69821
1.68263
1.66813
1.65413
1.64215
1.62955
1.61977
1.6092
1.60175
1.59436
1.58974
1.58762
1.58811
1.58932
1.59266
1.59999
1.60975
1.62272
1.63803
1.65432
1.6703
1.68644
1.70185
1.71587
1.72803
1.73738
1.74372
1.74737
1.74703
1.74599
1.74407
1.7404
1.73606
1.7305
1.72483
1.71887
1.71373
1.70874
1.70454
1.70116
1.6986
1.69722
1.69652
1.69705
1.69637
1.09498
1.24229
1.53799
1.80304
1.89467
1.91355
1.92776
1.95373
2.00076
2.08815
2.18356
2.25748
2.27857
2.27206
2.25398
2.22678
2.19543
2.16876
2.14609
2.1262
2.10686
2.08776
2.06819
2.04765
2.02718
2.00607
1.98515
1.96464
1.94372
1.92368
1.9036
1.88419
1.86584
1.8483
1.83183
1.81806
1.80541
1.79422
1.78784
1.78172
1.78277
1.78482
1.79106
1.80171
1.81466
1.82332
1.82842
1.82571
1.82034
1.81073
1.7917
1.7724
1.75312
1.73413
1.7151
1.69655
1.68019
1.66378
1.65009
1.63575
1.62343
1.61208
1.60106
1.59319
1.58429
1.57955
1.57542
1.57599
1.57698
1.57981
1.58612
1.59641
1.6111
1.6287
1.6485
1.66911
1.68893
1.70623
1.71995
1.73001
1.73577
1.73747
1.73671
1.73553
1.7328
1.72813
1.72346
1.71804
1.71257
1.70759
1.70304
1.69911
1.69597
1.69348
1.69212
1.6914
1.69155
1.69231
1.69404
1.69394
1.05551
1.11991
1.35132
1.61802
1.82797
1.9012
1.94217
2.00991
2.11356
2.22227
2.28793
2.29886
2.28926
2.26728
2.23327
2.204
2.17954
2.15947
2.14074
2.12251
2.10384
2.08405
2.06366
2.04232
2.0212
2.00018
1.97956
1.95899
1.93865
1.91832
1.89858
1.87903
1.86019
1.84209
1.82412
1.80822
1.79284
1.77946
1.76912
1.75831
1.75246
1.75138
1.75227
1.75455
1.76129
1.7728
1.78396
1.7904
1.79047
1.78777
1.78124
1.76885
1.75189
1.73315
1.71378
1.69623
1.67904
1.66199
1.64732
1.63207
1.61967
1.60772
1.59644
1.58841
1.57943
1.57463
1.57128
1.57197
1.57334
1.57626
1.58323
1.59438
1.60931
1.62714
1.64676
1.6665
1.68459
1.69864
1.70999
1.71695
1.71995
1.71992
1.71939
1.71759
1.71354
1.70865
1.70435
1.69957
1.69552
1.69173
1.68885
1.68648
1.68509
1.6844
1.68457
1.68533
1.68642
1.68881
1.69225
1.69428
1.0277
1.06739
1.15729
1.42693
1.68042
1.87554
1.97847
2.14363
2.27032
2.33534
2.33443
2.31663
2.2884
2.24976
2.21843
2.19382
2.17386
2.15608
2.13798
2.11917
2.09952
2.07914
2.05847
2.03758
2.01705
1.99639
1.97589
1.95542
1.93511
1.91529
1.89576
1.87673
1.85797
1.83982
1.82168
1.80502
1.78864
1.7736
1.76143
1.74851
1.73922
1.73176
1.7263
1.72711
1.72891
1.73243
1.74015
1.7505
1.75823
1.76434
1.76174
1.75691
1.74821
1.73345
1.71741
1.7007
1.68305
1.66556
1.65074
1.63553
1.62245
1.6108
1.59926
1.59122
1.58406
1.57864
1.57887
1.57994
1.58141
1.58626
1.59519
1.60784
1.62155
1.63544
1.65024
1.66227
1.6743
1.68309
1.69073
1.69526
1.69763
1.69781
1.69749
1.6961
1.69408
1.69016
1.68713
1.68385
1.68127
1.67893
1.67732
1.67696
1.67721
1.67815
1.6793
1.68197
1.68476
1.68961
1.69418
1.69727
1.01739
1.03844
1.08842
1.22622
1.54435
1.83555
2.10141
2.3211
2.39289
2.37835
2.35289
2.31016
2.27089
2.23791
2.21252
2.1926
2.17539
2.15788
2.13914
2.11929
2.09879
2.07811
2.05762
2.03702
2.01658
1.99618
1.9759
1.95619
1.93651
1.91772
1.89864
1.88027
1.86187
1.84364
1.82623
1.80882
1.7927
1.77706
1.76331
1.74998
1.73904
1.72912
1.72006
1.71586
1.71282
1.71398
1.71528
1.71919
1.72621
1.73641
1.74041
1.74194
1.73903
1.73315
1.72341
1.70734
1.69177
1.67611
1.66156
1.64707
1.63327
1.62206
1.61253
1.60436
1.59934
1.59795
1.59853
1.60023
1.6041
1.61312
1.62152
1.63134
1.64005
1.64921
1.65439
1.65946
1.66415
1.66878
1.67284
1.67664
1.67931
1.6809
1.68201
1.68182
1.68137
1.68007
1.6786
1.67619
1.67463
1.67337
1.67306
1.6732
1.67396
1.67627
1.67881
1.68401
1.68797
1.69383
1.69837
1.70176
1.01241
1.0257
1.0656
1.15411
1.40786
1.83381
2.3468
2.55501
2.49997
2.46919
2.40343
2.3481
2.30704
2.27651
2.25252
2.2318
2.2112
2.19002
2.16821
2.14598
2.12379
2.10145
2.07986
2.05841
2.0374
2.01682
1.9964
1.97688
1.95724
1.93829
1.91941
1.90064
1.88233
1.86404
1.84629
1.82899
1.81227
1.79646
1.78154
1.76778
1.7552
1.74419
1.73248
1.72489
1.71628
1.71177
1.71044
1.71087
1.71157
1.71545
1.72195
1.72853
1.73358
1.73
1.72606
1.71945
1.708
1.69518
1.68082
1.66679
1.65489
1.6451
1.63684
1.63157
1.62968
1.6303
1.6326
1.63597
1.64311
1.64943
1.65525
1.66004
1.66371
1.66316
1.66248
1.66198
1.6613
1.66186
1.66301
1.66532
1.66778
1.67054
1.67382
1.67602
1.67797
1.67909
1.67937
1.67921
1.67886
1.6792
1.68006
1.68171
1.68342
1.68737
1.69024
1.69604
1.69973
1.70518
1.70898
1.71162
1.00895
1.02457
1.057
1.13747
1.37659
2.00936
2.53393
2.70495
2.64749
2.56664
2.50164
2.45127
2.4125
2.38029
2.3518
2.32477
2.29812
2.27185
2.2459
2.22037
2.19545
2.17099
2.14707
2.12402
2.10161
2.0798
2.05813
2.03682
2.01583
1.99504
1.97487
1.95509
1.93569
1.91703
1.89855
1.88085
1.8637
1.84696
1.83117
1.81553
1.80067
1.78653
1.77216
1.75979
1.74745
1.73708
1.73078
1.72482
1.72484
1.72546
1.7267
1.73143
1.73867
1.74278
1.74401
1.74155
1.73656
1.72848
1.71715
1.7061
1.69616
1.68685
1.68168
1.67882
1.6791
1.68066
1.68304
1.6887
1.69161
1.69483
1.69448
1.69329
1.69015
1.68489
1.67989
1.67495
1.67136
1.6696
1.66965
1.67066
1.672
1.67471
1.67847
1.68262
1.68598
1.68941
1.6914
1.69382
1.69504
1.69749
1.69914
1.7028
1.70526
1.71037
1.7131
1.71848
1.72097
1.72518
1.7274
1.72906
1.00848
1.02361
1.05664
1.13406
1.39278
2.06014
2.66662
2.75926
2.7206
2.65195
2.60167
2.56247
2.52589
2.49167
2.45898
2.42804
2.39855
2.37047
2.34315
2.31668
2.29061
2.265
2.23935
2.21386
2.18853
2.16409
2.14032
2.1178
2.09626
2.07571
2.05566
2.03605
2.01625
1.9966
1.97654
1.95651
1.93647
1.91657
1.89678
1.8775
1.85839
1.84057
1.82317
1.80731
1.79273
1.7787
1.76858
1.75872
1.75308
1.75145
1.75154
1.7526
1.75482
1.76197
1.76798
1.77326
1.77288
1.77065
1.76698
1.76129
1.75497
1.75067
1.74989
1.74902
1.74945
1.75086
1.75233
1.75322
1.75275
1.75038
1.74506
1.73683
1.73094
1.72363
1.71754
1.71151
1.70693
1.70327
1.70142
1.70117
1.70039
1.70082
1.70248
1.70574
1.70917
1.71276
1.71657
1.71955
1.72347
1.72631
1.73074
1.73417
1.73923
1.74282
1.74743
1.75
1.75329
1.75442
1.75697
1.75679
1.00859
1.02144
1.05958
1.13172
1.41214
2.08822
2.69227
2.76017
2.73576
2.68896
2.66028
2.63627
2.6096
2.57989
2.54894
2.5183
2.48834
2.45955
2.4314
2.40408
2.37732
2.35119
2.32587
2.30122
2.2775
2.25439
2.2321
2.20985
2.18786
2.16519
2.14247
2.11886
2.09542
2.0716
2.0479
2.02458
2.001
1.97826
1.95542
1.93352
1.91218
1.89126
1.87182
1.85259
1.83534
1.8191
1.80488
1.79313
1.78383
1.77765
1.77773
1.77871
1.7813
1.78537
1.79599
1.80708
1.81633
1.82539
1.83153
1.83646
1.83917
1.84239
1.84592
1.84817
1.84772
1.84788
1.84721
1.8446
1.83885
1.82913
1.81994
1.80933
1.79951
1.78774
1.77776
1.76675
1.7579
1.74909
1.74332
1.73875
1.73692
1.73367
1.73408
1.73567
1.73945
1.74314
1.74931
1.75393
1.76079
1.76552
1.77238
1.77689
1.78285
1.78627
1.79042
1.79217
1.7944
1.79501
1.79716
1.79709
1.00783
1.02286
1.04853
1.15764
1.3595
2.00345
2.68589
2.76109
2.73668
2.69169
2.67238
2.66122
2.64513
2.62329
2.59795
2.57138
2.54452
2.51779
2.49168
2.46612
2.44164
2.41795
2.3952
2.37275
2.35047
2.32749
2.30391
2.27902
2.25323
2.22633
2.1989
2.17076
2.1427
2.11424
2.08654
2.05901
2.03262
2.00683
1.98268
1.95926
1.93769
1.9174
1.8985
1.88135
1.86573
1.85103
1.83884
1.82712
1.81781
1.81128
1.80634
1.80742
1.80955
1.81409
1.8187
1.83197
1.84815
1.86656
1.88465
1.90245
1.91611
1.92815
1.93946
1.93678
1.93615
1.93375
1.9277
1.91542
1.89973
1.88338
1.86607
1.84866
1.83192
1.81518
1.80019
1.78573
1.77327
1.76266
1.75386
1.74905
1.74595
1.74431
1.74514
1.74827
1.7552
1.76442
1.77608
1.78843
1.80163
1.81382
1.8269
1.8367
1.84821
1.85483
1.86343
1.8669
1.87321
1.87476
1.87801
1.87976
1.00851
1.02118
1.05982
1.1314
1.41842
2.10302
2.70962
2.75694
2.73506
2.69294
2.67816
2.66959
2.65671
2.63808
2.61524
2.59039
2.56462
2.53899
2.51394
2.48991
2.46706
2.44502
2.4237
2.40205
2.38019
2.35686
2.33283
2.30686
2.28031
2.25239
2.22435
2.19607
2.16812
2.14105
2.11448
2.08966
2.06519
2.04288
2.0208
2.00076
1.98085
1.9629
1.94473
1.92861
1.91249
1.8977
1.88426
1.87153
1.86098
1.85271
1.84606
1.84723
1.84968
1.85531
1.86092
1.8755
1.89804
1.92358
1.95237
1.97859
2.00218
2.01593
2.0224
2.01933
2.01189
2.00034
1.9856
1.96555
1.94285
1.92079
1.89911
1.87914
1.8588
1.84227
1.82517
1.81253
1.79964
1.79148
1.78383
1.78165
1.78206
1.78337
1.78656
1.79373
1.80493
1.81978
1.83643
1.85563
1.87424
1.89262
1.90943
1.92309
1.93508
1.94275
1.94852
1.9519
1.95228
1.95123
1.95004
1.94519
)
;

boundaryField
{
    inlet
    {
        type            fixedValue;
        value           uniform 1;
    }
    outlet
    {
        type            zeroGradient;
    }
    bottom
    {
        type            symmetryPlane;
    }
    top
    {
        type            symmetryPlane;
    }
    obstacle
    {
        type            zeroGradient;
    }
    defaultFaces
    {
        type            empty;
    }
}


// ************************************************************************* //
