/*--------------------------------*- C++ -*----------------------------------*\
| =========                 |                                                 |
| \\      /  F ield         | OpenFOAM: The Open Source CFD Toolbox           |
|  \\    /   O peration     | Version:  2412                                  |
|   \\  /    A nd           | Website:  www.openfoam.com                      |
|    \\/     M anipulation  |                                                 |
\*---------------------------------------------------------------------------*/
FoamFile
{
    version     2.0;
    format      ascii;
    arch        "LSB;label=32;scalar=64";
    class       volScalarField;
    location    "1.5";
    object      Ma;
}
// * * * * * * * * * * * * * * * * * * * * * * * * * * * * * * * * * * * * * //

dimensions      [0 0 0 0 0 0 0];

internalField   nonuniform List<scalar> 
5250
(
3
2.99998
2.99993
2.99985
2.99953
2.99909
2.99729
2.99471
2.98466
2.96847
2.91476
2.7967
2.51712
1.86045
0.930846
0.364339
0.321013
0.33289
0.323129
0.285606
0.227949
0.174441
0.129016
0.0819319
0.0464966
3
2.99998
2.99993
2.99985
2.99954
2.9991
2.99731
2.99476
2.98481
2.9688
2.91558
2.79887
2.5218
1.86939
0.941888
0.372189
0.322938
0.33512
0.32588
0.288793
0.232254
0.180695
0.13816
0.0966217
0.0703193
3
2.99998
2.99993
2.99985
2.99955
2.99912
2.99737
2.99487
2.9851
2.96948
2.91725
2.8034
2.53155
1.88869
0.966261
0.389938
0.328076
0.34131
0.333804
0.298343
0.244959
0.197869
0.161146
0.128271
0.110128
3
2.99998
2.99993
2.99986
2.99956
2.99915
2.99745
2.99504
2.98555
2.97049
2.91975
2.81022
2.5462
1.91809
1.00423
0.416744
0.335728
0.350914
0.346361
0.313524
0.264754
0.223384
0.193095
0.167578
0.154248
3
2.99999
2.99994
2.99987
2.99958
2.99919
2.99757
2.99526
2.98619
2.97188
2.92319
2.81889
2.56593
1.95584
1.05432
0.450054
0.343659
0.362138
0.361959
0.332703
0.289593
0.254498
0.23042
0.210893
0.201003
3
2.99999
2.99994
2.99988
2.99961
2.99924
2.99772
2.99556
2.98704
2.97359
2.92776
2.82871
2.59179
2.001
1.1164
0.490239
0.352206
0.375311
0.380555
0.35563
0.319058
0.29039
0.272653
0.259253
0.252914
3
2.99999
2.99995
2.99989
2.99964
2.9993
2.99791
2.99592
2.98823
2.97562
2.93395
2.84018
2.62228
2.05541
1.19448
0.537465
0.361216
0.390142
0.401884
0.381797
0.352576
0.331361
0.3205
0.313849
0.313727
3
2.99999
2.99995
2.9999
2.99968
2.99937
2.99811
2.9963
2.98935
2.97784
2.94022
2.85483
2.65606
2.12696
1.29535
0.596014
0.375712
0.40995
0.428061
0.412549
0.39053
0.37729
0.374716
0.377761
0.388765
3
2.99999
2.99996
2.99991
2.99971
2.99943
2.99828
2.99667
2.99021
2.98023
2.94557
2.87296
2.69198
2.22609
1.42844
0.669619
0.400976
0.437916
0.460663
0.449215
0.434922
0.429625
0.436579
0.454501
0.491295
3
2.99999
2.99996
2.99992
2.99975
2.99951
2.99852
2.9971
2.99153
2.9828
2.95242
2.89163
2.73025
2.33531
1.57558
0.759443
0.445055
0.480209
0.50154
0.493274
0.485413
0.487888
0.508665
0.557535
0.660896
3
2.99999
2.99998
2.99992
2.99984
2.99952
2.99904
2.99732
2.99423
2.98478
2.96316
2.90905
2.762
2.46295
1.76978
0.872825
0.502716
0.531761
0.547895
0.544609
0.540553
0.55271
0.592198
0.680702
0.862492
3
3
2.99998
2.99995
2.99983
2.99966
2.99898
2.99796
2.99424
2.98766
2.96724
2.92003
2.80797
2.49844
1.91748
0.956945
0.566927
0.56646
0.583019
0.591453
0.596684
0.619099
0.673199
0.780007
0.972718
3
3
2.99998
2.99996
2.99985
2.99971
2.99912
2.99828
2.99499
2.98973
2.9719
2.93376
2.83635
2.57077
2.06921
1.10393
0.655412
0.59092
0.609653
0.629045
0.646892
0.679108
0.740466
0.844659
1.01014
3
3
2.99999
2.99996
2.99988
2.99975
2.99926
2.99855
2.99575
2.99142
2.97634
2.94568
2.8637
2.64384
2.21723
1.30846
0.769847
0.62081
0.636723
0.660784
0.689527
0.729998
0.792573
0.886103
1.02368
3.00001
3
2.99999
2.99997
2.9999
2.9998
2.99939
2.99882
2.9965
2.99305
2.98056
2.95723
2.89023
2.71788
2.36859
1.55169
0.913774
0.676384
0.677566
0.696758
0.72922
0.772005
0.835388
0.917944
1.03267
3.00001
3
2.99999
2.99998
2.99992
2.99984
2.99951
2.99905
2.99718
2.99451
2.9841
2.96741
2.91284
2.79297
2.51346
1.88493
1.07941
0.756316
0.73345
0.744131
0.770992
0.810434
0.868717
0.945305
1.04278
3.00001
3
3
2.99999
2.99994
2.99988
2.99962
2.99926
2.99781
2.99574
2.98761
2.97493
2.93155
2.83945
2.61939
2.07151
1.26701
0.842938
0.777426
0.787554
0.812181
0.849084
0.899171
0.967107
1.05176
3.00001
3
3
2.99999
2.99996
2.99991
2.99971
2.99944
2.99833
2.99675
2.99061
2.98086
2.94816
2.87758
2.70783
2.26425
1.52355
0.965991
0.818261
0.8222
0.84482
0.883552
0.929329
0.989309
1.06327
3.00001
3.00001
3
2.99999
2.99997
2.99993
2.99979
2.99958
2.99875
2.99756
2.99292
2.9858
2.96051
2.91393
2.78015
2.48345
1.83183
1.12998
0.881336
0.866127
0.882126
0.915048
0.959212
1.01121
1.07486
3.00001
3.00001
3
3
2.99999
2.99994
2.99988
2.99963
2.99928
2.9979
2.99581
2.9883
2.97507
2.93454
2.83983
2.63038
2.09279
1.32303
0.956561
0.903741
0.91727
0.945636
0.98733
1.03436
1.08969
3.00001
3.00001
3
3
2.99999
2.99996
2.99991
2.99972
2.99946
2.9984
2.99686
2.99089
2.98164
2.9495
2.88616
2.71966
2.31968
1.58232
1.08992
0.954181
0.952481
0.972566
1.0084
1.0532
1.10335
3.00001
3.00001
3.00001
3
2.99999
2.99998
2.99993
2.99985
2.99956
2.99911
2.99745
2.99488
2.98578
2.96964
2.92093
2.80994
2.55155
1.99492
1.27277
1.02359
0.99681
1.00849
1.03599
1.07573
1.11957
3.00001
3.00001
3.00001
3
3
2.99998
2.99996
2.99988
2.99975
2.99926
2.99852
2.99581
2.99135
2.97677
2.94654
2.86798
2.66759
2.2556
1.49974
1.11684
1.03492
1.03958
1.06171
1.09795
1.13918
3.00001
3.00001
3.00001
3.00001
3
2.99999
2.99997
2.99993
2.99979
2.99957
2.99876
2.99752
2.99297
2.98552
2.96094
2.91119
2.7812
2.47456
1.83674
1.27407
1.09217
1.07703
1.09044
1.11931
1.15995
3.00001
3.00001
3.00001
3.00001
3
3
2.99999
2.99995
2.99989
2.99966
2.99932
2.99803
2.99609
2.98907
2.97697
2.93955
2.85438
2.66522
2.18356
1.49638
1.17698
1.11615
1.12041
1.14286
1.17698
3.00001
3.00001
3.00001
3.00001
3.00001
3
2.99999
2.99997
2.99992
2.99977
2.99954
2.99864
2.99735
2.99233
2.98465
2.95774
2.90727
2.76945
2.45113
1.81207
1.32302
1.17181
1.15427
1.16547
1.192
3.00001
3.00001
3.00001
3.00001
3.00001
3
3
2.99999
2.99994
2.99988
2.99965
2.99931
2.99801
2.99602
2.98898
2.97673
2.9392
2.85407
2.66335
2.1946
1.53301
1.25144
1.20008
1.1979
1.21427
3.00001
3.00001
3.00001
3.00001
3.00001
3
3
2.99999
2.99997
2.99991
2.99982
2.99946
2.99893
2.99695
2.99386
2.98321
2.96367
2.90767
2.77577
2.48624
1.8833
1.3992
1.24802
1.23155
1.23972
3.00001
3.00001
3.00001
3.00001
3.00001
3.00001
3
3
2.99998
2.99996
2.99986
2.99972
2.99918
2.99837
2.99539
2.99066
2.97454
2.94536
2.85886
2.68342
2.22477
1.62809
1.33445
1.27138
1.26809
3.00001
3.00001
3.00001
3.00001
3.00001
3.00001
3
3
2.99999
2.99998
2.99992
2.99983
2.9995
2.99901
2.99715
2.99442
2.98426
2.96772
2.91578
2.80506
2.54538
1.99704
1.50345
1.32715
1.30172
3.00001
3.00001
3.00001
3.00001
3.00001
3.00001
3.00001
3
3
2.99998
2.99996
2.99988
2.99975
2.99928
2.99857
2.99596
2.99186
2.97792
2.95227
2.88039
2.71954
2.34175
1.73698
1.42679
1.34486
3.00001
3.00001
3.00001
3.00001
3.00001
3.00001
3.00001
3.00001
3
2.99999
2.99998
2.99993
2.99985
2.99957
2.99916
2.99759
2.99526
2.98684
2.97298
2.92931
2.84393
2.61886
2.17905
1.61244
1.40765
3.00001
3.00001
3.00001
3.00001
3.00001
3.00001
3.00001
3.00001
3
3
2.99999
2.99997
2.9999
2.99979
2.99941
2.99882
2.99668
2.99333
2.98183
2.96134
2.90239
2.77262
2.46631
1.90637
1.52217
3.00001
3.00001
3.00001
3.00001
3.00001
3.00001
3.00001
3.00001
3.00001
3
3
2.99998
2.99995
2.99986
2.99971
2.99918
2.99837
2.99547
2.99076
2.9753
2.94711
2.86484
2.70115
2.26931
1.74756
3.00001
3.00001
3.00001
3.00001
3.00001
3.00001
3.00001
3.00001
3.00001
3
3
2.99999
2.99998
2.99992
2.99984
2.99953
2.99909
2.99738
2.9949
2.98574
2.97108
2.92502
2.82917
2.60733
2.1142
3.00001
3.00001
3.00001
3.00001
3.00001
3.00001
3.00001
3.00001
3.00001
3.00001
3
3
2.99999
2.99996
2.99991
2.99974
2.99949
2.99854
2.99715
2.99206
2.98385
2.9578
2.90239
2.77574
2.44285
3.00001
3.00001
3.00001
3.00001
3.00001
3.00001
3.00001
3.00001
3.00001
3.00001
3.00001
3
3
2.99999
2.99995
2.99989
2.99966
2.99933
2.99812
2.99627
2.98973
2.97891
2.94537
2.87559
2.70853
3.00001
3.00001
3.00001
3.00001
3.00001
3.00001
3.00001
3.00001
3.00001
3.00001
3.00001
3.00001
3
3
2.99997
2.99994
2.99982
2.99964
2.99896
2.99798
2.99434
2.98873
2.96986
2.93523
2.84251
3.00001
3.00001
3.00001
3.00001
3.00001
3.00001
3.00001
3.00001
3.00001
3.00001
3.00001
3.00001
3
3
2.99999
2.99996
2.99992
2.99977
2.99954
2.99871
2.99745
2.99297
2.98562
2.96269
2.9145
3.00001
3.00001
3.00001
3.00001
3.00001
3.00001
3.00001
3.00001
3.00001
3.00001
3.00001
3.00001
3.00001
3
3
2.99999
2.99995
2.9999
2.99971
2.99942
2.99838
2.9968
2.99118
2.98204
2.95333
3.00001
3.00001
3.00001
3.00001
3.00001
3.00001
3.00001
3.00001
3.00001
3.00001
3.00001
3.00001
3.00001
3.00001
3
3
2.99998
2.99995
2.99985
2.9997
2.99914
2.99831
2.99531
2.99063
2.97498
3.00001
3.00001
3.00001
3.00001
3.00001
3.00001
3.00001
3.00001
3.00001
3.00001
3.00001
3.00001
3.00001
3.00001
3.00001
3
3
2.99997
2.99994
2.99982
2.99964
2.999
2.998
2.99455
2.98891
3.00001
3.00001
3.00001
3.00001
3.00001
3.00001
3.00001
3.00001
3.00001
3.00001
3.00001
3.00001
3.00001
3.00001
3.00001
3
3
2.99999
2.99997
2.99993
2.99978
2.99957
2.99879
2.9976
2.99345
3.00001
3.00001
3.00001
3.00001
3.00001
3.00001
3.00001
3.00001
3.00001
3.00001
3.00001
3.00001
3.00001
3.00001
3.00001
3.00001
3
3
2.99999
2.99996
2.99991
2.99974
2.99949
2.99858
2.99719
3.00001
3.00001
3.00001
3.00001
3.00001
3.00001
3.00001
3.00001
3.00001
3.00001
3.00001
3.00001
3.00001
3.00001
3.00001
3.00001
3.00001
3
3
2.99998
2.99996
2.99987
2.99975
2.99928
2.99858
3.00001
3.00001
3.00001
3.00001
3.00001
3.00001
3.00001
3.00001
3.00001
3.00001
3.00001
3.00001
3.00001
3.00001
3.00001
3.00001
3.00001
3.00001
3
3
2.99998
2.99995
2.99986
2.99971
2.9992
3.00001
3.00001
3.00001
3.00001
3.00001
3.00001
3.00001
3.00001
3.00001
3.00001
3.00001
3.00001
3.00001
3.00001
3.00001
3.00001
3.00001
3.00001
3.00001
3
2.99999
2.99998
2.99993
2.99987
2.99961
3.00001
3.00001
3.00001
3.00001
3.00001
3.00001
3.00001
3.00001
3.00001
3.00001
3.00001
3.00001
3.00001
3.00001
3.00001
3.00001
3.00001
3.00001
3.00001
3.00001
3
2.99999
2.99997
2.99994
2.99982
3.00001
3.00001
3.00001
3.00001
3.00001
3.00001
3.00001
3.00001
3.00001
3.00001
3.00001
3.00001
3.00001
3.00001
3.00001
3.00001
3.00001
3.00001
3.00001
3.00001
3
3
2.99999
2.99997
2.99993
3.00001
3.00001
3.00001
3.00001
3.00001
3.00001
3.00001
3.00001
3.00001
3.00001
3.00001
3.00001
3.00001
3.00001
3.00001
3.00001
3.00001
3.00001
3.00001
3.00001
3.00001
3
3
2.99999
2.99995
1.10151
1.2916
1.34779
1.31555
1.24508
1.17128
1.10055
1.06718
1.06343
1.0689
1.07515
1.07914
1.07943
1.07941
1.0795
1.08023
1.08177
1.08368
1.08706
1.09171
1.09683
1.10216
1.1079
1.11429
1.12143
1.12931
1.13779
1.14672
1.15597
1.16543
1.17501
1.18463
1.19421
1.2037
1.21303
1.2222
1.23119
1.23999
1.2486
1.25703
1.26529
1.27343
1.28148
1.28934
1.29695
1.30443
1.31184
1.31918
1.32649
1.33369
1.34039
1.34524
1.3487
1.35071
1.34881
1.33959
1.31381
1.26127
1.17202
1.06004
0.956758
0.880068
0.841065
0.841105
0.863363
0.884741
0.909821
0.936791
0.957476
0.974706
0.991632
1.00823
1.02512
1.043
1.06216
1.08343
1.10455
1.12462
1.1431
1.16111
1.17695
1.19259
1.20703
1.2212
1.2355
1.24965
1.26458
1.27932
1.29446
1.30874
1.32319
1.33657
1.35012
1.36273
1.37521
1.38683
1.39814
1.40795
1.41646
1.4206
1.14151
1.25793
1.32383
1.36702
1.41028
1.44814
1.46391
1.46416
1.45514
1.43831
1.42521
1.41968
1.42184
1.42477
1.42844
1.43155
1.4335
1.43488
1.43632
1.43831
1.44138
1.44506
1.44912
1.45352
1.45821
1.46324
1.46868
1.47456
1.48086
1.48749
1.49439
1.50148
1.50873
1.5161
1.52356
1.53111
1.53873
1.54641
1.55412
1.56183
1.56953
1.57719
1.58481
1.59235
1.59977
1.60704
1.61416
1.62105
1.6276
1.63382
1.63859
1.64123
1.64236
1.64008
1.63236
1.61056
1.56334
1.49351
1.42631
1.37871
1.34152
1.30258
1.25871
1.21689
1.18804
1.1758
1.18047
1.19459
1.21314
1.23912
1.26635
1.2893
1.30777
1.3221
1.33392
1.34321
1.35259
1.36328
1.37618
1.39164
1.40862
1.42597
1.44288
1.45927
1.47459
1.48881
1.50158
1.51335
1.52445
1.53529
1.54606
1.55673
1.56731
1.57783
1.58816
1.59837
1.60829
1.61685
1.62467
1.62698
1.14213
1.24959
1.34659
1.43935
1.52663
1.59502
1.63413
1.64151
1.63948
1.6294
1.61465
1.60143
1.5957
1.59428
1.59588
1.59772
1.60034
1.60289
1.60496
1.60694
1.60902
1.61156
1.6146
1.61787
1.62139
1.62524
1.62944
1.63399
1.63888
1.64408
1.64954
1.65525
1.66117
1.66731
1.67366
1.68023
1.68701
1.694
1.70117
1.70848
1.71589
1.72334
1.73079
1.73817
1.74545
1.7525
1.75935
1.7658
1.77139
1.77568
1.77802
1.77865
1.77511
1.76474
1.73773
1.68122
1.60523
1.54294
1.51873
1.52179
1.52512
1.52274
1.50921
1.48396
1.44951
1.40906
1.37171
1.349
1.34086
1.35206
1.36475
1.38267
1.40793
1.43435
1.458
1.47744
1.49371
1.50734
1.51836
1.52797
1.5382
1.54988
1.56304
1.57689
1.59071
1.60435
1.61756
1.63044
1.64283
1.65488
1.66626
1.67749
1.68816
1.69886
1.70929
1.71935
1.72951
1.73811
1.74598
1.74846
1.1491
1.25827
1.35829
1.45026
1.53265
1.60182
1.65767
1.69829
1.72427
1.7332
1.73359
1.73062
1.72262
1.7156
1.71085
1.71078
1.71203
1.71411
1.71718
1.72053
1.72351
1.72631
1.72909
1.73202
1.73527
1.73884
1.74272
1.74688
1.75129
1.75592
1.76077
1.76585
1.77116
1.77673
1.78256
1.78865
1.795
1.80158
1.80837
1.81536
1.82247
1.82968
1.83692
1.8441
1.85124
1.85793
1.86459
1.8699
1.87348
1.87525
1.87459
1.87017
1.85441
1.8184
1.74823
1.66276
1.5993
1.58212
1.5954
1.61235
1.62889
1.64389
1.65139
1.65069
1.64079
1.62121
1.59235
1.55892
1.51959
1.48885
1.46785
1.4616
1.47399
1.48832
1.50701
1.53293
1.55889
1.58249
1.60253
1.61919
1.6321
1.64254
1.65196
1.6613
1.67149
1.683
1.69548
1.70848
1.72144
1.7346
1.74727
1.75991
1.77207
1.78372
1.79524
1.80578
1.81627
1.82511
1.83304
1.83544
1.14941
1.25636
1.35325
1.44117
1.52268
1.59497
1.66034
1.71502
1.76007
1.79023
1.80679
1.80969
1.8095
1.80637
1.80006
1.79503
1.79148
1.79081
1.79173
1.79296
1.79541
1.7985
1.80165
1.80475
1.80786
1.81108
1.81448
1.81807
1.8219
1.82599
1.83036
1.835
1.83998
1.84521
1.85079
1.85661
1.86274
1.86907
1.87564
1.88236
1.88924
1.89611
1.90313
1.9099
1.91664
1.92285
1.92812
1.93106
1.93239
1.93082
1.92424
1.90389
1.85771
1.77674
1.68629
1.62537
1.6141
1.62979
1.64753
1.66856
1.68963
1.71154
1.72799
1.74037
1.74737
1.74859
1.74309
1.72873
1.70664
1.67912
1.64248
1.60899
1.57601
1.55525
1.54726
1.56001
1.57461
1.59264
1.61696
1.64236
1.66608
1.68596
1.70309
1.71739
1.73003
1.74093
1.75128
1.76172
1.77246
1.78405
1.79625
1.80852
1.82085
1.83285
1.84499
1.85629
1.86799
1.87748
1.88713
1.89025
1.14795
1.24765
1.34143
1.42714
1.50633
1.57865
1.64419
1.70176
1.75208
1.79311
1.8267
1.84881
1.86208
1.86552
1.86549
1.86384
1.85899
1.8556
1.85212
1.85253
1.85309
1.85477
1.85759
1.86144
1.86548
1.8693
1.87289
1.87632
1.87988
1.88361
1.88773
1.89211
1.8969
1.90194
1.90731
1.91292
1.9188
1.92494
1.93125
1.93786
1.94447
1.95135
1.95801
1.96473
1.97074
1.97579
1.97808
1.97882
1.97636
1.96652
1.93937
1.88229
1.78827
1.69427
1.64327
1.63773
1.65216
1.67027
1.68888
1.71153
1.73364
1.75557
1.77526
1.79278
1.80742
1.8193
1.82648
1.82972
1.82847
1.82008
1.80402
1.7829
1.753
1.72252
1.68392
1.65433
1.62953
1.62156
1.63516
1.65014
1.66744
1.69089
1.71616
1.73831
1.75891
1.77448
1.78989
1.802
1.81386
1.82407
1.83437
1.84402
1.85472
1.86523
1.87723
1.8879
1.90027
1.9099
1.92063
1.92459
1.14605
1.23813
1.32598
1.408
1.48492
1.55572
1.62174
1.68106
1.73564
1.78289
1.82444
1.85811
1.88505
1.90205
1.91115
1.91321
1.913
1.91207
1.90885
1.90688
1.90484
1.9057
1.90657
1.90828
1.91106
1.91482
1.91871
1.92242
1.92605
1.92974
1.93363
1.93776
1.94222
1.94703
1.95219
1.95766
1.96347
1.96946
1.97579
1.98207
1.98869
1.99502
2.0015
2.00714
2.01153
2.01336
2.01326
2.00957
1.99571
1.96124
1.89104
1.78661
1.69065
1.65401
1.65144
1.66514
1.68286
1.70223
1.72318
1.74507
1.76661
1.7879
1.80794
1.82715
1.84515
1.86113
1.87568
1.88717
1.89675
1.90165
1.90372
1.90134
1.89259
1.8765
1.85426
1.82963
1.79188
1.76052
1.72337
1.69832
1.68809
1.70167
1.71585
1.73189
1.754
1.7763
1.80065
1.8184
1.83686
1.85014
1.86457
1.8757
1.88775
1.89753
1.90865
1.91804
1.92918
1.93862
1.94952
1.9543
1.14591
1.23034
1.31221
1.38991
1.46332
1.53207
1.59634
1.65583
1.71069
1.76037
1.80523
1.84388
1.87736
1.90388
1.92545
1.93899
1.94726
1.94966
1.9498
1.94936
1.94755
1.9456
1.94419
1.94496
1.94572
1.94745
1.95045
1.95483
1.95959
1.96422
1.96862
1.97297
1.97746
1.98226
1.98737
1.99286
1.99865
2.00476
2.01098
2.01737
2.02357
2.02971
2.03511
2.03831
2.03968
2.03864
2.03316
2.01383
1.9717
1.88601
1.77607
1.68349
1.65933
1.66053
1.67296
1.69055
1.70904
1.73044
1.75059
1.77175
1.79222
1.81246
1.83178
1.85105
1.86964
1.88775
1.90498
1.92034
1.93528
1.94697
1.9586
1.96606
1.97057
1.97236
1.97015
1.96136
1.94572
1.9267
1.89616
1.86851
1.82747
1.79359
1.76343
1.75126
1.76487
1.77785
1.79376
1.81287
1.83683
1.85731
1.88005
1.89526
1.9128
1.92505
1.93966
1.95044
1.96322
1.97232
1.98254
1.98771
1.14799
1.22434
1.30019
1.37332
1.44307
1.50902
1.5712
1.62944
1.68382
1.73416
1.78046
1.82247
1.86019
1.89311
1.92151
1.94429
1.96199
1.97325
1.98
1.98231
1.98275
1.98252
1.98196
1.98106
1.98145
1.98197
1.98329
1.98551
1.98891
1.99326
1.9979
2.0027
2.00749
2.01237
2.01736
2.02256
2.02799
2.03352
2.03917
2.04487
2.05004
2.055
2.05698
2.05755
2.05566
2.04722
2.02327
1.971
1.87056
1.75661
1.67377
1.65752
1.66424
1.67653
1.69291
1.71266
1.73378
1.75486
1.77511
1.79542
1.81527
1.83503
1.85453
1.87374
1.89275
1.91118
1.9292
1.94668
1.96365
1.97943
1.9949
2.00733
2.02064
2.02947
2.03829
2.04249
2.04428
2.04248
2.03537
2.02071
2.00014
1.97776
1.94138
1.90999
1.86635
1.83727
1.82009
1.83142
1.8448
1.85972
1.8786
1.89835
1.92239
1.9411
1.96226
1.97571
1.99248
2.00342
2.01652
2.02213
1.15319
1.22173
1.29148
1.36002
1.4261
1.4892
1.54904
1.60566
1.65892
1.70891
1.75549
1.7987
1.83832
1.87436
1.90641
1.93449
1.95818
1.97757
1.99229
2.00226
2.0082
2.01102
2.01184
2.01207
2.01196
2.01191
2.01215
2.01309
2.01472
2.01735
2.02127
2.02598
2.03104
2.03619
2.04139
2.04644
2.05153
2.05652
2.06154
2.06609
2.06981
2.07123
2.07093
2.06789
2.05669
2.02694
1.9643
1.84987
1.73316
1.66923
1.65777
1.66744
1.68039
1.69682
1.71582
1.73732
1.75842
1.77948
1.79972
1.81991
1.83988
1.85963
1.87919
1.89818
1.91706
1.9352
1.95373
1.97119
1.9891
2.00579
2.02249
2.0382
2.0537
2.06708
2.08161
2.09151
2.10329
2.11069
2.11632
2.11898
2.11877
2.11329
2.10108
2.085
2.05906
2.03445
1.99426
1.95851
1.9188
1.90156
1.90519
1.91747
1.93415
1.94893
1.96876
1.98799
2.01068
2.02613
2.04511
2.0495
1.16066
1.22168
1.28513
1.3487
1.41088
1.47098
1.52854
1.58337
1.63546
1.68467
1.73112
1.77463
1.81533
1.85295
1.88762
1.91899
1.94702
1.97147
1.9921
2.00898
2.02175
2.03054
2.03591
2.03883
2.04003
2.0406
2.04091
2.04145
2.04197
2.04316
2.04515
2.04818
2.0524
2.05717
2.06201
2.06699
2.07184
2.07655
2.08082
2.08332
2.08444
2.08355
2.07872
2.06403
2.02807
1.95388
1.82832
1.71048
1.66319
1.65479
1.66648
1.68174
1.69877
1.71878
1.73986
1.76163
1.78301
1.80398
1.8244
1.84462
1.86458
1.88421
1.90355
1.92232
1.94075
1.95876
1.97644
1.9938
2.0112
2.02778
2.04506
2.06073
2.07755
2.09291
2.10883
2.12363
2.13905
2.1516
2.16568
2.17536
2.18672
2.19261
2.1977
2.19895
2.19614
2.18694
2.17122
2.15306
2.12231
2.09374
2.04622
2.01329
1.98186
1.97803
1.99112
2.00357
2.01884
2.03262
2.05108
2.05847
1.16973
1.2247
1.28175
1.34006
1.398
1.45476
1.50968
1.5625
1.61307
1.66128
1.70711
1.75054
1.7915
1.83002
1.86592
1.89933
1.92984
1.95765
1.98229
2.00375
2.0218
2.03642
2.04771
2.05554
2.06051
2.06326
2.06469
2.06552
2.06583
2.06652
2.06722
2.06862
2.07101
2.07428
2.0784
2.08275
2.08712
2.09118
2.09313
2.09377
2.09243
2.08569
2.06825
2.02552
1.93836
1.80575
1.69207
1.65804
1.65375
1.66582
1.68189
1.70077
1.72218
1.74411
1.76588
1.78778
1.809
1.82987
1.85034
1.87046
1.89044
1.90968
1.92869
1.94668
1.96481
1.98206
1.99971
2.01665
2.03375
2.05043
2.06729
2.08386
2.10119
2.1173
2.13519
2.15088
2.16853
2.18416
2.20096
2.21572
2.23129
2.24357
2.25673
2.26602
2.27496
2.27958
2.28187
2.28038
2.27363
2.2603
2.23974
2.21834
2.18161
2.14717
2.09511
2.07115
2.04398
2.05411
2.06318
2.06778
1.18167
1.23007
1.28125
1.33416
1.38766
1.44085
1.49306
1.54369
1.59264
1.63959
1.68458
1.7275
1.76833
1.80707
1.84361
1.87798
1.91004
1.93978
1.96699
1.99167
2.01355
2.0325
2.04846
2.06122
2.07122
2.07811
2.08283
2.08549
2.08711
2.08811
2.08851
2.0893
2.09016
2.09196
2.09455
2.09762
2.10065
2.10232
2.10227
2.1006
2.09282
2.0707
2.02285
1.91929
1.78302
1.676
1.65168
1.65291
1.66487
1.68174
1.70222
1.72534
1.74847
1.77087
1.79282
1.81415
1.83518
1.85574
1.87613
1.89595
1.91553
1.93412
1.95258
1.97003
1.98768
2.00449
2.0217
2.03826
2.05551
2.07226
2.08968
2.10659
2.12407
2.1411
2.15887
2.17569
2.19394
2.21006
2.22836
2.24392
2.26151
2.27657
2.29295
2.30664
2.32124
2.33194
2.34326
2.35113
2.35665
2.35928
2.35912
2.35435
2.34197
2.32723
2.30132
2.27589
2.23275
2.19073
2.13105
2.13276
1.19873
1.23939
1.28459
1.33218
1.38077
1.42976
1.4786
1.52673
1.57369
1.61929
1.66323
1.70552
1.74596
1.78461
1.82135
1.85623
1.88911
1.92006
1.94886
1.97556
1.9999
2.02192
2.04134
2.05817
2.07233
2.0837
2.09265
2.09889
2.10343
2.10596
2.10764
2.10859
2.10922
2.11
2.11092
2.1117
2.11225
2.11112
2.10804
2.09814
2.07231
2.01711
1.90158
1.761
1.6635
1.64647
1.65286
1.66626
1.68366
1.70473
1.72875
1.75282
1.77618
1.79842
1.8198
1.84052
1.86095
1.88095
1.90093
1.92024
1.93937
1.9574
1.97545
1.99239
2.00988
2.02645
2.04398
2.06067
2.07824
2.09501
2.11271
2.12976
2.14786
2.16505
2.18332
2.20028
2.21844
2.23497
2.25308
2.26901
2.28708
2.30238
2.31994
2.33467
2.35106
2.36479
2.37978
2.39146
2.40417
2.41276
2.42184
2.42721
2.43027
2.43087
2.42795
2.42033
2.40287
2.38512
2.34406
2.33883
1.21624
1.25402
1.29335
1.33463
1.37878
1.42365
1.46858
1.51345
1.55778
1.60127
1.64369
1.68479
1.7245
1.76269
1.7993
1.83431
1.86762
1.89925
1.92906
1.95706
1.98312
2.00718
2.02915
2.04895
2.06642
2.08171
2.09441
2.10489
2.11292
2.11881
2.12309
2.12557
2.12707
2.12742
2.12759
2.12632
2.12493
2.11894
2.10614
2.07524
2.01133
1.88477
1.74239
1.6561
1.6414
1.65131
1.66749
1.68591
1.70774
1.73171
1.75608
1.77957
1.80231
1.82366
1.84432
1.86414
1.88399
1.90346
1.92308
1.94191
1.96071
1.97846
1.9965
2.01354
2.03134
2.04814
2.0659
2.08263
2.10056
2.11758
2.13579
2.15302
2.17125
2.1884
2.20656
2.22339
2.24147
2.2578
2.27577
2.29166
2.30945
2.32489
2.34237
2.35726
2.37417
2.38851
2.40443
2.41802
2.43282
2.44495
2.45861
2.46848
2.47978
2.48682
2.49453
2.4978
2.49954
2.49801
2.48679
2.48964
1.22937
1.26741
1.30388
1.34297
1.38095
1.42178
1.46352
1.50508
1.54647
1.58737
1.6276
1.66698
1.70533
1.74253
1.77852
1.81313
1.84645
1.87817
1.9086
1.93722
1.96448
1.98984
2.01365
2.03554
2.05558
2.07371
2.08959
2.10359
2.11533
2.12459
2.13238
2.13769
2.14083
2.14154
2.14063
2.13894
2.13169
2.11618
2.07939
2.00732
1.87186
1.72877
1.65251
1.63882
1.65092
1.66788
1.68757
1.71021
1.73453
1.75841
1.78183
1.80398
1.8256
1.84596
1.86597
1.88535
1.90507
1.92436
1.94397
1.96273
1.9817
1.99964
2.018
2.03538
2.05352
2.07071
2.08897
2.10624
2.12462
2.14183
2.16017
2.17731
2.19565
2.21261
2.23083
2.24735
2.26541
2.28143
2.2994
2.31489
2.33274
2.34778
2.36532
2.38001
2.39704
2.41135
2.42769
2.44161
2.4571
2.47056
2.4852
2.49779
2.51174
2.52279
2.53585
2.54472
2.55518
2.56139
2.56585
2.57027
1.24251
1.2783
1.31403
1.3492
1.38751
1.42402
1.46202
1.50096
1.53972
1.57814
1.61605
1.65335
1.68994
1.72572
1.76053
1.79435
1.8271
1.8586
1.88892
1.91795
1.9456
1.97185
1.99679
2.01999
2.0418
2.06202
2.0802
2.09676
2.11179
2.1238
2.13533
2.14345
2.14847
2.1485
2.14744
2.14117
2.12324
2.08457
2.00531
1.86322
1.72138
1.65135
1.6395
1.65184
1.67003
1.68977
1.71233
1.73636
1.7604
1.78327
1.80538
1.82629
1.84695
1.86677
1.88683
1.90647
1.92649
1.94599
1.96571
1.98451
2.0036
2.02171
2.04049
2.05833
2.07712
2.09489
2.11366
2.13118
2.14977
2.16707
2.1855
2.20255
2.2207
2.23738
2.25528
2.27156
2.28933
2.30511
2.32279
2.33807
2.35564
2.37049
2.38787
2.4024
2.41938
2.43368
2.45007
2.46414
2.4799
2.49367
2.50881
2.52215
2.53676
2.5494
2.5636
2.57508
2.58885
2.59859
2.61042
2.61579
1.26149
1.292
1.32455
1.35782
1.39233
1.429
1.46445
1.50035
1.53661
1.57292
1.60883
1.64416
1.67895
1.71307
1.74655
1.77923
1.8109
1.84201
1.87158
1.90058
1.9283
1.95464
1.98015
2.00438
2.0267
2.04866
2.06849
2.08649
2.10432
2.11872
2.13207
2.14383
2.14689
2.14634
2.14145
2.12474
2.08529
2.00013
1.85726
1.71577
1.65108
1.64217
1.65565
1.67348
1.69418
1.7171
1.74101
1.764
1.78644
1.80803
1.82912
1.84938
1.86966
1.88956
1.90998
1.93009
1.95052
1.97018
1.98993
2.00871
2.02788
2.04613
2.06519
2.08337
2.10257
2.12069
2.13976
2.15751
2.17615
2.19334
2.21146
2.22813
2.24588
2.26219
2.27972
2.29569
2.31314
2.32872
2.34619
2.36136
2.37888
2.39365
2.41106
2.4255
2.4426
2.45682
2.47341
2.4875
2.50345
2.5174
2.53273
2.54639
2.56122
2.57437
2.58885
2.60125
2.61553
2.62681
2.64027
2.64715
1.28165
1.30574
1.33766
1.36867
1.40003
1.43343
1.46808
1.50227
1.53658
1.5709
1.60491
1.63869
1.67186
1.70467
1.73663
1.76822
1.79896
1.82877
1.8583
1.8862
1.91383
1.94042
1.96542
1.99015
2.01352
2.03482
2.05676
2.07571
2.09368
2.11158
2.1249
2.13511
2.13576
2.13171
2.11576
2.07745
1.98617
1.84756
1.71236
1.64903
1.64265
1.65862
1.6785
1.69981
1.72469
1.74908
1.77201
1.79328
1.81399
1.83442
1.85494
1.87504
1.89524
1.91519
1.93563
1.95577
1.97615
1.99573
2.01535
2.03394
2.05293
2.0711
2.0902
2.10848
2.12776
2.14587
2.16486
2.18244
2.20088
2.21782
2.23573
2.25214
2.26965
2.28571
2.30302
2.31884
2.33615
2.35177
2.36917
2.3845
2.40196
2.41691
2.43432
2.4489
2.46609
2.48038
2.49715
2.51122
2.52741
2.54129
2.55682
2.57038
2.58534
2.5984
2.613
2.6254
2.63987
2.65136
2.66523
2.67249
1.30461
1.32355
1.35192
1.38314
1.41274
1.44171
1.47308
1.50538
1.53785
1.57027
1.60296
1.63531
1.66734
1.69874
1.72992
1.76023
1.79013
1.81933
1.84772
1.87541
1.90247
1.92811
1.95383
1.97781
2.00104
2.02426
2.04452
2.0657
2.08468
2.10091
2.11535
2.11747
2.11376
2.09895
2.06209
1.96881
1.82642
1.69903
1.64439
1.63964
1.65723
1.68134
1.70526
1.73133
1.75668
1.78075
1.80307
1.82353
1.84344
1.86301
1.88286
1.90243
1.92249
1.94224
1.9625
1.98226
2.00232
2.02153
2.04092
2.05934
2.07838
2.09651
2.11563
2.13368
2.15282
2.17067
2.18957
2.20696
2.22534
2.24209
2.25994
2.27616
2.29367
2.30958
2.32697
2.34275
2.36021
2.37588
2.39345
2.4089
2.42654
2.44166
2.45924
2.47395
2.49131
2.50563
2.52259
2.5366
2.55296
2.56669
2.58238
2.59578
2.61086
2.6238
2.63851
2.65086
2.66548
2.67698
2.69106
2.69837
1.33358
1.3424
1.36457
1.39496
1.42496
1.45374
1.48214
1.51138
1.54154
1.57217
1.60267
1.6335
1.66426
1.69465
1.72465
1.75421
1.78324
1.81169
1.83947
1.86692
1.89289
1.9193
1.94365
1.9679
1.99168
2.01317
2.03564
2.05583
2.07379
2.09081
2.094
2.09086
2.0775
2.03907
1.95064
1.79679
1.67425
1.63236
1.63357
1.6512
1.67723
1.70606
1.73299
1.75809
1.78326
1.80747
1.83052
1.85184
1.87218
1.89145
1.91093
1.93034
1.95045
1.97009
1.99023
2.00956
2.02928
2.04804
2.06734
2.08566
2.10479
2.12282
2.14191
2.1597
2.17864
2.19601
2.21457
2.23144
2.24959
2.26605
2.28388
2.29999
2.31763
2.33352
2.3511
2.36689
2.38452
2.40021
2.41794
2.43346
2.45126
2.46648
2.48422
2.49901
2.51652
2.53082
2.54793
2.56176
2.5783
2.59174
2.60763
2.6207
2.63599
2.64868
2.66357
2.67576
2.69051
2.70192
2.71612
2.72337
1.37532
1.37145
1.38398
1.40701
1.4362
1.46419
1.49129
1.51863
1.54654
1.57515
1.60426
1.63323
1.66228
1.69162
1.72038
1.74907
1.77722
1.80482
1.83223
1.85867
1.88495
1.91042
1.93498
1.95966
1.98218
2.00537
2.02642
2.04593
2.06369
2.06795
2.06467
2.05043
2.01268
1.92068
1.76471
1.64429
1.61224
1.62186
1.64177
1.66622
1.6993
1.72879
1.75586
1.78068
1.80521
1.82921
1.85291
1.87534
1.89719
1.91784
1.93864
1.95867
1.9792
1.99894
2.01909
2.03815
2.05766
2.07614
2.09536
2.1135
2.1326
2.15034
2.16916
2.18633
2.20479
2.22148
2.23966
2.25605
2.274
2.29011
2.30785
2.32381
2.3415
2.35739
2.37508
2.39091
2.40864
2.42437
2.44218
2.45774
2.47559
2.49086
2.50864
2.52347
2.54101
2.5553
2.57242
2.58615
2.60275
2.61601
2.63203
2.64492
2.66041
2.67299
2.68811
2.70029
2.71525
2.72677
2.74113
2.74858
1.41547
1.40121
1.40682
1.42395
1.44944
1.47673
1.50275
1.52836
1.55403
1.58018
1.60727
1.63488
1.66255
1.69023
1.71775
1.74556
1.77238
1.79966
1.82585
1.85187
1.87784
1.90215
1.92748
1.95064
1.97431
1.99648
2.01697
2.03492
2.04069
2.03608
2.02077
1.98244
1.87964
1.73153
1.61007
1.5862
1.6019
1.62667
1.65254
1.68504
1.71852
1.74887
1.77644
1.80116
1.82521
1.84882
1.87263
1.8958
1.91883
1.94086
1.96296
1.98405
2.00531
2.02543
2.04583
2.06513
2.08486
2.10349
2.1227
2.14074
2.15951
2.17688
2.19523
2.21199
2.23004
2.24631
2.26407
2.27998
2.2976
2.31343
2.33112
2.34701
2.36476
2.38066
2.39844
2.41433
2.43212
2.44791
2.46571
2.48129
2.49908
2.51433
2.53203
2.54681
2.56428
2.5785
2.5956
2.60922
2.62585
2.63896
2.65509
2.66779
2.68346
2.69585
2.71116
2.72321
2.73834
2.74978
2.76427
2.77169
1.4981
1.44125
1.43367
1.44169
1.46052
1.48705
1.51306
1.53817
1.56323
1.58806
1.61328
1.63871
1.66481
1.691
1.7174
1.74322
1.76967
1.79548
1.82086
1.8467
1.87078
1.89624
1.91949
1.94349
1.96598
1.98682
2.0051
2.01089
2.00558
1.9889
1.94723
1.83792
1.69126
1.57463
1.55712
1.57571
1.60566
1.63624
1.66903
1.70203
1.73461
1.76496
1.79289
1.81842
1.84302
1.86725
1.89154
1.91537
1.93882
1.96136
1.98387
2.00544
2.02732
2.04827
2.06949
2.08953
2.10982
2.12885
2.14826
2.16643
2.18526
2.20276
2.22115
2.23793
2.25581
2.27189
2.28942
2.30516
2.32266
2.33835
2.35595
2.3717
2.38945
2.4053
2.42316
2.43902
2.45687
2.47262
2.49038
2.50588
2.52353
2.53863
2.55615
2.57074
2.58808
2.6021
2.61917
2.63263
2.64935
2.66231
2.67863
2.69119
2.7071
2.71931
2.73488
2.74675
2.76211
2.77341
2.78807
2.79538
1.67436
1.49848
1.46828
1.46631
1.47674
1.49622
1.52167
1.54652
1.57114
1.59577
1.62026
1.64515
1.6697
1.69444
1.71915
1.74372
1.76863
1.79279
1.81822
1.84171
1.86659
1.8898
1.91337
1.93593
1.95664
1.97469
1.97994
1.97352
1.95454
1.90912
1.79385
1.64661
1.53954
1.52609
1.5467
1.57866
1.61596
1.6515
1.68426
1.71578
1.74733
1.77773
1.80643
1.8331
1.85875
1.88376
1.90868
1.93326
1.95737
1.98057
2.00344
2.02558
2.04803
2.06959
2.09138
2.11204
2.13283
2.15244
2.17244
2.19127
2.2106
2.22853
2.24715
2.26413
2.28216
2.29838
2.31604
2.33177
2.34927
2.36479
2.38233
2.39787
2.41554
2.43111
2.44886
2.46439
2.48214
2.49756
2.51522
2.53038
2.54788
2.56264
2.57996
2.59422
2.6114
2.62513
2.64218
2.65541
2.67227
2.68507
2.70164
2.71405
2.73026
2.74232
2.75819
2.76989
2.78552
2.79666
2.81152
2.81871
1.91737
1.60183
1.50738
1.49223
1.49624
1.50988
1.53114
1.55576
1.57949
1.60309
1.62659
1.65031
1.67421
1.69837
1.72205
1.7463
1.76941
1.79324
1.816
1.83967
1.86266
1.88521
1.9078
1.92757
1.94481
1.94892
1.9411
1.91848
1.86902
1.74655
1.59685
1.5058
1.49653
1.51865
1.54929
1.59109
1.6313
1.66619
1.69788
1.72807
1.7586
1.78864
1.81794
1.84576
1.87253
1.89839
1.92404
1.9493
1.97441
1.99882
2.0228
2.04556
2.06813
2.08966
2.11158
2.13251
2.15391
2.17412
2.1947
2.21389
2.23361
2.25183
2.2708
2.28812
2.30653
2.32306
2.34108
2.35702
2.3748
2.39033
2.40794
2.42318
2.44071
2.45584
2.4734
2.48852
2.50611
2.52115
2.53865
2.55343
2.57072
2.58512
2.60222
2.61618
2.6332
2.64675
2.66376
2.67692
2.69387
2.70666
2.72343
2.73585
2.7523
2.76438
2.78048
2.7922
2.80801
2.81917
2.83418
2.8414
2.33229
1.81217
1.58715
1.53277
1.52189
1.52741
1.54252
1.56547
1.58929
1.61182
1.63407
1.65624
1.67894
1.70186
1.72491
1.74803
1.77078
1.79388
1.8159
1.83868
1.85994
1.88217
1.90086
1.91666
1.91879
1.90928
1.88262
1.82554
1.69703
1.53882
1.46781
1.46839
1.49315
1.52377
1.56465
1.60676
1.6455
1.67952
1.71074
1.74036
1.77029
1.8
1.82951
1.85798
1.88551
1.91216
1.93834
1.96412
1.98976
2.01479
2.03946
2.06297
2.0861
2.10791
2.12984
2.15085
2.17244
2.19296
2.214
2.23362
2.25384
2.27258
2.29221
2.31016
2.32929
2.34647
2.3651
2.38145
2.39956
2.41517
2.43287
2.448
2.46553
2.48043
2.49789
2.51265
2.53
2.54463
2.56182
2.57625
2.59328
2.60745
2.62437
2.63823
2.65511
2.66863
2.68552
2.69867
2.71554
2.72829
2.74501
2.75735
2.7738
2.78572
2.80188
2.81339
2.82929
2.84024
2.85536
2.86239
2.63633
2.18773
1.75902
1.58525
1.55598
1.55136
1.55972
1.57512
1.59727
1.61984
1.6417
1.66321
1.68483
1.70626
1.72841
1.75033
1.77266
1.79427
1.81645
1.83746
1.85846
1.87697
1.89027
1.89067
1.87855
1.84721
1.77588
1.64921
1.48308
1.42701
1.43657
1.46732
1.50187
1.54199
1.58245
1.62155
1.65859
1.69228
1.7236
1.75313
1.78256
1.8118
1.84128
1.87014
1.89838
1.92567
1.95235
1.9784
2.0042
2.02928
2.05417
2.07804
2.1018
2.12438
2.14706
2.16848
2.1903
2.21106
2.23251
2.25263
2.27347
2.29271
2.31287
2.33131
2.35094
2.36858
2.38764
2.40445
2.42297
2.43901
2.45706
2.47247
2.49011
2.50501
2.52235
2.5369
2.55403
2.5684
2.58541
2.59966
2.61658
2.63068
2.64754
2.66138
2.67819
2.69167
2.70845
2.72149
2.7382
2.75078
2.76737
2.7795
2.79592
2.80761
2.82384
2.83509
2.85114
2.86178
2.87706
2.88374
2.80206
2.51852
2.02729
1.69318
1.59191
1.5757
1.57784
1.58868
1.60479
1.62659
1.64803
1.66917
1.69029
1.71151
1.73283
1.75375
1.77504
1.79586
1.81667
1.83652
1.85483
1.865
1.8634
1.84773
1.81208
1.72266
1.59255
1.43805
1.39321
1.40561
1.4389
1.47976
1.52203
1.56119
1.59892
1.63577
1.67157
1.70499
1.73642
1.76607
1.79541
1.82448
1.85371
1.88246
1.9107
1.93818
1.96507
1.9913
2.01715
2.04232
2.06732
2.09146
2.1156
2.13871
2.16196
2.18404
2.20638
2.22743
2.24905
2.26959
2.29093
2.31081
2.33152
2.35048
2.37051
2.38856
2.40796
2.42518
2.44402
2.46048
2.4788
2.49454
2.51236
2.52744
2.54484
2.55938
2.57649
2.5907
2.60766
2.6217
2.63862
2.65251
2.6694
2.68303
2.69987
2.71314
2.72988
2.74276
2.75939
2.77188
2.78839
2.8005
2.81688
2.8286
2.84484
2.85611
2.8722
2.88283
2.89817
2.90473
2.89388
2.75552
2.42341
1.93527
1.67983
1.61114
1.60065
1.60428
1.61698
1.63527
1.65626
1.67637
1.69607
1.71638
1.73672
1.75734
1.7777
1.79769
1.81656
1.83351
1.84095
1.83571
1.81721
1.77543
1.67493
1.53112
1.39143
1.36253
1.38068
1.41219
1.45659
1.5022
1.54292
1.57945
1.61479
1.64959
1.68416
1.71721
1.74901
1.77917
1.80865
1.8374
1.86601
1.89425
1.92227
1.94979
1.97682
2.00315
2.02903
2.0542
2.07925
2.10354
2.12793
2.1514
2.17506
2.1976
2.22049
2.24214
2.2643
2.28516
2.30679
2.32717
2.34833
2.36781
2.38815
2.40655
2.42616
2.44361
2.4626
2.47926
2.49776
2.51371
2.53177
2.54708
2.56478
2.57952
2.59695
2.61127
2.62853
2.6426
2.65975
2.67363
2.69068
2.70433
2.72124
2.73453
2.75127
2.7641
2.78063
2.79299
2.80934
2.82124
2.83742
2.84891
2.86496
2.87605
2.89198
2.90251
2.91776
2.92425
2.94734
2.86833
2.70864
2.31047
1.88874
1.68196
1.63396
1.62535
1.62983
1.64301
1.66293
1.68417
1.70419
1.72302
1.74169
1.76098
1.78012
1.79806
1.81369
1.81773
1.80896
1.78667
1.73692
1.62913
1.46775
1.34432
1.33062
1.3568
1.38985
1.43545
1.48101
1.52366
1.56202
1.59681
1.63032
1.66327
1.69645
1.72892
1.76085
1.79145
1.82128
1.85004
1.8783
1.90597
1.93335
1.9604
1.9872
2.01359
2.03966
2.06508
2.09028
2.11471
2.13918
2.16285
2.18679
2.20979
2.23316
2.2554
2.27808
2.29941
2.32127
2.34166
2.36292
2.38258
2.40316
2.4218
2.44164
2.45934
2.4786
2.4955
2.5143
2.53057
2.54903
2.56482
2.58302
2.59835
2.6163
2.63116
2.64884
2.66324
2.68062
2.69463
2.7117
2.72533
2.74211
2.75531
2.77183
2.78455
2.80084
2.81308
2.82921
2.84101
2.85705
2.86844
2.88443
2.89543
2.91136
2.92181
2.93708
2.94335
2.97104
2.93625
2.84886
2.64324
2.22286
1.84056
1.68514
1.65595
1.65005
1.65594
1.66947
1.68975
1.71043
1.73045
1.74868
1.76593
1.7819
1.79476
1.79611
1.78368
1.75578
1.69416
1.57797
1.40409
1.30031
1.29835
1.33036
1.36922
1.41675
1.46107
1.50332
1.5426
1.57903
1.61286
1.64554
1.67738
1.70922
1.74052
1.77173
1.80213
1.83213
1.86112
1.88947
1.91697
1.944
1.97067
1.99719
2.02349
2.04967
2.07534
2.10085
2.12558
2.15028
2.17414
2.19814
2.22127
2.24468
2.26708
2.28989
2.31147
2.33357
2.35419
2.37547
2.39514
2.41583
2.43461
2.45458
2.47242
2.49187
2.50904
2.52819
2.54492
2.56385
2.5802
2.5989
2.61482
2.63322
2.64863
2.66667
2.68149
2.69913
2.71334
2.73057
2.74421
2.76105
2.77419
2.79072
2.80343
2.81974
2.83204
2.8482
2.86008
2.87614
2.88759
2.90356
2.91453
2.93039
2.94072
2.95593
2.96184
2.98659
2.96555
2.92123
2.81941
2.56073
2.11836
1.80065
1.69445
1.67491
1.67337
1.68147
1.69519
1.71525
1.73518
1.7532
1.76996
1.77857
1.7765
1.75844
1.72346
1.64506
1.51544
1.34491
1.26275
1.27123
1.30392
1.34827
1.39816
1.4432
1.48416
1.52264
1.55911
1.5942
1.62774
1.66046
1.69202
1.72308
1.75319
1.78315
1.81255
1.84199
1.87086
1.89937
1.92705
1.95416
1.98074
2.00708
2.03326
2.05945
2.08529
2.11103
2.13603
2.16091
2.18491
2.20896
2.2321
2.25545
2.27779
2.30049
2.322
2.34404
2.36466
2.38596
2.4056
2.42618
2.44506
2.46521
2.48337
2.50317
2.52081
2.54042
2.55763
2.57706
2.59386
2.61307
2.62943
2.64834
2.66417
2.68266
2.69785
2.71577
2.73024
2.74756
2.76133
2.77815
2.79131
2.80779
2.82047
2.83677
2.84904
2.86523
2.8771
2.89319
2.90462
2.92057
2.93149
2.94729
2.95754
2.97267
2.97844
2.99232
2.9843
2.95941
2.90787
2.78921
2.49913
2.05846
1.78991
1.70926
1.69521
1.69597
1.70472
1.71879
1.73733
1.75438
1.76316
1.75758
1.73604
1.69091
1.59489
1.44472
1.28729
1.23063
1.24919
1.28203
1.32834
1.37991
1.42551
1.46671
1.50415
1.53977
1.57423
1.60829
1.64159
1.67452
1.70633
1.73741
1.7671
1.79621
1.8245
1.85282
1.88087
1.90895
1.93667
1.96402
1.99088
2.01732
2.0434
2.0693
2.09485
2.12038
2.1453
2.17022
2.19428
2.21838
2.24149
2.26476
2.28694
2.30945
2.33076
2.35257
2.37303
2.39418
2.41386
2.4345
2.45353
2.47399
2.4926
2.51288
2.53101
2.5511
2.56875
2.58857
2.60574
2.62526
2.64192
2.66109
2.67716
2.69587
2.71121
2.72934
2.74391
2.76142
2.77527
2.79224
2.80552
2.82214
2.83499
2.85143
2.86392
2.88026
2.89234
2.90855
2.92012
2.93613
2.94708
2.96285
2.97303
2.98811
2.99355
2.99605
2.99217
2.97893
2.95637
2.8889
2.76056
2.41315
2.02888
1.79239
1.72857
1.71732
1.71801
1.72585
1.73708
1.74588
1.73819
1.71149
1.65553
1.54322
1.37303
1.23281
1.20267
1.22842
1.26454
1.31356
1.36239
1.4075
1.44923
1.48755
1.5229
1.55666
1.58949
1.62232
1.65488
1.68739
1.71903
1.75009
1.77992
1.80911
1.83728
1.8651
1.89241
1.91966
1.94676
1.97374
2.00051
2.02691
2.05289
2.07855
2.10372
2.12884
2.15336
2.17796
2.20176
2.22568
2.24862
2.27176
2.29384
2.31625
2.33749
2.35922
2.37969
2.40087
2.42069
2.4415
2.46079
2.48142
2.50035
2.52099
2.53954
2.56005
2.57808
2.59829
2.6157
2.63547
2.65222
2.67145
2.68752
2.7062
2.72159
2.73975
2.75448
2.77217
2.78627
2.80356
2.8171
2.83407
2.84715
2.86388
2.87653
2.89306
2.90526
2.92157
2.93321
2.94926
2.96024
2.976
2.98615
3.00121
3.0065
2.99841
2.99568
2.99119
2.97718
2.95058
2.8809
2.73032
2.37927
2.00014
1.79934
1.74902
1.736
1.73387
1.73229
1.72068
1.68617
1.61346
1.47689
1.29773
1.18333
1.17645
1.20655
1.24917
1.30124
1.34777
1.39
1.43028
1.46868
1.50522
1.53976
1.57298
1.60514
1.6371
1.66858
1.69995
1.73057
1.7609
1.79038
1.81961
1.84805
1.87616
1.90353
1.93055
1.95717
1.9836
2.00988
2.03594
2.06166
2.08706
2.11189
2.13656
2.16057
2.18465
2.20798
2.23149
2.25414
2.27707
2.29905
2.32146
2.34279
2.3647
2.38536
2.40677
2.42676
2.4478
2.46726
2.48813
2.50723
2.52808
2.54683
2.56753
2.58576
2.60612
2.62369
2.64352
2.6603
2.67952
2.69556
2.71421
2.7296
2.74779
2.76264
2.78049
2.79484
2.81242
2.82629
2.84364
2.85705
2.87415
2.88708
2.90391
2.91631
2.93283
2.94461
2.9608
2.97186
2.98771
2.9979
3.01303
3.01828
2.99924
2.99789
2.99586
2.98888
2.97731
2.9426
2.87509
2.7045
2.37119
1.98426
1.80862
1.76359
1.74045
1.71554
1.66377
1.5642
1.39908
1.22733
1.14647
1.15476
1.18447
1.23022
1.28414
1.33141
1.37317
1.41158
1.44834
1.48398
1.5188
1.55257
1.58569
1.61797
1.64978
1.68069
1.71117
1.74081
1.7703
1.79916
1.82801
1.85628
1.8844
1.91189
1.93906
1.96568
1.99192
2.01775
2.04331
2.0686
2.09378
2.11859
2.14338
2.16749
2.19156
2.21469
2.23786
2.26004
2.28253
2.30409
2.32628
2.34752
2.36955
2.39045
2.41221
2.43262
2.45405
2.47388
2.49503
2.5143
2.53521
2.55393
2.5746
2.59275
2.61306
2.63053
2.65032
2.66707
2.68631
2.70238
2.72114
2.73664
2.75502
2.77003
2.78814
2.80273
2.82063
2.83481
2.85252
2.86624
2.88371
2.8969
2.91404
2.92661
2.94336
2.95524
2.97156
2.98269
2.99863
3.00888
3.02408
3.02938
2.99964
2.999
2.99805
2.99465
2.98935
2.97223
2.93983
2.85952
2.66829
2.30188
1.95328
1.80228
1.73773
1.66186
1.51882
1.30985
1.13812
1.08946
1.11206
1.15008
1.20334
1.25702
1.30559
1.3483
1.38722
1.42395
1.45952
1.49421
1.52842
1.56196
1.59502
1.62721
1.65878
1.68937
1.71953
1.74896
1.77834
1.8072
1.83604
1.86421
1.89214
1.91934
1.94624
1.97254
1.99856
2.02416
2.0496
2.07469
2.09979
2.12445
2.14923
2.17327
2.19741
2.22053
2.24385
2.2661
2.28882
2.31053
2.333
2.35437
2.37667
2.39766
2.41967
2.44015
2.46185
2.48184
2.50335
2.52289
2.54419
2.56317
2.58408
2.60231
2.62262
2.63998
2.65967
2.67625
2.69546
2.71143
2.73031
2.74582
2.76447
2.77964
2.79814
2.81301
2.83137
2.84589
2.86405
2.8781
2.89595
2.90939
2.92681
2.93954
2.95648
2.96845
2.9849
2.9961
3.01213
3.02246
3.03778
3.04306
2.9998
2.99959
2.99888
2.99776
2.99401
2.98777
2.9689
2.93104
2.84152
2.62718
2.24397
1.88845
1.69878
1.50158
1.22667
1.0707
1.04684
1.07151
1.11121
1.16541
1.21804
1.26603
1.31004
1.35103
1.38987
1.42706
1.46302
1.49788
1.53198
1.5652
1.59782
1.62951
1.66059
1.69078
1.72067
1.75
1.7794
1.80834
1.83726
1.86548
1.89346
1.92065
1.9476
1.97391
2.00006
2.02571
2.05129
2.07641
2.1016
2.12623
2.15104
2.17499
2.19917
2.22224
2.24566
2.26794
2.29086
2.31265
2.33538
2.35685
2.37938
2.4004
2.42259
2.44305
2.46492
2.4849
2.5066
2.52622
2.54778
2.56695
2.58817
2.60669
2.62738
2.64508
2.66516
2.68208
2.70167
2.718
2.73727
2.75321
2.7723
2.78794
2.8069
2.8222
2.84099
2.85584
2.87436
2.88863
2.9068
2.92039
2.93811
2.95099
2.96823
2.98038
2.99718
3.00859
3.025
3.03555
3.05118
3.05683
2.9999
2.9997
2.99941
2.99837
2.9968
2.99134
2.98261
2.95496
2.90373
2.77237
2.50058
2.03518
1.58149
1.1764
0.951444
0.949927
0.985191
1.04007
1.10222
1.15602
1.20405
1.2494
1.29344
1.3361
1.37699
1.41601
1.45358
1.48995
1.52547
1.5599
1.59332
1.62539
1.65655
1.68681
1.71696
1.74684
1.77702
1.8068
1.83646
1.86519
1.89348
1.92087
1.94808
1.97475
2.00148
2.02773
2.05399
2.07957
2.10514
2.12985
2.15472
2.17859
2.20285
2.22602
2.24982
2.27248
2.29603
2.31835
2.34171
2.3636
2.38656
2.4078
2.43021
2.45075
2.47278
2.49287
2.51477
2.53461
2.55645
2.57592
2.59744
2.61621
2.63712
2.655
2.67524
2.69228
2.71202
2.72845
2.74793
2.76398
2.78334
2.79911
2.81838
2.83384
2.85293
2.86797
2.88676
2.90122
2.91961
2.93336
2.95127
2.96425
2.98167
2.9939
3.01086
3.02235
3.03892
3.04957
3.06538
3.0711
)
;

boundaryField
{
    inlet
    {
        type            calculated;
        value           uniform 3.00001;
    }
    outlet
    {
        type            calculated;
        value           nonuniform List<scalar> 
40
(
1.4206
1.62698
1.74846
1.83544
1.89025
1.92459
1.9543
1.98771
2.02213
2.0495
2.05847
2.06778
2.13276
2.33883
2.48964
2.57027
2.61579
2.64715
2.67249
2.69837
2.72337
2.74858
2.77169
2.79538
2.81871
2.8414
2.86239
2.88374
2.90473
2.92425
2.94335
2.96184
2.97844
2.99355
3.0065
3.01828
3.02938
3.04306
3.05683
3.0711
)
;
    }
    bottom
    {
        type            symmetryPlane;
    }
    top
    {
        type            symmetryPlane;
    }
    obstacle
    {
        type            calculated;
        value           uniform 0;
    }
    defaultFaces
    {
        type            empty;
    }
}


// ************************************************************************* //
