/*--------------------------------*- C++ -*----------------------------------*\
| =========                 |                                                 |
| \\      /  F ield         | OpenFOAM: The Open Source CFD Toolbox           |
|  \\    /   O peration     | Version:  2412                                  |
|   \\  /    A nd           | Website:  www.openfoam.com                      |
|    \\/     M anipulation  |                                                 |
\*---------------------------------------------------------------------------*/
FoamFile
{
    version     2.0;
    format      ascii;
    arch        "LSB;label=32;scalar=64";
    class       volScalarField;
    location    "0.0999";
    object      T;
}
// * * * * * * * * * * * * * * * * * * * * * * * * * * * * * * * * * * * * * //

dimensions      [0 0 0 1 0 0 0];

internalField   nonuniform List<scalar> 
15000
(
300
300
300
300
300
300
300
300
300
300
300
300
300
300
300
300
300
300
300
300
300
300
300
300
300
300
300
300
300
300
300
300
300
300.001
300.001
300.002
300.004
300.007
300.012
300.022
300.041
300.075
300.137
300.255
300.465
300.891
301.587
303.131
305.26
311.742
300
300
300
300
300
300
300
300
300
300
300
300
300
300
300
300
300
300
300
300
300
300
300
300
300
300
300
300
300
300
300
300
300
300.001
300.001
300.002
300.003
300.005
300.009
300.016
300.029
300.052
300.091
300.159
300.277
300.483
300.828
301.409
302.32
303.789
300
300
300
300
300
300
300
300
300
300
300
300
300
300
300
300
300
300
300
300
300
300
300
300
300
300
300
300
300
300
300
300
300
300
300.001
300.001
300.002
300.004
300.006
300.011
300.02
300.034
300.058
300.099
300.168
300.283
300.472
300.779
301.261
301.988
300
300
300
300
300
300
300
300
300
300
300
300
300
300
300
300
300
300
300
300
300
300
300
300
300
300
300
300
300
300
300
300
300
300
300
300.001
300.001
300.002
300.004
300.007
300.012
300.02
300.034
300.057
300.094
300.154
300.249
300.399
300.629
300.971
300
300
300
300
300
300
300
300
300
300
300
300
300
300
300
300
300
300
300
300
300
300
300
300
300
300
300
300
300
300
300
300
300
300
300
300.001
300.001
300.002
300.003
300.004
300.007
300.012
300.02
300.032
300.053
300.084
300.135
300.212
300.329
300.501
300
300
300
300
300
300
300
300
300
300
300
300
300
300
300
300
300
300
300
300
300
300
300
300
300
300
300
300
300
300
300
300
300
300
300
300
300.001
300.001
300.002
300.003
300.004
300.007
300.011
300.018
300.029
300.046
300.072
300.112
300.171
300.259
300
300
300
300
300
300
300
300
300
300
300
300
300
300
300
300
300
300
300
300
300
300
300
300
300
300
300
300
300
300
300
300
300
300
300
300
300
300.001
300.001
300.002
300.002
300.004
300.006
300.01
300.016
300.025
300.039
300.059
300.091
300.136
300
300
300
300
300
300
300
300
300
300
300
300
300
300
300
300
300
300
300
300
300
300
300
300
300
300
300
300
300
300
300
300
300
300
300
300
300
300
300.001
300.001
300.001
300.002
300.004
300.006
300.009
300.014
300.021
300.032
300.048
300.072
300
300
300
300
300
300
300
300
300
300
300
300
300
300
300
300
300
300
300
300
300
300
300
300
300
300
300
300
300
300
300
300
300
300
300
300
300
300
300
300
300.001
300.001
300.002
300.003
300.005
300.007
300.011
300.017
300.026
300.038
300
300
300
300
300
300
300
300
300
300
300
300
300
300
300
300
300
300
300
300
300
300
300
300
300
300
300
300
300
300
300
300
300
300
300
300
300
300
300
300
300
300.001
300.001
300.002
300.003
300.004
300.006
300.009
300.014
300.02
300
300
300
300
300
300
300
300
300
300
300
300
300
300
300
300
300
300
300
300
300
300
300
300
300
300
300
300
300
300
300
300
300
300
300
300
300
300
300
300
300
300
300.001
300.001
300.001
300.002
300.003
300.005
300.007
300.011
300
300
300
300
300
300
300
300
300
300
300
300
300
300
300
300
300
300
300
300
300
300
300
300
300
300
300
300
300
300
300
300
300
300
300
300
300
300
300
300
300
300
300
300.001
300.001
300.001
300.002
300.003
300.004
300.006
300
300
300
300
300
300
300
300
300
300
300
300
300
300
300
300
300
300
300
300
300
300
300
300
300
300
300
300
300
300
300
300
300
300
300
300
300
300
300
300
300
300
300
300
300
300.001
300.001
300.001
300.002
300.003
300
300
300
300
300
300
300
300
300
300
300
300
300
300
300
300
300
300
300
300
300
300
300
300
300
300
300
300
300
300
300
300
300
300
300
300
300
300
300
300
300
300
300
300
300
300
300.001
300.001
300.001
300.002
300
300
300
300
300
300
300
300
300
300
300
300
300
300
300
300
300
300
300
300
300
300
300
300
300
300
300
300
300
300
300
300
300
300
300
300
300
300
300
300
300
300
300
300
300
300
300
300
300.001
300.001
300
300
300
300
300
300
300
300
300
300
300
300
300
300
300
300
300
300
300
300
300
300
300
300
300
300
300
300
300
300
300
300
300
300
300
300
300
300
300
300
300
300
300
300
300
300
300
300
300
300.001
300
300
300
300
300
300
300
300
300
300
300
300
300
300
300
300
300
300
300
300
300
300
300
300
300
300
300
300
300
300
300
300
300
300
300
300
300
300
300
300
300
300
300
300
300
300
300
300
300
300
300
300
300
300
300
300
300
300
300
300
300
300
300
300
300
300
300
300
300
300
300
300
300
300
300
300
300
300
300
300
300
300
300
300
300
300
300
300
300
300
300
300
300
300
300
300
300
300
300
300
300
300
300
300
300
300
300
300
300
300
300
300
300
300
300
300
300
300
300
300
300
300
300
300
300
300
300
300
300
300
300
300
300
300
300
300
300
300
300
300
300
300
300
300
300
300
300
300
300
300
300
300
300
300
300
300
300
300
300
300
300
300
300
300
300
300
300
300
300
300
300
300
300
300
300
300
300
300
300
300
300
300
300
300
300
300
300
300
300
300
300
300
300
300
300
300
300
300
300
300
300
300
300
300
300
300
300
300
300
300
300
300
300
300
300
300
300
300
300
300
300
300
300
300
300
300
300
300
300
300
300
300
300
300
300
300
300
300
300
300
300
300
300
300
300
300
300
300
300
300
300
300
300
300
300
300
300
300
300
300
300
300
300
300
300
300
300
300
300
300
300
300
300
300
300
300
300
300
300
300
300
300
300
300
300
300
300
300
300
300
300
300
300
300
300
300
300
300
300
300
300
300
300
300
300
300
300
300
300
300
300
300
300
300
300
300
300
300
300
300
300
300
300
300
300
300
300
300
300
300
300
300
300
300
300
300
300
300
300
300
300
300
300
300
300
300
300
300
300
300
300
300
300
300
300
300
300
300
300
300
300
300
300
300
300
300
300
300
300
300
300
300
300
300
300
300
300
300
300
300
300
300
300
300
300
300
300
300
300
300
300
300
300
300
300
300
300
300
300
300
300
300
300
300
300
300
300
300
300
300
300
300
300
300
300
300
300
300
300
300
300
300
300
300
300
300
300
300
300
300
300
300
300
300
300
300
300
300
300
300
300
300
300
300
300
300
300
300
300
300
300
300
300
300
300
300
300
300
300
300
300
300
300
300
300
300
300
300
300
300
300
300
300
300
300
300
300
300
300
300
300
300
300
300
300
300
300
300
300
300
300
300
300
300
300
300
300
300
300
300
300
300
300
300
300
300
300
300
300
300
300
300
300
300
300
300
300
300
300
300
300
300
300
300
300
300
300
300
300
300
300
300
300
300
300
300
300
300
300
300
300
300
300
300
300
300
300
300
300
300
300
300
300
300
300
300
300
300
300
300
300
300
300
300
300
300
300
300
300
300
300
300
300
300
300
300
300
300
300
300
300
300
300
300
300
300
300
300
300
300
300
300
300
300
300
300
300
300
300
300
300
300
300
300
300
300
300
300
300
300
300
300
300
300
300
300
300
300
300
300
300
300
300
300
300
300
300
300
300
300
300
300
300
300
300
300
300
300
300
300
300
300
300
300
300
300
300
300
300
300
300
300
300
300
300
300
300
300
300
300
300
300
300
300
300
300
300
300
300
300
300
300
300
300
300
300
300
300
300
300
300
300
300
300
300
300
300
300
300
300
300
300
300
300
300
300
300
300
300
300
300
300
300
300
300
300
300
300
300
300
300
300
300
300
300
300
300
300
300
300
300
300
300
300
300
300
300
300
300
300
300
300
300
300
300
300
300
300
300
300
300
300
300
300
300
300
300
300
300
300
300
300
300
300
300
300
300
300
300
300
300
300
300
300
300
300
300
300
300
300
300
300
300
300
300
300
300
300
300
300
300
300
300
300
300
300
300
300
300
300
300
300
300
300
300
300
300
300
300
300
300
300
300
300
300
300
300
300
300
300
300
300
300
300
300
300
300
300
300
300
300
300
300
300
300
300
300
300
300
300
300
300
300
300
300
300
300
300
300
300
300
300
300
300
300
300
300
300
300
300
300
300
300
300
300
300
300
300
300
300
300
300
300
300
300
300
300
300
300
300
300
300
300
300
300
300
300
300
300
300
300
300
300
300
300
300
300
300
300
300
300
300
300
300
300
300
300
300
300
300
300
300
300
300
300
300
300
300
300
300
300
300
300
300
300
300
300
300
300
300
300
300
300
300
300
300
300
300
300
300
300
300
300
300
300
300
300
300
300
300
300
300
300
300
300
300
300
300
300
300
300
300
300
300
300
300
300
300
300
300
300
300
300
300
300
300
300
300
300
300
300
300
300
300
300
300
300
300
300
300
300
300
300
300
300
300
300
300
300
300
300
300
300
300
300
300
300
300
300
300
300
300
300
300
300
300
300
300
300
300
300
300
300
300
300
300
300
300
300
300
300
300
300
300
300
300
300
300
300
300
300
300
300
300
300
300
300
300
300
300
300
300
300
300
300
300
300
300
300
300
300
300
300
300
300
300
300
300
300
300
300
300
300
300
300
300
300
300
300
300
300
300
300
300
300
300
300
300
300
300
300
300
300
300
300
300
300
300
300
300
300
300
300
300
300
300
300
300
300
300
300
300
300
300
300
300
300
300
300
300
300
300
300
300
300
300
300
300
300
300
300
300
300
300
300
300
300
300
300
300
300
300
300
300
300
300
300
300
300
300
300
300
300
300
300
300
300
300
300
300
300
300
300
300
300
300
300
300
300
300
300
300
300
300
300
300
300
300
300
300
300
300
300
300
300
300
300
300
300
300
300
300
300
300
300
300
300
300
300
300
300
300
300
300
300
300
300
300
300
300
300
300
300
300
300
300
300
300
300
300
300
300
300
300
300
300
300
300
300
300
300
300
300
300
300
300
300
300
300
300
300
300
300
300
300
300
300
300
300
300
300
300
300
300
300
300
300
300
300
300
300
300
300
300
300
300
300
300
300
300
300
300
300
300
300
300
300
300
300
300
300
300
300
300
300
300
300
300
300
300
300
300
300
300
300
300
300
300
300
300
300
300
300
300
300
300
300
300
300
300
300
300
300
300
300
300
300
300
300
300
300
300
300
300
300
300
300
300
300
300
300
300
300
300
300
300
300
300
300
300
300
300
300
300
300
300
300
300
300
300
300
300
300
300
300
300
300
300
300
300
300
300
300
300
300
300
300
300
300
300
300
300
300
300
300
300
300
300
300
300
300
300
300
300
300
300
300
300
300
300
300
300
300
300
300
300
300
300
300
300
300
300
300
300
300
300
300
300
300
300
300
300
300
300
300
300
300
300
300
300
300
300
300
300
300
300
300
300
300
300
300
300
300
300
300
300
300
300
300
300
300
300
300
300
300
300
300
300
300
300
300
300
300
300
300
300
300
300
300
300
300
300
300
300
300
300
300
300
300
300
300
300
300
300
300
300
300
300
300
300
300
300
300
300
300
300
300
300
300
300
300
300
300
300
300
300
300
300
300
300
300
300
300
300
300
300
300
300
300
300
300
300
300
300
300
300
300
300
300
300
300
300
300
300
300
300
300
300
300
300
300
300
300
300
300
300
300
300
300
300
300
300
300
300
300
300
300
300
300
300
300
300
300
300
300
300
300
300
300
300
300
300
300
300
300
300
300
300
300
300
300
300
300
300
300
300
300
300
300
300
300
300
300
300
300
300
300
300
300
300
300
300
300
300
300
300
300
300
300
300
300
300
300
300
300
300
300
300
300
300
300
300
300
300
300
300
300
300
300
300
300
300
300
300
300
300
300
300
300
300
300
300
300
300
300
300
300
300
300
300
300
300
300
300
300
300
300
300
300
300
300
300
300
300
300
300
300
300
300
300
300
300
300
300
300
300
300
300
300
300
300
300
300
300
300
300
300
300
300
300
300
300
300
300
300
300
300
300
300
300
300
300
300
300
300
300
300
300
300
300
300
300
300
300
300
300
300
300
300
300
300
300
300
300
300
300
300
300
300
300
300
300
300
300
300
300
300
300
300
300
300
300
300
300
300
300
300
300
300
300
300
300
300
300
300
300
300
300
300
300
300
300
300
300
300
300
300
300
300
300
300
300
300
300
300
300
300
300
300
300
300
300
300
300
300
300
300
300
300
300
300
300
300
300
300
300
300
300
300
300
300
300
300
300
300
300
300
300
300
300
300
300
300
300
300
300
300
300
300
300
300
300
300
300
300
300
300
300
300
300
300
300
300
300
300
300
300
300
300
300
300
300
300
300
300
300
300
300
300
300
300
300
300
300
300
300
300
300
300
300
300
300
300
300
300
300
300
300
300
300
300
300
300
300
300
300
300
300
300
300
300
300
300
300
300
300
300
300
300
300
300
300
300
300
300
300
300
300
300
300
300
300
300
300
300
300
300
300
300
300
300
300
300
300
300
300
300
300
300
300
300
300
300
300
300
300
300
300
300
300
300
300
300
300
300
300
300
300
300
300
300
300
300
300
300
300
300
300
300
300
300
300
300
300
300
300
300
300
300
300
300
300
300
300
300
300
300
300
300
300
300
300
300
300
300
300
300
300
300
300
300
300
300
300
300
300
300
300
300
300
300
300
300
300
300
300
300
300
300
300
300
300
300
300
300
300
300
300
300
300
300
300
300
300
300
300
300
300
300
300
300
300
300
300
300
300
300
300
300
300
300
300
300
300
300
300
300
300
300
300
300
300
300
300
300
300
300
300
300
300
300
300
300
300
300
300
300
300
300
300
300
300
300
300
300
300
300
300
300
300
300
300
300
300
300
300
300
300
300
300
300
300
300
300
300
300
300
300
300
300
300
300
300
300
300
300
300
300
300
300
300
300
300
300
300
300
300
300
300
300
300
300
300
300
300
300
300
300
300
300
300
300
300
300
300
300
300
300
300
300
300
300
300
300
300
300
300
300
300
300
300
300
300
300
300
300
300
300
300
300
300
300
300
300
300
300
300
300
300
300
300
300
300
300
300
300
300
300
300
300
300
300
300
300
300
300
300
300
300
300
300
300
300
300
300
300
300
300
300
300
300
300
300
300
300
300
300
300
300
300
300
300
300
300
300
300
300
300
300
300
300
300
300
300
300
300
300
300
300
300
300
300
300
300
300
300
300
300
300
300
300
300
300
300
300
300
300
300
300
300
300
300
300
300
300
300
300
300
300
300
300
300
300
300
300
300
300
300
300
300
300
300
300
300
300
300
300
300
300
300
300
300
300
300
300
300
300
300
300
300
300
300
300
300
300
300
300
300
300
300
300
300
300
300
300
300
300
300
300
300
300
300
300
300
300
300
300
300
300
300
300
300
300
300
300
300
300
300
300
300
300
300
300
300
300
300
300
300
300
300
300
300
300
300
300
300
300
300
300
300
300
300
300
300
300
300
300
300
300
300
300
300
300
300
300
300
300
300
300
300
300
300
300
300
300
300
300
300
300
300
300
300
300
300
300
300
300
300
300
300
300
300
300
300
300
300
300
300
300
300
300
300
300
300
300
300
300
300
300
300
300
300
300
300
300
300
300
300
300
300
300
300
300
300
300
300
300
300
300
300
300
300
300
300
300
300
300
300
300
300
300
300
300
300
300
300
300
300
300
300
300
300
300
300
300
300
300
300
300
300
300
300
300
300
300
300
300
300
300
300
300
300
300
300
300
300
300
300
300
300
300
300
300
300
300
300
300
300
300
300
300
300
300
300
300
300
300
300
300
300
300
300
300
300
300
300
300
300
300
300
300
300
300
300
300
300
300
300
300
300
300
300
300
300
300
300
300
300
300
300
300
300
300
300
300
300
300
300
300
300
300
300
300
300
300
300
300
300
300
300
300
300
300
300
300
300
300
300
300
300
300
300
300
300
300
300
300
300
300
300
300
300
300
300
300
300
300
300
300
300
300
300
300
300
300
300
300
300
300
300
300
300
300
300
300
300
300
300
300
300
300
300
300
300
300
300
300
300
300
300
300
300
300
300
300
300
300
300
300
300
300
300
300
300
300
300
300
300
300
300
300
300
300
300
300
300
300
300
300
300
300
300
300
300
300
300
300
300
300
300
300
300
300
300
300
300
300
300
300
300
300
300
300
300
300
300
300
300
300
300
300
300
300
300
300
300
300
300
300
300
300
300
300
300
300
300
300
300
300
300
300
300
300
300
300
300
300
300
300
300
300
300
300
300
300
300
300
300
300
300
300
300
300
300
300
300
300
300
300
300
300
300
300
300
300
300
300
300
300
300
300
300
300
300
300
300
300
300
300
300
300
300
300
300
300
300
300
300
300
300
300
300
300
300
300
300
300
300
300
300
300
300
300
300
300
300
300
300
300
300
300
300
300
300
300
300
300
300
300
300
300
300
300
300
300
300
300
300
300
300
300
300
300
300
300
300
300
300
300
300
300
300
300
300
300
300
300
300
300
300
300
300
300
300
300
300
300
300
300
300
300
300
300
300
300
300
300
300
300
300
300
300
300
300
300
300
300
300
300
300
300
300
300
300
300
300
300
300
300
300
300
300
300
300
300
300
300
300
300
300
300
300
300
300
300
300
300
300
300
300
300
300
300
300
300
300
300
300
300
300
300
300
300
300
300
300
300
300
300
300
300
300
300
300
300
300
300
300
300
300
300
300
300
300
300
300
300
300
300
300
300
300
300
300
300
300
300
300
300
300
300
300
300
300
300
300
300
300
300
300
300
300
300
300
300
300
300
300
300
300
300
300
300
300
300
300
300
300
300
300
300
300
300
300
300
300
300
300
300
300
300
300
300
300
300
300
300
300
300
300
300
300
300
300
300
300
300
300
300
300
300
300
300
300
300
300
300
300
300
300
300
300
300
300
300
300
300
300
300
300
300
300
300
300
300
300
300
300
300
300
300
300
300
300
300
300
300
300
300
300
300
300
300
300
300
300
300
300
300
300
300
300
300
300
300
300
300
300
300
300
300
300
300
300
300
300
300
300
300
300
300
300
300
300
300
300
300
300
300
300
300
300
300
300
300
300
300
300
300
300
300
300
300
300
300
300
300
300
300
300
300
300
300
300
300
300
300
300
300
300
300
300
300
300
300
300
300
300
300
300
300
300
300
300
300
300
300
300
300
300
300
300
300
300
300
300
300
300
300
300
300
300
300
300
300
300
300
300
300
300
300
300
300
300
300
300
300
300
300
300
300
300
300
300
300
300
300
300
300
300
300
300
300
300
300
300
300
300
300
300
300
300
300
300
300
300
300
300
300
300
300
300
300
300
300
300
300
300
300
300
300
300
300
300
300
300
300
300
300
300
300
300
300
300
300
300
300
300
300
300
300
300
300
300
300
300
300
300
300
300
300
300
300
300
300
300
300
300
300
300
300
300
300
300
300
300
300
300
300
300
300
300
300
300
300
300
300
300
300
300
300
300
300
300
300
300
300
300
300
300
300
300
300
300
300
300
300
300
300
300
300
300
300
300
300
300
300
300
300
300
300
300
300
300
300
300
300
300
300
300
300
300
300
300
300
300
300
300
300
300
300
300
300
300
300
300
300
300
300
300
300
300
300
300
300
300
300
300
300
300
300
300
300
300
300
300
300
300
300
300
300
300
300
300
300
300
300
300
300
300
300
300
300
300
300
300
300
300
300
300
300
300
300
300
300
300
300
300
300
300
300
300
300
300
300
300
300
300
300
300
300
300
300
300
300
300
300
300
300
300
300
300
300
300
300
300
300
300
300
300
300
300
300
300
300
300
300
300
300
300
300
300
300
300
300
300
300
300
300
300
300
300
300
300
300
300
300
300
300
300
300
300
300
300
300
300
300
300
300
300
300
300
300
300
300
300
300
300
300
300
300
300
300
300
300
300
300
300
300
300
300
300
300
300
300
300
300
300
300
300
300
300
300
300
300
300
300
300
300
300
300
300
300
300
300
300
300
300
300
300
300
300
300
300
300
300
300
300
300
300
300
300
300
300
300
300
300
300
300
300
300
300
300
300
300
300
300
300
300
300
300
300
300
300
300
300
300
300
300
300
300
300
300
300
300
300
300
300
300
300
300
300
300
300
300
300
300
300
300
300
300
300
300
300
300
300
300
300
300
300
300
300
300
300
300
300
300
300
300
300
300
300
300
300
300
300
300
300
300
300
300
300
300
300
300
300
300
300
300
300
300
300
300
300
300
300
300
300
300
300
300
300
300
300
300
300
300
300
300
300
300
300
300
300
300
300
300
300
300
300
300
300
300
300
300
300
300
300
300
300
300
300
300
300
300
300
300
300
300
300
300
300
300
300
300
300
300
300
300
300
300
300
300
300
300
300
300
300
300
300
300
300
300
300
300
300
300
300
300
300
300
300
300
300
300
300
300
300
300
300
300
300
300
300
300
300
300
300
300
300
300
300
300
300
300
300
300
300
300
300
300
300
300
300
300
300
300
300
300
300
300
300
300
300
300
300
300
300
300
300
300
300
300
300
300
300
300
300
300
300
300
300
300
300
300
300
300
300
300
300
300
300
300
300
300
300
300
300
300
300
300
300
300
300
300
300
300
300
300
300
300
300
300
300
300
300
300
300
300
300
300
300
300
300
300
300
300
300
300
300
300
300
300
300
300
300
300
300
300
300
300
300
300
300
300
300
300
300
300
300
300
300
300
300
300
300
300
300
300
300
300
300
300
300
300
300
300
300
300
300
300
300
300
300
300
300
300
300
300
300
300
300
300
300
300
300
300
300
300
300
300
300
300
300
300
300
300
300
300
300
300
300
300
300
300
300
300
300
300
300
300
300
300
300
300
300
300
300
300
300
300
300
300
300
300
300
300
300
300
300
300
300
300
300
300
300
300
300
300
300
300
300
300
300
300
300
300
300
300
300
300
300
300
300
300
300
300
300
300
300
300
300
300
300
300
300
300
300
300
300
300
300
300
300
300
300
300
300
300
300
300
300
300
300
300
300
300
300
300
300
300
300
300
300
300
300
300
300
300
300
300
300
300
300
300
300
300
300
300
300
300
300
300
300
300
300
300
300
300
300
300
300
300
300
300
300
300
300
300
300
300
300
300
300
300
300
300
300
300
300
300
300
300
300
300
300
300
300
300
300
300
300
300
300
300
300
300
300
300
300
300
300
300
300
300
300
300
300
300
300
300
300
300
300
300
300
300
300
300
300
300
300
300
300
300
300
300
300
300
300
300
300
300
300
300
300
300
300
300
300
300
300
300
300
300
300
300
300
300
300
300
300
300
300
300
300
300
300
300
300
300
300
300
300
300
300
300
300
300
300
300
300
300
300
300
300
300
300
300
300
300
300
300
300
300
300
300
300
300
300
300
300
300
300
300
300
300
300
300
300
300
300
300
300
300
300
300
300
300
300
300
300
300
300
300
300
300
300
300
300
300
300
300
300
300
300
300
300
300
300
300
300
300
300
300
300
300
300
300
300
300
300
300
300
300
300
300
300
300
300
300
300
300
300
300
300
300
300
300
300
300
300
300
300
300
300
300
300
300
300
300
300
300
300
300
300
300
300
300
300
300
300
300
300
300
300
300
300
300
300
300
300
300
300
300
300
300
300
300
300
300
300
300
300
300
300
300
300
300
300
300
300
300
300
300
300
300
300
300
300
300
300
300
300
300
300
300
300
300
300
300
300
300
300
300
300
300
300
300
300
317.192
321.422
324.654
327.026
328.621
329.562
329.965
329.937
329.596
329.029
328.364
327.704
327.114
326.632
326.275
326.042
325.925
325.904
325.957
326.062
326.196
326.34
326.48
326.602
326.702
326.775
326.822
326.844
326.846
326.833
326.811
326.784
326.756
326.729
326.707
326.689
326.678
326.671
326.67
326.672
326.677
326.684
326.691
326.699
326.706
326.712
326.716
326.719
326.721
326.722
326.722
326.721
326.72
326.719
326.718
326.717
326.716
326.716
326.715
326.715
326.716
326.716
326.717
326.717
326.718
326.718
326.719
326.719
326.72
326.72
326.72
326.721
326.721
326.721
326.721
326.721
326.721
326.721
326.721
326.721
326.722
326.722
326.722
326.722
326.722
326.722
326.723
326.723
326.723
326.723
326.723
326.723
326.723
326.724
326.724
326.724
326.724
326.724
326.724
326.724
305.871
308.33
310.967
313.621
316.169
318.516
320.597
322.384
323.859
325.047
325.934
326.533
326.888
327.051
327.069
326.987
326.842
326.666
326.483
326.312
326.165
326.049
325.967
325.917
325.896
325.898
325.916
325.946
325.981
326.017
326.049
326.076
326.096
326.109
326.116
326.117
326.115
326.109
326.102
326.094
326.087
326.08
326.074
326.069
326.066
326.064
326.063
326.063
326.064
326.064
326.065
326.066
326.066
326.067
326.067
326.066
326.066
326.065
326.064
326.063
326.062
326.061
326.06
326.059
326.058
326.057
326.056
326.055
326.055
326.054
326.053
326.053
326.052
326.051
326.051
326.05
326.05
326.049
326.048
326.048
326.047
326.046
326.046
326.045
326.045
326.044
326.043
326.043
326.042
326.042
326.041
326.041
326.04
326.04
326.039
326.039
326.038
326.037
326.037
326.036
303.043
304.463
306.223
308.277
310.556
312.976
315.442
317.86
320.14
322.203
323.99
325.458
326.583
327.373
327.856
328.073
328.068
327.907
327.652
327.354
327.052
326.771
326.532
326.341
326.204
326.117
326.076
326.07
326.092
326.132
326.182
326.234
326.282
326.323
326.356
326.378
326.39
326.394
326.391
326.383
326.372
326.359
326.347
326.335
326.325
326.317
326.312
326.309
326.307
326.308
326.309
326.311
326.314
326.317
326.319
326.321
326.323
326.324
326.325
326.325
326.325
326.325
326.325
326.325
326.325
326.325
326.325
326.325
326.325
326.325
326.326
326.327
326.327
326.328
326.329
326.329
326.33
326.331
326.331
326.332
326.332
326.333
326.334
326.334
326.335
326.335
326.336
326.336
326.337
326.337
326.338
326.338
326.339
326.34
326.34
326.341
326.341
326.342
326.343
326.344
301.47
302.155
303.058
304.195
305.567
307.162
308.948
310.879
312.9
314.945
316.947
318.842
320.574
322.099
323.39
324.439
325.257
325.849
326.238
326.451
326.53
326.512
326.428
326.308
326.175
326.044
325.928
325.833
325.763
325.718
325.696
325.693
325.704
325.725
325.752
325.78
325.807
325.831
325.851
325.865
325.874
325.878
325.879
325.877
325.873
325.868
325.862
325.857
325.852
325.849
325.846
325.845
325.844
325.844
325.844
325.844
325.845
325.846
325.846
325.846
325.846
325.846
325.845
325.845
325.844
325.843
325.842
325.841
325.839
325.839
325.838
325.837
325.836
325.835
325.834
325.834
325.833
325.832
325.832
325.831
325.83
325.829
325.829
325.828
325.827
325.827
325.826
325.825
325.825
325.824
325.823
325.823
325.822
325.821
325.821
325.82
325.819
325.819
325.817
325.817
300.753
301.106
301.586
302.216
303.02
304.012
305.201
306.585
308.152
309.878
311.727
313.657
315.615
317.546
319.396
321.114
322.657
323.995
325.102
325.973
326.613
327.038
327.271
327.351
327.321
327.218
327.073
326.91
326.749
326.603
326.478
326.381
326.311
326.267
326.245
326.242
326.253
326.273
326.299
326.325
326.351
326.373
326.391
326.405
326.414
326.418
326.419
326.417
326.414
326.409
326.405
326.4
326.396
326.393
326.391
326.389
326.389
326.39
326.39
326.392
326.393
326.395
326.396
326.398
326.399
326.4
326.4
326.401
326.401
326.402
326.402
326.402
326.402
326.402
326.402
326.402
326.403
326.403
326.403
326.404
326.404
326.404
326.405
326.405
326.405
326.405
326.406
326.406
326.406
326.406
326.407
326.407
326.407
326.407
326.407
326.407
326.408
326.408
326.409
326.409
300.387
300.568
300.817
301.152
301.591
302.154
302.856
303.711
304.729
305.912
307.256
308.746
310.361
312.07
313.833
315.607
317.345
319.001
320.533
321.906
323.095
324.088
324.888
325.496
325.925
326.193
326.331
326.37
326.339
326.262
326.161
326.051
325.946
325.852
325.774
325.716
325.677
325.655
325.647
325.651
325.663
325.681
325.7
325.72
325.738
325.753
325.764
325.773
325.778
325.78
325.78
325.778
325.775
325.772
325.769
325.766
325.763
325.761
325.76
325.759
325.759
325.76
325.76
325.761
325.762
325.763
325.764
325.765
325.765
325.765
325.766
325.766
325.766
325.766
325.765
325.765
325.765
325.765
325.765
325.765
325.765
325.765
325.765
325.765
325.765
325.765
325.766
325.766
325.766
325.766
325.766
325.766
325.766
325.766
325.767
325.767
325.767
325.767
325.766
325.766
300.202
300.296
300.426
300.604
300.843
301.155
301.557
302.063
302.687
303.443
304.339
305.383
306.574
307.906
309.368
310.938
312.59
314.29
316
317.679
319.288
320.788
322.148
323.345
324.359
325.188
325.831
326.296
326.598
326.766
326.832
326.823
326.765
326.677
326.577
326.475
326.381
326.3
326.235
326.187
326.155
326.137
326.131
326.134
326.143
326.157
326.172
326.187
326.201
326.212
326.221
326.228
326.232
326.233
326.233
326.232
326.23
326.227
326.225
326.222
326.22
326.219
326.218
326.217
326.217
326.217
326.218
326.218
326.219
326.219
326.22
326.22
326.221
326.221
326.221
326.222
326.222
326.222
326.222
326.221
326.221
326.221
326.221
326.221
326.221
326.221
326.221
326.221
326.221
326.221
326.221
326.221
326.221
326.221
326.221
326.221
326.221
326.221
326.222
326.222
300.106
300.155
300.224
300.319
300.447
300.618
300.841
301.129
301.494
301.948
302.503
303.172
303.963
304.883
305.937
307.121
308.43
309.849
311.358
312.933
314.542
316.149
317.72
319.216
320.607
321.863
322.964
323.9
324.671
325.275
325.72
326.018
326.197
326.282
326.297
326.263
326.2
326.12
326.036
325.956
325.884
325.825
325.779
325.746
325.727
325.717
325.716
325.722
325.731
325.743
325.755
325.767
325.777
325.786
325.792
325.796
325.798
325.799
325.798
325.796
325.794
325.792
325.79
325.788
325.786
325.785
325.784
325.784
325.783
325.784
325.784
325.784
325.785
325.785
325.786
325.786
325.786
325.787
325.787
325.787
325.787
325.787
325.787
325.787
325.787
325.787
325.787
325.787
325.787
325.787
325.788
325.788
325.788
325.788
325.788
325.789
325.789
325.789
325.788
325.789
300.056
300.082
300.119
300.169
300.238
300.331
300.454
300.615
300.823
301.088
301.419
301.828
302.326
302.922
303.627
304.449
305.391
306.456
307.641
308.938
310.334
311.809
313.341
314.901
316.456
317.976
319.425
320.776
322.003
323.088
324.017
324.788
325.4
325.856
326.171
326.37
326.477
326.515
326.504
326.46
326.399
326.329
326.26
326.196
326.142
326.098
326.066
326.044
326.032
326.028
326.03
326.036
326.045
326.055
326.065
326.075
326.083
326.089
326.094
326.097
326.099
326.1
326.1
326.099
326.098
326.096
326.095
326.094
326.093
326.092
326.091
326.091
326.091
326.092
326.092
326.092
326.093
326.093
326.093
326.093
326.094
326.094
326.094
326.094
326.094
326.094
326.093
326.093
326.093
326.093
326.093
326.093
326.093
326.093
326.092
326.092
326.092
326.092
326.093
326.093
300.03
300.044
300.063
300.09
300.127
300.177
300.245
300.334
300.451
300.602
300.795
301.037
301.338
301.707
302.154
302.688
303.319
304.053
304.898
305.857
306.928
308.109
309.39
310.759
312.196
313.678
315.178
316.668
318.115
319.491
320.77
321.927
322.948
323.824
324.553
325.132
325.566
325.87
326.066
326.177
326.223
326.222
326.189
326.137
326.076
326.014
325.954
325.902
325.859
325.826
325.802
325.787
325.779
325.777
325.78
325.785
325.792
325.8
325.808
325.815
325.82
325.825
325.828
325.829
325.83
325.83
325.829
325.828
325.826
325.825
325.823
325.822
325.821
325.821
325.82
325.82
325.82
325.82
325.82
325.821
325.821
325.821
325.821
325.822
325.822
325.822
325.822
325.822
325.822
325.822
325.823
325.823
325.823
325.823
325.823
325.823
325.823
325.823
325.823
325.823
300.016
300.023
300.034
300.048
300.068
300.095
300.132
300.181
300.247
300.332
300.442
300.583
300.76
300.982
301.255
301.589
301.992
302.472
303.039
303.7
304.461
305.328
306.301
307.38
308.561
309.833
311.183
312.593
314.041
315.502
316.947
318.35
319.682
320.919
322.042
323.034
323.89
324.604
325.175
325.604
325.91
326.114
326.237
326.297
326.311
326.294
326.257
326.209
326.158
326.108
326.063
326.025
325.996
325.974
325.959
325.951
325.949
325.95
325.955
325.961
325.968
325.975
325.982
325.988
325.992
325.996
325.999
326
326.001
326.001
326.001
326
325.999
325.998
325.998
325.997
325.997
325.997
325.996
325.996
325.997
325.997
325.997
325.997
325.998
325.998
325.998
325.998
325.998
325.998
325.998
325.998
325.998
325.998
325.998
325.998
325.998
325.998
325.999
325.999
300.009
300.013
300.018
300.026
300.037
300.051
300.071
300.099
300.135
300.182
300.245
300.325
300.428
300.559
300.722
300.925
301.173
301.476
301.84
302.273
302.784
303.38
304.068
304.853
305.737
306.724
307.809
308.987
310.248
311.579
312.962
314.374
315.791
317.188
318.538
319.816
320.999
322.07
323.014
323.83
324.51
325.05
325.459
325.753
325.952
326.074
326.137
326.157
326.146
326.115
326.072
326.026
325.979
325.936
325.899
325.869
325.845
325.829
325.818
325.813
325.811
325.813
325.816
325.821
325.826
325.831
325.836
325.839
325.842
325.844
325.845
325.846
325.846
325.845
325.844
325.843
325.842
325.842
325.841
325.84
325.839
325.839
325.839
325.839
325.839
325.839
325.839
325.839
325.839
325.839
325.839
325.839
325.84
325.84
325.84
325.84
325.84
325.84
325.84
325.84
300.005
300.007
300.01
300.014
300.02
300.028
300.039
300.054
300.074
300.1
300.135
300.181
300.24
300.316
300.411
300.532
300.682
300.868
301.095
301.369
301.699
302.091
302.553
303.092
303.715
304.427
305.233
306.136
307.134
308.226
309.404
310.658
311.974
313.335
314.719
316.102
317.461
318.771
320.008
321.152
322.187
323.102
323.89
324.547
325.067
325.463
325.751
325.949
326.076
326.146
326.174
326.173
326.153
326.12
326.082
326.043
326.007
325.975
325.948
325.928
325.913
325.904
325.899
325.897
325.899
325.902
325.906
325.911
325.916
325.921
325.925
325.929
325.931
325.933
325.934
325.935
325.935
325.935
325.935
325.934
325.934
325.933
325.933
325.933
325.932
325.932
325.932
325.932
325.933
325.933
325.933
325.933
325.933
325.933
325.933
325.934
325.934
325.934
325.934
325.934
300.003
300.004
300.005
300.008
300.011
300.015
300.021
300.029
300.04
300.055
300.074
300.1
300.134
300.177
300.233
300.304
300.393
300.505
300.643
300.812
301.019
301.269
301.568
301.924
302.342
302.831
303.396
304.044
304.779
305.606
306.524
307.534
308.631
309.809
311.055
312.357
313.696
315.051
316.4
317.72
318.987
320.179
321.279
322.27
323.148
323.901
324.525
325.018
325.394
325.669
325.86
325.984
326.055
326.087
326.09
326.073
326.045
326.011
325.976
325.942
325.911
325.885
325.864
325.848
325.837
325.83
325.827
325.826
325.827
325.83
325.833
325.837
325.84
325.843
325.846
325.848
325.849
325.85
325.85
325.85
325.85
325.849
325.849
325.848
325.847
325.847
325.846
325.846
325.845
325.845
325.845
325.845
325.845
325.845
325.845
325.845
325.845
325.845
325.845
325.845
300.001
300.002
300.003
300.004
300.006
300.008
300.011
300.016
300.022
300.03
300.041
300.055
300.075
300.099
300.131
300.172
300.225
300.291
300.374
300.477
300.604
300.759
300.948
301.175
301.448
301.77
302.151
302.594
303.108
303.699
304.37
305.127
305.973
306.907
307.928
309.032
310.209
311.45
312.739
314.059
315.389
316.709
317.994
319.225
320.38
321.442
322.398
323.244
323.967
324.561
325.031
325.39
325.655
325.842
325.965
326.038
326.074
326.083
326.074
326.052
326.025
325.995
325.966
325.939
325.916
325.898
325.884
325.874
325.868
325.865
325.864
325.865
325.868
325.871
325.875
325.878
325.881
325.884
325.887
325.888
325.89
325.89
325.891
325.891
325.891
325.891
325.891
325.89
325.89
325.89
325.89
325.889
325.889
325.889
325.889
325.889
325.89
325.89
325.89
325.89
300.001
300.001
300.002
300.002
300.003
300.004
300.006
300.009
300.012
300.017
300.023
300.031
300.041
300.055
300.074
300.097
300.128
300.167
300.216
300.277
300.354
300.449
300.566
300.708
300.881
301.088
301.336
301.63
301.976
302.38
302.848
303.386
304.001
304.695
305.473
306.337
307.286
308.318
309.427
310.605
311.839
313.116
314.417
315.723
317.012
318.264
319.457
320.573
321.596
322.518
323.327
324.016
324.578
325.022
325.362
325.614
325.792
325.911
325.984
326.021
326.033
326.027
326.009
325.985
325.958
325.931
325.906
325.884
325.866
325.852
325.842
325.835
325.831
325.829
325.829
325.83
325.832
325.835
325.837
325.84
325.842
325.843
325.845
325.846
325.846
325.846
325.846
325.846
325.846
325.845
325.845
325.844
325.844
325.843
325.843
325.843
325.843
325.842
325.842
325.843
300
300.001
300.001
300.001
300.002
300.002
300.003
300.005
300.007
300.009
300.012
300.017
300.023
300.031
300.041
300.055
300.072
300.095
300.124
300.16
300.206
300.263
300.334
300.422
300.53
300.66
300.818
301.008
301.234
301.502
301.817
302.185
302.612
303.104
303.666
304.303
305.02
305.818
306.7
307.664
308.706
309.821
310.999
312.229
313.494
314.778
316.061
317.323
318.543
319.702
320.782
321.769
322.657
323.433
324.087
324.618
325.038
325.361
325.601
325.773
325.889
325.961
326
326.015
326.013
326
325.98
325.957
325.934
325.912
325.893
325.877
325.864
325.855
325.848
325.845
325.843
325.843
325.844
325.846
325.849
325.851
325.854
325.856
325.858
325.859
325.861
325.861
325.862
325.862
325.862
325.862
325.862
325.862
325.862
325.861
325.861
325.861
325.861
325.861
300
300
300
300.001
300.001
300.001
300.002
300.003
300.004
300.005
300.007
300.009
300.013
300.017
300.023
300.031
300.041
300.054
300.071
300.092
300.119
300.153
300.196
300.249
300.315
300.396
300.495
300.615
300.76
300.933
301.139
301.384
301.671
302.008
302.398
302.848
303.363
303.948
304.608
305.346
306.165
307.064
308.042
309.094
310.215
311.393
312.617
313.871
315.138
316.398
317.632
318.821
319.945
320.989
321.943
322.796
323.536
324.153
324.653
325.049
325.354
325.581
325.744
325.855
325.926
325.965
325.982
325.982
325.972
325.955
325.934
325.913
325.894
325.876
325.86
325.848
325.839
325.832
325.828
325.826
325.825
325.825
325.826
325.828
325.83
325.832
325.834
325.835
325.836
325.837
325.838
325.838
325.838
325.838
325.838
325.838
325.837
325.837
325.837
325.837
300
300
300
300
300.001
300.001
300.001
300.001
300.002
300.003
300.004
300.005
300.007
300.01
300.013
300.017
300.023
300.031
300.04
300.053
300.069
300.089
300.114
300.146
300.186
300.236
300.297
300.371
300.462
300.572
300.705
300.864
301.053
301.276
301.539
301.846
302.203
302.615
303.088
303.626
304.234
304.916
305.676
306.513
307.429
308.421
309.484
310.61
311.788
313.007
314.25
315.5
316.739
317.946
319.104
320.196
321.205
322.125
322.943
323.644
324.226
324.698
325.071
325.358
325.573
325.728
325.835
325.904
325.944
325.962
325.965
325.957
325.943
325.926
325.908
325.89
325.875
325.861
325.85
325.841
325.835
325.831
325.829
325.828
325.829
325.83
325.831
325.833
325.835
325.837
325.838
325.84
325.841
325.841
325.842
325.842
325.842
325.842
325.842
325.842
300
300
300
300
300
300
300.001
300.001
300.001
300.002
300.002
300.003
300.004
300.005
300.007
300.01
300.013
300.017
300.023
300.03
300.039
300.051
300.066
300.085
300.109
300.139
300.176
300.222
300.279
300.348
300.431
300.533
300.654
300.8
300.973
301.178
301.418
301.699
302.026
302.404
302.838
303.332
303.893
304.524
305.228
306.009
306.866
307.798
308.804
309.876
311.006
312.185
313.398
314.63
315.863
317.079
318.26
319.388
320.446
321.424
322.31
323.09
323.752
324.299
324.742
325.092
325.362
325.565
325.712
325.814
325.88
325.919
325.938
325.943
325.937
325.925
325.91
325.894
325.878
325.864
325.851
325.841
325.832
325.826
325.822
325.82
325.819
325.819
325.819
325.82
325.822
325.823
325.824
325.826
325.827
325.827
325.828
325.828
325.829
325.829
300
300
300
300
300
300
300
300
300.001
300.001
300.001
300.002
300.002
300.003
300.004
300.005
300.007
300.01
300.013
300.017
300.022
300.029
300.038
300.05
300.064
300.082
300.104
300.132
300.167
300.209
300.262
300.325
300.403
300.496
300.608
300.741
300.9
301.087
301.308
301.565
301.865
302.212
302.61
303.066
303.583
304.166
304.819
305.546
306.347
307.223
308.172
309.19
310.271
311.407
312.585
313.792
315.012
316.228
317.423
318.577
319.675
320.7
321.646
322.496
323.235
323.858
324.373
324.789
325.117
325.371
325.562
325.701
325.798
325.862
325.9
325.92
325.925
325.922
325.912
325.9
325.885
325.871
325.858
325.847
325.838
325.83
325.825
325.821
325.819
325.818
325.817
325.818
325.819
325.82
325.821
325.823
325.824
325.825
325.825
325.825
300
300
300
300
300
300
300
300
300
300
300.001
300.001
300.001
300.002
300.002
300.003
300.004
300.005
300.007
300.01
300.013
300.017
300.022
300.029
300.037
300.048
300.061
300.078
300.099
300.125
300.157
300.197
300.245
300.304
300.376
300.461
300.564
300.687
300.832
301.004
301.207
301.443
301.718
302.037
302.403
302.822
303.3
303.839
304.445
305.121
305.869
306.691
307.585
308.55
309.581
310.671
311.811
312.988
314.188
315.397
316.595
317.767
318.895
319.962
320.958
321.87
322.682
323.38
323.965
324.448
324.837
325.145
325.382
325.561
325.692
325.784
325.845
325.882
325.902
325.909
325.906
325.899
325.888
325.875
325.862
325.851
325.84
325.832
325.825
325.819
325.816
325.813
325.812
325.812
325.812
325.812
325.813
325.814
325.815
325.815
300
300
300
300
300
300
300
300
300
300
300
300
300.001
300.001
300.001
300.002
300.002
300.003
300.004
300.005
300.007
300.01
300.013
300.016
300.021
300.028
300.036
300.046
300.059
300.074
300.094
300.118
300.148
300.185
300.23
300.284
300.35
300.429
300.524
300.637
300.771
300.929
301.114
301.331
301.584
301.877
302.214
302.601
303.041
303.541
304.103
304.731
305.429
306.199
307.041
307.954
308.935
309.978
311.076
312.219
313.394
314.588
315.783
316.964
318.113
319.213
320.25
321.215
322.091
322.861
323.517
324.068
324.52
324.884
325.172
325.394
325.562
325.685
325.772
325.83
325.866
325.886
325.893
325.892
325.886
325.876
325.866
325.855
325.844
325.835
325.827
325.82
325.816
325.812
325.81
325.809
325.808
325.808
325.808
325.808
300
300
300
300
300
300
300
300
300
300
300
300
300
300.001
300.001
300.001
300.001
300.002
300.002
300.003
300.004
300.005
300.007
300.009
300.012
300.016
300.021
300.027
300.034
300.044
300.056
300.071
300.089
300.112
300.14
300.174
300.216
300.266
300.327
300.4
300.487
300.591
300.714
300.859
301.03
301.229
301.462
301.731
302.042
302.399
302.806
303.268
303.789
304.374
305.025
305.746
306.537
307.399
308.33
309.326
310.381
311.486
312.632
313.805
314.99
316.173
317.335
318.46
319.532
320.542
321.474
322.311
323.037
323.654
324.17
324.592
324.932
325.201
325.409
325.566
325.681
325.763
325.818
325.853
325.872
325.88
325.88
325.875
325.867
325.857
325.847
325.838
325.829
325.822
325.816
325.811
325.808
325.806
325.805
325.805
300
300
300
300
300
300
300
300
300
300
300
300
300
300
300
300.001
300.001
300.001
300.001
300.002
300.002
300.003
300.004
300.005
300.007
300.009
300.012
300.016
300.02
300.026
300.033
300.042
300.053
300.067
300.084
300.106
300.132
300.163
300.202
300.248
300.305
300.372
300.452
300.548
300.661
300.795
300.952
301.136
301.35
301.598
301.885
302.214
302.59
303.018
303.502
304.045
304.653
305.327
306.07
306.883
307.765
308.714
309.724
310.79
311.903
313.05
314.22
315.396
316.564
317.706
318.808
319.852
320.832
321.729
322.521
323.205
323.784
324.266
324.661
324.978
325.229
325.423
325.57
325.678
325.754
325.807
325.84
325.858
325.867
325.867
325.863
325.857
325.848
325.839
325.831
325.823
325.817
325.812
325.809
325.809
300
300
300
300
300
300
300
300
300
300
300
300
300
300
300
300
300
300.001
300.001
300.001
300.001
300.002
300.002
300.003
300.004
300.005
300.007
300.009
300.012
300.015
300.019
300.025
300.032
300.04
300.051
300.064
300.08
300.1
300.124
300.153
300.189
300.232
300.284
300.346
300.421
300.509
300.613
300.737
300.881
301.051
301.248
301.477
301.741
302.045
302.393
302.789
303.238
303.744
304.31
304.941
305.638
306.404
307.238
308.14
309.106
310.131
311.207
312.325
313.474
314.639
315.805
316.957
318.079
319.154
320.174
321.122
321.977
322.725
323.368
323.91
324.361
324.729
325.024
325.258
325.438
325.575
325.676
325.748
325.797
325.828
325.846
325.855
325.856
325.853
325.847
325.839
325.832
325.825
325.82
325.82
300
300
300
300
300
300
300
300
300
300
300
300
300
300
300
300
300
300
300
300.001
300.001
300.001
300.001
300.002
300.002
300.003
300.004
300.005
300.007
300.009
300.011
300.015
300.019
300.024
300.03
300.038
300.048
300.06
300.076
300.094
300.117
300.144
300.177
300.217
300.265
300.323
300.391
300.473
300.569
300.683
300.816
300.972
301.154
301.366
301.61
301.891
302.213
302.58
302.996
303.467
303.995
304.585
305.239
305.959
306.747
307.603
308.524
309.507
310.545
311.631
312.754
313.902
315.062
316.217
317.353
318.453
319.504
320.495
321.407
322.217
322.921
323.524
324.031
324.451
324.794
325.069
325.286
325.454
325.582
325.676
325.743
325.789
325.818
325.835
325.843
325.844
325.841
325.837
325.832
325.832
300
300
300
300
300
300
300
300
300
300
300
300
300
300
300
300
300
300
300
300
300
300.001
300.001
300.001
300.001
300.002
300.002
300.003
300.004
300.005
300.007
300.009
300.011
300.014
300.018
300.023
300.029
300.036
300.046
300.057
300.071
300.089
300.11
300.135
300.166
300.203
300.247
300.301
300.364
300.439
300.528
300.633
300.757
300.901
301.069
301.264
301.49
301.749
302.048
302.388
302.775
303.212
303.705
304.256
304.869
305.546
306.29
307.101
307.978
308.918
309.917
310.968
312.063
313.19
314.336
315.489
316.631
317.749
318.826
319.853
320.812
321.68
322.445
323.108
323.672
324.146
324.537
324.856
325.112
325.313
325.469
325.587
325.674
325.736
325.777
325.804
325.818
325.824
325.823
325.823
300
300
300
300
300
300
300
300
300
300
300
300
300
300
300
300
300
300
300
300
300
300
300
300.001
300.001
300.001
300.001
300.002
300.002
300.003
300.004
300.005
300.006
300.008
300.011
300.014
300.017
300.022
300.028
300.035
300.043
300.054
300.067
300.083
300.103
300.127
300.155
300.19
300.231
300.28
300.339
300.409
300.491
300.588
300.702
300.835
300.99
301.171
301.379
301.62
301.896
302.212
302.571
302.979
303.438
303.953
304.527
305.164
305.865
306.633
307.466
308.364
309.323
310.337
311.4
312.502
313.632
314.775
315.919
317.048
318.146
319.202
320.202
321.124
321.946
322.667
323.288
323.815
324.256
324.62
324.916
325.152
325.338
325.481
325.587
325.664
325.716
325.746
325.761
325.759
300
300
300
300
300
300
300
300
300
300
300
300
300
300
300
300
300
300
300
300
300
300
300
300
300
300.001
300.001
300.001
300.001
300.002
300.002
300.003
300.004
300.005
300.006
300.008
300.01
300.013
300.017
300.021
300.026
300.033
300.041
300.051
300.064
300.079
300.097
300.119
300.145
300.177
300.216
300.261
300.316
300.38
300.456
300.546
300.651
300.775
300.918
301.085
301.278
301.501
301.757
302.05
302.385
302.764
303.192
303.673
304.211
304.809
305.47
306.196
306.987
307.842
308.761
309.738
310.767
311.841
312.949
314.08
315.219
316.353
317.466
318.543
319.576
320.544
321.42
322.197
322.874
323.455
323.947
324.356
324.692
324.963
325.177
325.34
325.459
325.538
325.582
325.58
300
300
300
300
300
300
300
300
300
300
300
300
300
300
300
300
300
300
300
300
300
300
300
300
300
300
300
300.001
300.001
300.001
300.001
300.002
300.002
300.003
300.004
300.005
300.006
300.008
300.01
300.013
300.016
300.02
300.025
300.031
300.039
300.048
300.06
300.074
300.091
300.112
300.136
300.166
300.202
300.244
300.294
300.354
300.425
300.508
300.605
300.719
300.852
301.007
301.186
301.392
301.63
301.902
302.213
302.566
302.965
303.415
303.919
304.48
305.103
305.788
306.538
307.353
308.231
309.169
310.164
311.207
312.291
313.404
314.534
315.667
316.789
317.884
318.943
319.948
320.875
321.704
322.435
323.068
323.607
324.059
324.431
324.727
324.953
325.11
325.206
325.203
300
300
300
300
300
300
300
300
300
300
300
300
300
300
300
300
300
300
300
300
300
300
300
300
300
300
300
300
300
300.001
300.001
300.001
300.001
300.002
300.002
300.003
300.004
300.005
300.006
300.008
300.01
300.012
300.015
300.019
300.024
300.03
300.037
300.046
300.057
300.07
300.086
300.105
300.128
300.155
300.188
300.228
300.274
300.33
300.395
300.472
300.563
300.668
300.791
300.935
301.101
301.292
301.513
301.766
302.055
302.384
302.756
303.177
303.648
304.176
304.761
305.408
306.119
306.893
307.731
308.631
309.59
310.601
311.657
312.749
313.865
314.993
316.119
317.227
318.305
319.34
320.309
321.187
321.965
322.642
323.219
323.696
324.074
324.348
324.524
324.52
300
300
300
300
300
300
300
300
300
300
300
300
300
300
300
300
300
300
300
300
300
300
300
300
300
300
300
300
300
300
300
300.001
300.001
300.001
300.001
300.002
300.002
300.003
300.003
300.004
300.006
300.007
300.009
300.012
300.014
300.018
300.023
300.028
300.035
300.043
300.053
300.066
300.08
300.098
300.12
300.145
300.176
300.213
300.256
300.307
300.368
300.44
300.523
300.621
300.736
300.869
301.023
301.201
301.406
301.641
301.91
302.216
302.564
302.957
303.399
303.893
304.444
305.055
305.727
306.462
307.261
308.123
309.045
310.022
311.049
312.116
313.215
314.332
315.455
316.569
317.658
318.714
319.713
320.624
321.432
322.125
322.696
323.123
323.409
323.407
300
300
300
300
300
300
300
300
300
300
300
300
300
300
300
300
300
300
300
300
300
300
300
300
300
300
300
300
300
300
300
300
300
300.001
300.001
300.001
300.001
300.002
300.002
300.003
300.003
300.004
300.005
300.007
300.009
300.011
300.014
300.017
300.022
300.027
300.033
300.041
300.05
300.062
300.076
300.092
300.112
300.136
300.165
300.199
300.239
300.287
300.343
300.409
300.487
300.578
300.684
300.808
300.951
301.116
301.307
301.526
301.776
302.062
302.386
302.754
303.168
303.632
304.15
304.726
305.361
306.059
306.82
307.643
308.528
309.47
310.466
311.506
312.583
313.685
314.798
315.908
316.998
318.055
319.055
319.959
320.734
321.333
321.754
321.757
300
300
300
300
300
300
300
300
300
300
300
300
300
300
300
300
300
300
300
300
300
300
300
300
300
300
300
300
300
300
300
300
300
300
300
300.001
300.001
300.001
300.001
300.002
300.002
300.003
300.003
300.004
300.005
300.007
300.008
300.011
300.013
300.016
300.02
300.025
300.031
300.039
300.048
300.058
300.071
300.087
300.105
300.128
300.154
300.186
300.223
300.268
300.32
300.382
300.454
300.538
300.637
300.752
300.885
301.038
301.216
301.42
301.653
301.919
302.223
302.566
302.954
303.39
303.877
304.42
305.02
305.681
306.405
307.191
308.038
308.945
309.906
310.916
311.965
313.042
314.132
315.219
316.279
317.283
318.202
318.956
319.51
319.521
300
300
300
300
300
300
300
300
300
300
300
300
300
300
300
300
300
300
300
300
300
300
300
300
300
300
300
300
300
300
300
300
300
300
300
300
300
300.001
300.001
300.001
300.001
300.002
300.002
300.002
300.003
300.004
300.005
300.006
300.008
300.01
300.013
300.016
300.019
300.024
300.03
300.037
300.045
300.055
300.067
300.081
300.099
300.12
300.144
300.174
300.209
300.25
300.299
300.356
300.423
300.502
300.594
300.7
300.824
300.967
301.132
301.322
301.54
301.788
302.071
302.393
302.756
303.165
303.623
304.135
304.702
305.328
306.015
306.763
307.573
308.441
309.365
310.336
311.345
312.377
313.412
314.414
315.353
316.138
316.757
316.769
300
300
300
300
300
300
300
300
300
300
300
300
300
300
300
300
300
300
300
300
300
300
300
300
300
300
300
300
300
300
300
300
300
300
300
300
300
300
300
300.001
300.001
300.001
300.001
300.001
300.002
300.002
300.003
300.004
300.005
300.006
300.008
300.01
300.012
300.015
300.018
300.023
300.028
300.035
300.042
300.052
300.063
300.077
300.093
300.112
300.135
300.163
300.195
300.234
300.279
300.332
300.395
300.468
300.553
300.653
300.768
300.901
301.055
301.232
301.435
301.667
301.932
302.233
302.573
302.957
303.388
303.869
304.404
304.996
305.647
306.357
307.126
307.951
308.826
309.741
310.679
311.608
312.497
313.255
313.862
313.848
300
300
300
300
300
300
300
300
300
300
300
300
300
300
300
300
300
300
300
300
300
300
300
300
300
300
300
300
300
300
300
300
300
300
300
300
300
300
300
300
300
300.001
300.001
300.001
300.001
300.001
300.002
300.002
300.003
300.004
300.005
300.006
300.007
300.009
300.011
300.014
300.018
300.022
300.027
300.033
300.04
300.049
300.059
300.072
300.087
300.105
300.127
300.152
300.183
300.219
300.261
300.311
300.369
300.437
300.516
300.609
300.716
300.84
300.984
301.149
301.338
301.555
301.803
302.084
302.403
302.763
303.168
303.621
304.125
304.682
305.295
305.963
306.683
307.449
308.249
309.057
309.846
310.529
311.09
311.082
300
300
300
300
300
300
300
300
300
300
300
300
300
300
300
300
300
300
300
300
300
300
300
300
300
300
300
300
300
300
300
300
300
300
300
300
300
300
300
300
300
300
300
300.001
300.001
300.001
300.001
300.001
300.002
300.002
300.003
300.004
300.004
300.006
300.007
300.009
300.011
300.013
300.017
300.02
300.025
300.031
300.038
300.046
300.056
300.068
300.082
300.099
300.119
300.143
300.171
300.205
300.244
300.29
300.345
300.408
300.482
300.568
300.668
300.784
300.918
301.072
301.249
301.452
301.683
301.947
302.246
302.583
302.962
303.386
303.858
304.378
304.947
305.56
306.211
306.877
307.538
308.119
308.606
308.603
300
300
300
300
300
300
300
300
300
300
300
300
300
300
300
300
300
300
300
300
300
300
300
300
300
300
300
300
300
300
300
300
300
300
300
300
300
300
300
300
300
300
300
300
300
300.001
300.001
300.001
300.001
300.001
300.002
300.002
300.003
300.003
300.004
300.005
300.007
300.008
300.01
300.013
300.016
300.019
300.024
300.029
300.036
300.043
300.053
300.064
300.077
300.093
300.112
300.134
300.16
300.192
300.228
300.272
300.322
300.382
300.451
300.531
300.624
300.733
300.857
301.001
301.167
301.356
301.573
301.819
302.098
302.413
302.766
303.159
303.594
304.068
304.577
305.103
305.633
306.104
306.506
306.508
300
300
300
300
300
300
300
300
300
300
300
300
300
300
300
300
300
300
300
300
300
300
300
300
300
300
300
300
300
300
300
300
300
300
300
300
300
300
300
300
300
300
300
300
300
300
300
300.001
300.001
300.001
300.001
300.001
300.002
300.002
300.003
300.003
300.004
300.005
300.006
300.008
300.01
300.012
300.015
300.018
300.023
300.028
300.034
300.041
300.05
300.06
300.072
300.087
300.105
300.126
300.151
300.18
300.214
300.254
300.302
300.357
300.421
300.497
300.584
300.685
300.801
300.936
301.09
301.267
301.469
301.698
301.957
302.248
302.572
302.928
303.314
303.717
304.127
304.495
304.812
304.817
300
300
300
300
300
300
300
300
300
300
300
300
300
300
300
300
300
300
300
300
300
300
300
300
300
300
300
300
300
300
300
300
300
300
300
300
300
300
300
300
300
300
300
300
300
300
300
300
300
300
300.001
300.001
300.001
300.001
300.002
300.002
300.003
300.003
300.004
300.005
300.006
300.008
300.009
300.012
300.014
300.017
300.021
300.026
300.032
300.039
300.047
300.057
300.068
300.082
300.099
300.118
300.141
300.169
300.201
300.238
300.283
300.334
300.394
300.465
300.546
300.64
300.749
300.874
301.018
301.182
301.369
301.581
301.817
302.08
302.365
302.666
302.974
303.253
303.496
303.502
300
300
300
300
300
300
300
300
300
300
300
300
300
300
300
300
300
300
300
300
300
300
300
300
300
300
300
300
300
300
300
300
300
300
300
300
300
300
300
300
300
300
300
300
300
300
300
300
300
300
300
300
300.001
300.001
300.001
300.001
300.002
300.002
300.002
300.003
300.004
300.005
300.006
300.007
300.009
300.011
300.014
300.017
300.02
300.025
300.03
300.036
300.044
300.053
300.064
300.077
300.093
300.111
300.133
300.158
300.188
300.223
300.265
300.313
300.369
300.435
300.511
300.599
300.7
300.816
300.949
301.1
301.271
301.46
301.668
301.889
302.115
302.322
302.503
302.509
300
300
300
300
300
300
300
300
300
300
300
300
300
300
300
300
300
300
300
300
300
300
300
300
300
300
300
300
300
300
300
300
300
300
300
300
300
300
300
300
300
300
300
300
300
300
300
300
300
300
300
300
300
300
300.001
300.001
300.001
300.001
300.001
300.002
300.002
300.003
300.004
300.005
300.006
300.007
300.009
300.01
300.013
300.016
300.019
300.023
300.028
300.034
300.042
300.05
300.061
300.073
300.087
300.104
300.125
300.149
300.177
300.21
300.248
300.293
300.346
300.407
300.478
300.559
300.653
300.76
300.881
301.016
301.165
301.324
301.488
301.638
301.771
301.775
300
300
300
300
300
300
300
300
300
300
300
300
300
300
300
300
300
300
300
300
300
300
300
300
300
300
300
300
300
300
300
300
300
300
300
300
300
300
300
300
300
300
300
300
300
300
300
300
300
300
300
300
300
300
300
300
300.001
300.001
300.001
300.001
300.001
300.002
300.002
300.003
300.003
300.004
300.005
300.007
300.008
300.01
300.012
300.015
300.018
300.022
300.027
300.033
300.039
300.047
300.057
300.069
300.082
300.098
300.117
300.14
300.166
300.197
300.233
300.275
300.324
300.38
300.446
300.521
300.606
300.701
300.807
300.92
301.037
301.145
301.24
301.244
300
300
300
300
300
300
300
300
300
300
300
300
300
300
300
300
300
300
300
300
300
300
300
300
300
300
300
300
300
300
300
300
300
300
300
300
300
300
300
300
300
300
300
300
300
300
300
300
300
300
300
300
300
300
300
300
300
300
300.001
300.001
300.001
300.001
300.001
300.002
300.002
300.003
300.003
300.004
300.005
300.006
300.008
300.009
300.012
300.014
300.017
300.021
300.025
300.031
300.037
300.045
300.054
300.065
300.077
300.092
300.11
300.131
300.156
300.185
300.218
300.257
300.302
300.354
300.414
300.481
300.555
300.634
300.717
300.793
300.861
300.864
300
300
300
300
300
300
300
300
300
300
300
300
300
300
300
300
300
300
300
300
300
300
300
300
300
300
300
300
300
300
300
300
300
300
300
300
300
300
300
300
300
300
300
300
300
300
300
300
300
300
300
300
300
300
300
300
300
300
300
300
300.001
300.001
300.001
300.001
300.001
300.002
300.002
300.003
300.003
300.004
300.005
300.006
300.007
300.009
300.011
300.013
300.016
300.02
300.024
300.029
300.035
300.042
300.051
300.061
300.073
300.087
300.104
300.123
300.146
300.173
300.204
300.24
300.281
300.327
300.379
300.434
300.492
300.546
300.594
300.596
300
300
300
300
300
300
300
300
300
300
300
300
300
300
300
300
300
300
300
300
300
300
300
300
300
300
300
300
300
300
300
300
300
300
300
300
300
300
300
300
300
300
300
300
300
300
300
300
300
300
300
300
300
300
300
300
300
300
300
300
300
300
300.001
300.001
300.001
300.001
300.001
300.002
300.002
300.002
300.003
300.004
300.005
300.006
300.007
300.009
300.01
300.013
300.016
300.019
300.023
300.028
300.033
300.04
300.048
300.057
300.069
300.082
300.097
300.116
300.137
300.161
300.189
300.221
300.257
300.296
300.336
300.373
300.407
300.408
300
300
300
300
300
300
300
300
300
300
300
300
300
300
300
300
300
300
300
300
300
300
300
300
300
300
300
300
300
300
300
300
300
300
300
300
300
300
300
300
300
300
300
300
300
300
300
300
300
300
300
300
300
300
300
300
300
300
300
300
300
300
300
300
300.001
300.001
300.001
300.001
300.001
300.002
300.002
300.002
300.003
300.004
300.004
300.005
300.007
300.008
300.01
300.012
300.015
300.018
300.022
300.026
300.031
300.038
300.045
300.054
300.065
300.077
300.091
300.108
300.127
300.149
300.174
300.2
300.228
300.254
300.277
300.278
300
300
300
300
300
300
300
300
300
300
300
300
300
300
300
300
300
300
300
300
300
300
300
300
300
300
300
300
300
300
300
300
300
300
300
300
300
300
300
300
300
300
300
300
300
300
300
300
300
300
300
300
300
300
300
300
300
300
300
300
300
300
300
300
300
300
300
300.001
300.001
300.001
300.001
300.001
300.002
300.002
300.003
300.003
300.004
300.005
300.006
300.008
300.009
300.012
300.014
300.017
300.02
300.025
300.03
300.036
300.043
300.051
300.061
300.072
300.085
300.1
300.116
300.135
300.154
300.171
300.187
300.188
300
300
300
300
300
300
300
300
300
300
300
300
300
300
300
300
300
300
300
300
300
300
300
300
300
300
300
300
300
300
300
300
300
300
300
300
300
300
300
300
300
300
300
300
300
300
300
300
300
300
300
300
300
300
300
300
300
300
300
300
300
300
300
300
300
300
300
300
300
300.001
300.001
300.001
300.001
300.001
300.002
300.002
300.003
300.003
300.004
300.005
300.006
300.007
300.009
300.011
300.013
300.016
300.019
300.023
300.028
300.034
300.04
300.048
300.056
300.067
300.078
300.09
300.103
300.115
300.126
300.127
300
300
300
300
300
300
300
300
300
300
300
300
300
300
300
300
300
300
300
300
300
300
300
300
300
300
300
300
300
300
300
300
300
300
300
300
300
300
300
300
300
300
300
300
300
300
300
300
300
300
300
300
300
300
300
300
300
300
300
300
300
300
300
300
300
300
300
300
300
300
300
300.001
300.001
300.001
300.001
300.001
300.002
300.002
300.003
300.003
300.004
300.005
300.006
300.007
300.009
300.01
300.013
300.015
300.018
300.022
300.026
300.031
300.037
300.044
300.052
300.06
300.069
300.077
300.084
300.085
300
300
300
300
300
300
300
300
300
300
300
300
300
300
300
300
300
300
300
300
300
300
300
300
300
300
300
300
300
300
300
300
300
300
300
300
300
300
300
300
300
300
300
300
300
300
300
300
300
300
300
300
300
300
300
300
300
300
300
300
300
300
300
300
300
300
300
300
300
300
300
300
300
300.001
300.001
300.001
300.001
300.001
300.002
300.002
300.002
300.003
300.004
300.005
300.006
300.007
300.008
300.01
300.012
300.014
300.017
300.021
300.025
300.029
300.034
300.04
300.046
300.051
300.056
300.057
300
300
300
300
300
300
300
300
300
300
300
300
300
300
300
300
300
300
300
300
300
300
300
300
300
300
300
300
300
300
300
300
300
300
300
300
300
300
300
300
300
300
300
300
300
300
300
300
300
300
300
300
300
300
300
300
300
300
300
300
300
300
300
300
300
300
300
300
300
300
300
300
300
300
300
300.001
300.001
300.001
300.001
300.001
300.002
300.002
300.002
300.003
300.004
300.004
300.005
300.006
300.008
300.009
300.011
300.013
300.016
300.019
300.023
300.026
300.03
300.034
300.037
300.037
300
300
300
300
300
300
300
300
300
300
300
300
300
300
300
300
300
300
300
300
300
300
300
300
300
300
300
300
300
300
300
300
300
300
300
300
300
300
300
300
300
300
300
300
300
300
300
300
300
300
300
300
300
300
300
300
300
300
300
300
300
300
300
300
300
300
300
300
300
300
300
300
300
300
300
300
300
300.001
300.001
300.001
300.001
300.001
300.001
300.002
300.002
300.003
300.003
300.004
300.005
300.006
300.007
300.009
300.011
300.013
300.015
300.017
300.02
300.022
300.025
300.025
300
300
300
300
300
300
300
300
300
300
300
300
300
300
300
300
300
300
300
300
300
300
300
300
300
300
300
300
300
300
300
300
300
300
300
300
300
300
300
300
300
300
300
300
300
300
300
300
300
300
300
300
300
300
300
300
300
300
300
300
300
300
300
300
300
300
300
300
300
300
300
300
300
300
300
300
300
300
300
300.001
300.001
300.001
300.001
300.001
300.001
300.002
300.002
300.003
300.003
300.004
300.005
300.006
300.007
300.008
300.01
300.011
300.013
300.015
300.016
300.016
300
300
300
300
300
300
300
300
300
300
300
300
300
300
300
300
300
300
300
300
300
300
300
300
300
300
300
300
300
300
300
300
300
300
300
300
300
300
300
300
300
300
300
300
300
300
300
300
300
300
300
300
300
300
300
300
300
300
300
300
300
300
300
300
300
300
300
300
300
300
300
300
300
300
300
300
300
300
300
300
300
300
300.001
300.001
300.001
300.001
300.001
300.002
300.002
300.003
300.003
300.004
300.004
300.005
300.006
300.007
300.009
300.01
300.011
300.011
300
300
300
300
300
300
300
300
300
300
300
300
300
300
300
300
300
300
300
300
300
300
300
300
300
300
300
300
300
300
300
300
300
300
300
300
300
300
300
300
300
300
300
300
300
300
300
300
300
300
300
300
300
300
300
300
300
300
300
300
300
300
300
300
300
300
300
300
300
300
300
300
300
300
300
300
300
300
300
300
300
300
300
300
300.001
300.001
300.001
300.001
300.001
300.002
300.002
300.002
300.003
300.003
300.004
300.005
300.006
300.006
300.007
300.007
300
300
300
300
300
300
300
300
300
300
300
300
300
300
300
300
300
300
300
300
300
300
300
300
300
300
300
300
300
300
300
300
300
300
300
300
300
300
300
300
300
300
300
300
300
300
300
300
300
300
300
300
300
300
300
300
300
300
300
300
300
300
300
300
300
300
300
300
300
300
300
300
300
300
300
300
300
300
300
300
300
300
300
300
300
300
300.001
300.001
300.001
300.001
300.001
300.002
300.002
300.002
300.003
300.003
300.004
300.004
300.005
300.005
300
300
300
300
300
300
300
300
300
300
300
300
300
300
300
300
300
300
300
300
300
300
300
300
300
300
300
300
300
300
300
300
300
300
300
300
300
300
300
300
300
300
300
300
300
300
300
300
300
300
300
300
300
300
300
300
300
300
300
300
300
300
300
300
300
300
300
300
300
300
300
300
300
300
300
300
300
300
300
300
300
300
300
300
300
300
300
300
300.001
300.001
300.001
300.001
300.001
300.001
300.002
300.002
300.002
300.003
300.003
300.003
300
300
300
300
300
300
300
300
300
300
300
300
300
300
300
300
300
300
300
300
300
300
300
300
300
300
300
300
300
300
300
300
300
300
300
300
300
300
300
300
300
300
300
300
300
300
300
300
300
300
300
300
300
300
300
300
300
300
300
300
300
300
300
300
300
300
300
300
300
300
300
300
300
300
300
300
300
300
300
300
300
300
300
300
300
300
300
300
300
300
300.001
300.001
300.001
300.001
300.001
300.001
300.001
300.002
300.002
300.002
300
300
300
300
300
300
300
300
300
300
300
300
300
300
300
300
300
300
300
300
300
300
300
300
300
300
300
300
300
300
300
300
300
300
300
300
300
300
300
300
300
300
300
300
300
300
300
300
300
300
300
300
300
300
300
300
300
300
300
300
300
300
300
300
300
300
300
300
300
300
300
300
300
300
300
300
300
300
300
300
300
300
300
300
300
300
300
300
300
300
300
300
300
300.001
300.001
300.001
300.001
300.001
300.001
300.001
300
300
300
300
300
300
300
300
300
300
300
300
300
300
300
300
300
300
300
300
300
300
300
300
300
300
300
300
300
300
300
300
300
300
300
300
300
300
300
300
300
300
300
300
300
300
300
300
300
300
300
300
300
300
300
300
300
300
300
300
300
300
300
300
300
300
300
300
300
300
300
300
300
300
300
300
300
300
300
300
300
300
300
300
300
300
300
300
300
300
300
300
300
300
300
300.001
300.001
300.001
300.001
300.001
300
300
300
300
300
300
300
300
300
300
300
300
300
300
300
300
300
300
300
300
300
300
300
300
300
300
300
300
300
300
300
300
300
300
300
300
300
300
300
300
300
300
300
300
300
300
300
300
300
300
300
300
300
300
300
300
300
300
300
300
300
300
300
300
300
300
300
300
300
300
300
300
300
300
300
300
300
300
300
300
300
300
300
300
300
300
300
300
300
300
300
300
300
300
300
300
300
300
300
300
300
300
300
300
300
300
300
300
300
300
300
300
300
300
300
300
300
300
300
300
300
300
300
300
300
300
300
300
300
300
300
300
300
300
300
300
300
300
300
300
300
300
300
300
300
300
300
300
300
300
300
300
300
300
300
300
300
300
300
300
300
300
300
300
300
300
300
300
300
300
300
300
300
300
300
300
300
300
300
300
300
300
300
300
300
300
300
300
300
300
300
300
300
300
300
300
300
300
300
300
300
300
300
300
300
300
300
300
300
300
300
300
300
300
300
300
300
300
300
300
300
300
300
300
300
300
300
300
300
300
300
300
300
300
300
300
300
300
300
300
300
300
300
300
300
300
300
300
300
300
300
300
300
300
300
300
300
300
300
300
300
300
300
300
300
300
300
300
300
300
300
300
300
300
300
300
300
300
300
300
300
300
300
300
300
300
300
300
300
300
300
300
300
300
300
300
300
300
300
300
300
300
300
300
300
300
300
300
300
300
300
300
300
300
300
300
300
300
300
300
300
300
300
300
300
300
300
300
300
300
300
300
300
300
300
300
300
300
300
300
300
300
300
300
300
300
300
300
300
300
300
300
300
300
300
300
300
300
300
300
300
300
300
300
300
300
300
300
300
300
300
300
300
300
300
300
300
300
300
300
300
300
300
300
300
300
300
300
300
300
300
300
300
300
300
300
300
300
300
300
300
300
300
300
300
300
300
300
300
300
300
300
300
300
300
300
300
300
300
300
300
300
300
300
300
300
300
300
300
300
300
300
300
300
300
300
300
300
300
300
300
300
300
300
300
300
300
300
300
300
300
300
300
300
300
300
300
300
300
300
300
300
300
300
300
300
300
300
300
300
300
300
300
300
300
300
300
300
300
300
300
300
300
300
300
300
300
300
300
300
300
300
300
300
300
300
300
300
300
300
300
300
300
300
300
300
300
300
300
300
300
300
300
300
300
300
300
300
300
300
300
300
300
300
300
300
300
300
300
300
300
300
300
300
300
300
300
300
300
300
300
300
300
300
300
300
300
300
300
300
300
300
300
300
300
300
300
300
300
300
300
300
300
300
300
300
300
300
300
300
300
300
300
300
300
300
300
300
300
300
300
300
300
300
300
300
300
300
300
300
300
300
300
300
300
300
300
300
300
300
300
300
300
300
300
300
300
300
300
300
300
300
300
300
300
300
300
300
300
300
300
300
300
300
300
300
300
300
300
300
300
300
300
300
300
300
300
300
300
300
300
300
300
300
300
300
300
300
300
300
300
300
300
300
300
300
300
300
300
300
300
300
300
300
300
300
300
300
300
300
300
300
300
300
300
300
300
300
300
300
300
300
300
300
300
300
300
300
300
300
300
300
300
300
300
300
300
300
300
300
300
300
300
300
300
300
300
300
300
300
300
300
300
300
300
300
300
300
300
300
300
300
300
300
300
300
300
300
300
300
300
300
300
300
300
300
300
300
300
300
300
300
300
300
300
300
300
300
300
300
300
300
300
300
300
300
300
300
300
300
300
300
300
300
300
300
300
300
300
300
300
300
300
300
300
300
300
300
300
300
300
300
300
300
300
300
300
300
300
300
300
300
300
300
300
300
300
300
300
300
300
300
300
300
300
300
300
300
300
300
300
300
300
300
300
300
300
300
300
300
300
300
300
300
300
300
300
300
300
300
300
300
300
300
300
300
300
300
300
300
300
300
300
300
300
300
300
300
300
300
300
300
300
300
300
300
300
300
300
300
300
300
300
300
300
300
300
300
300
300
300
300
300
300
300
300
300
300
300
300
300
300
300
300
300
300
300
300
300
300
300
300
300
300
300
300
300
300
300
300
300
300
300
300
300
300
300
300
300
300
300
300
300
300
300
300
300
300
300
300
300
300
300
300
300
300
300
300
300
300
300
300
300
300
300
300
300
300
300
300
300
300
300
300
300
300
300
300
300
300
300
300
300
300
300
300
300
300
300
300
300
300
300
300
300
300
300
300
300
300
300
300
300
300
300
300
300
300
300
300
300
300
300
300
300
300
300
300
300
300
300
300
300
300
300
300
300
300
300
300
300
300
300
300
300
300
300
300
300
300
300
300
300
300
300
300
300
300
300
300
300
300
300
300
300
300
300
300
300
300
300
300
300
300
300
300
300
300
300
300
300
300
300
300
300
300
300
300
300
300
300
300
300
300
300
300
300
300
300
300
300
300
300
300
300
300
300
300
300
300
300
300
300
300
300
300
300
300
300
300
300
300
300
300
300
300
300
300
300
300
300
300
300
300
300
300
300
300
300
300
300
300
300
300
300
300
300
300
300
300
300
300
300
300
300
300
300
300
300
300
300
300
300
300
300
300
300
300
300
300
300
300
300
300
300
300
300
300
300
300
300
300
300
300
300
300
300
300
300
300
300
300
300
300
300
300
300
300
300
300
300
300
300
300
300
300
300
300
300
300
300
300
300
300
300
300
300
300
300
300
300
300
300
300
300
300
300
300
300
300
300
300
300
300
300
300
300
300
300
300
300
300
300
300
300
300
300
300
300
300
300
300
300
300
300
300
300
300
300
300
300
300
300
300
300
300
300
300
300
300
300
300
300
300
300
300
300
300
300
300
300
300
300
300
300
300
300
300
300
300
300
300
300
300
300
300
300
300
300
300
300
300
300
300
300
300
300
300
300
300
300
300
300
300
300
300
300
300
300
300
300
300
300
300
300
300
300
300
300
300
300
300
300
300
300
300
300
300
300
300
300
300
300
300
300
300
300
300
300
300
300
300
300
300
300
300
300
300
300
300
300
300
300
300
300
300
300
300
300
300
300
300
300
300
300
300
300
300
300
300
300
300
300
300
300
300
300
300
300
300
300
300
300
300
300
300
300
300
300
300
300
300
300
300
300
300
300
300
300
300
300
300
300
300
300
300
300
300
300
300
300
300
300
300
300
300
300
300
300
300
300
300
300
300
300
300
300
300
300
300
300
300
300
300
300
300
300
300
300
300
300
300
300
300
300
300
300
300
300
300
300
300
300
300
300
300
300
300
300
300
300
300
300
300
300
300
300
300
300
300
300
300
300
300
300
300
300
300
300
300
300
300
300
300
300
300
300
300
300
300
300
300
300
300
300
300
300
300
300
300
300
300
300
300
300
300
300
300
300
300
300
300
300
300
300
300
300
300
300
300
300
300
300
300
300
300
300
300
300
300
300
300
300
300
300
300
300
300
300
300
300
300
300
300
300
300
300
300
300
300
300
300
300
300
300
300
300
300
300
300
300
300
300
300
300
300
300
300
300
300
300
300
300
300
300
300
300
300
300
300
300
300
300
300
300
300
300
300
300
300
300
300
300
300
300
300
300
300
300
300
300
300
300
300
300
300
300
300
300
300
300
300
300
300
300
300
300
300
300
300
300
300
300
300
300
300
300
300
300
300
300
300
300
300
300
300
300
300
300
300
300
300
300
300
300
300
300
300
300
300
300
300
300
300
300
300
300
300
300
300
300
300
300
300
300
300
300
300
300
300
300
300
300
300
300
300
300
300
300
300
300
300
300
300
300
300
300
300
300
300
300
300
300
300
300
300
300
300
300
300
300
300
300
300
300
300
300
300
300
300
300
300
300
300
300
300
300
300
300
300
300
300
300
300
300
300
300
300
300
300
300
300
300
300
300
300
300
300
300
300
300
300
300
300
300
300
300
300
300
300
300
300
300
300
300
300
300
300
300
300
300
300
300
300
300
300
300
300
300
300
300
300
300
300
300
300
300
300
300
300
300
300
300
300
300
300
300
300
300
300
300
300
300
300
300
300
300
300
300
300
300
300
300
300
300
300
300
300
300
300
300
300
300
300
300
300
300
300
300
300
300
300
300
300
300
300
300
300
300
300
300
300
300
300
300
300
300
300
300
300
300
300
300
300
300
300
300
300
300
300
300
300
300
300
300
300
300
300
300
300
300
300
300
300
300
300
300
300
300
300
300
300
300
300
300
300
300
300
300
300
300
300
300
300
300
300
300
300
300
300
300
300
300
300
300
300
300
300
300
300
300
300
300
300
300
300
300
300
300
300
300
300
300
300
300
300
300
300
300
300
300
300
300
300
300
300
300
300
300
300
300
300
300
300
300
300
300
300
300
300
300
300
300
300
300
300
300
300
300
300
300
300
300
300
300
300
300
300
300
300
300
300
300
300
300
300
300
300
300
300
300
300
300
300
300
300
300
300
300
300
300
300
300
300
300
300
300
300
300
300
300
300
300
300
300
300
300
300
300
300
300
300
300
300
300
300
300
300
300
300
300
300
300
300
300
300
300
300
300
300
300
300
300
300
300
300
300
300
300
300
300
300
300
300
300
300
300
300
300
300
300
300
300
300
300
300
300
300
300
300
300
300
300
300
300
300
300
300
300
300
300
300
300
300
300
300
300
300
300
300
300
300
300
300
300
300
300
300
300
300
300
300
300
300
300
300
300
300
300
300
300
300
300
300
300
300
300
300
300
300
300
300
300
300
300
300
300
300
300
300
300
300
300
300
300
300
300
300
300
300
300
300
300
300
300
300
300
300
300
300
300
300
300
300
300
300
300
300
300
300
300
300
300
300
300
300
300
300
300
300
300
300
300
300
300
300
300
300
300
300
300
300
300
300
300
300
300
300
300
300
300
300
300
300
300
300
300
300
300
300
300
300
300
300
300
300
300
300
300
300
300
300
300
300
300
300
300
300
300
300
300
300
300
300
300
300
300
300
300
300
300
300
300
300
300
300
300
300
300
300
300
300
300
300
300
300
300
300
300
300
300
300
300
300
300
300
300
300
300
300
300
300
300
300
300
300
300
300
300
300
300
300
300
300
300
300
300
300
300
300
300
300
300
300
300
300
300
300
300
300
300
300
300
300
300
300
300
300
300
300
300
300
300
300
300
300
300
300
300
300
300
300
300
300
300
300
300
300
300
300
300
300
300
300
300
300
300
300
300
300
300
300
300
300
300
300
300
300
300
300
300
300
300
300
300
300
300
300
300
300
300
300
300
300
300
300
300
300
300
300
300
300
300
300
300
300
300
300
300
300
300
300
300
300
300
300
300
300
300
300
300
300
300
300
300
300
300
300
300
300
300
300
300
300
300
300
300
300
300
300
300
300
300
300
300
300
300
300
300
300
300
300
300
300
300
300
300
300
300
300
300
300
300
300
300
300
300
300
300
300
300
300
300
300
300
300
300
300
300
300
300
300
300
300
300
300
300
300
300
300
300
300
300
300
300
300
300
300
300
300
300
300
300
300
300
300
300
300
300
300
300
300
300
300
300
300
300
300
300
300
300
300
300
300
300
300
300
300
300
300
300
300
300
300
300
300
300
300
300
300
300
300
300
300
300
300
300
300
300
300
300
300
300
300
300
300
300
300
300
300
300
300
300
300
300
300
300
300
300
300
300
300
300
300
300
300
300
300
300
300
300
300
300
300
300
300
300
300
300
300
300
300
300
300
300
300
300
300
300
300
300
300
300
300
300
300
300
300
300
300
300
300
300
300
300
300
300
300
300
300
300
300
300
300
300
300
300
300
300
300
300
300
300
300
300
300
300
300
300
300
300
300
300
300
300
300
300
300
300
300
300
300
300
300
300
300
300
300
300
300
300
300
300
300
300
300
300
300
300
300
300
300
300
300
300
300
300
300
300
300
300
300
300
300
300
300
300
300
300
300
300
300
300
300
300
300
300
300
300
300
300
300
300
300
300
300
300
300
300
300
300
300
300
300
300
300
300
300
300
300
300
300
300
300
300
300
300
300
300
300
300
300
300
300
300
300
300
300
300
300
300
300
300
300
300
300
300
300
300
300
300
300
300
300
300
300
300
300
300
300
300
300
300
300
300
300
300
300
300
300
300
300
300
300
300
300
300
300
300
300
300
300
300
300
300
300
300
300
300
300
300
300
300
300
300
300
300
300
300
300
300
300
300
300
300
300
300
300
300
300
300
300
300
300
300
300
300
300
300
300
300
300
300
300
300
300
300
300
300
300
300
300
300
300
300
300
300
300
300
300
300
300
300
300
300
300
300
300
300
300
300
300
300
300
300
300
300
300
300
300
300
300
300
300
300
300
300
300
300
300
300
300
300
300
300
300
300
300
300
300
300
300
300
300
300
300
300
300
300
300
300
300
300
300
300
300
300
300
300
300
300
300
300
300
300
300
300
300
300
300
300
300
300
300
300
300
300
300
300
300
300
300
300
300
300
300
300
300
300
300
300
300
300
300
300
300
300
300
300
300
300
300
300
300
300
300
300
300
300
300
300
300
300
300
300
300
300
300
300
300
300
300
300
300
300
300
300
300
300
300
300
300
300
300
300
300
300
300
300
300
300
300
300
300
300
300
300
300
300
300
300
300
300
300
300
300
300
300
300
300
300
300
300
300
300
300
300
300
300
300
300
300
300
300
300
300
300
300
300
300
300
300
300
300
300
300
300
300
300
300
300
300
300
300
300
300
300
300
300
300
300
300
300
300
300
300
300
300
300
300
300
300
300
300
300
300
300
300
300
300
300
300
300
300
300
300
300
300
300
300
300
300
300
300
300
300
300
300
300
300
300
300
300
300
300
300
300
300
300
300
300
300
300
300
300
300
300
300
300
300
300
300
300
300
300
300
300
300
300
300
300
300
300
300
300
300
300
300
300
300
300
300
300
300
300
300
300
300
300
300
300
300
300
300
300
300
300
300
300
300
300
300
300
300
300
300
300
300
300
300
300
300
300
300
300
300
300
300
300
300
300
300
300
300
300
300
300
300
300
300
300
300
300
300
300
300
300
300
300
300
300
300
300
300
300
300
300
300
300
300
300
300
300
300
300
300
300
300
300
300
300
300
300
300
300
300
300
300
300
300
300
300
300
300
300
300
300
300
300
300
300
300
300
300
300
300
300
300
300
300
300
300
300
300
300
300
300
300
300
300
300
300
300
300
300
300
300
300
300
300
300
300
300
300
300
300
300
300
300
300
300
300
300
300
300
300
300
300
300
300
300
300
300
300
300
300
300
300
300
300
300
300
300
300
300
300
300
300
300
300
300
300
300
300
300
300
300
300
300
300
300
300
300
300
300
300
300
300
300
300
300
300
300
300
300
300
300
300
300
300
300
300
300
300
300
300
300
300
300
300
300
300
300
300
300
300
300
300
300
300
300
300
300
300
300
300
300
300
300
300
300
300
300
300
300
300
300
300
300
300
300
300
300
300
300
300
300
300
300
300
300
300
300
300
300
300
300
300
300
300
300
300
300
300
300
300
300
300
300
300
300
300
300
300
300
300
300
300
300
300
300
300
300
300
300
300
300
300
300
300
300
300
300
300
300
300
300
300
300
300
300
300
300
300
300
300
300
300
300
300
300
300
300
300
300
300
300
300
300
300
300
300
300
300
300
300
300
300
300
300
300
300
300
300
300
300
300
300
300
300
300
300
300
300
300
300
300
300
300
300
300
300
300
300
300
300
300
300
300
300
300
300
300
300
300
300
300
300
300
300
300
300
300
300
300
300
300
300
300
300
300
300
300
300
300
300
300
300
300
300
300
300
300
300
300
300
300
300
300
300
300
300
300
300
300
300
300
300
300
300
300
300
300
300
300
300
300
300
300
300
300
300
300
300
300
300
300
300
300
300
300
300
300
300
300
300
300
300
300
300
300
300
300
300
300
300
300
300
300
300
300
300
300
300
300
300
300
300
300
300
300
300
300
300
300
300
300
300
300
300
300
300
300
300
300
300
300
300
300
300
300
300
300
300
300
300
300
300
300
300
300
300
300
300
300
300
300
300
300
300
300
300
300
300
300
300
300
300
300
300
300
300
300
300
300
300
300
300
300
300
300
300
300
300
300
300
300
300
300
300
300
300
300
300
300
300
300
300
300
300
300
300
300
300
300
300
300
300
300
300
300
300
300
300
300
300
300
300
300
300
300
300
300
300
300
300
300
300
300
300
300
300
300
300
300
300
300
300
300
300
300
300
300
300
300
300
300
300
300
300
300
300
300
300
300
300
300
300
300
300
300
300
300
300
300
300
300
300
300
300
300
300
300
300
300
300
300
300
300
300
300
300
300
300
300
300
300
300
300
300
300
300
300
300
300
300
300
300
300
300
300
300
300
300
300
300
300
300
300
300
300
300
300
300
300
300
300
300
300
300
300
300
300
300
300
300
300
300
300
300
)
;

boundaryField
{
    inlet
    {
        type            fixedValue;
        value           uniform 300;
    }
    sym
    {
        type            symmetry;
    }
    wedge
    {
        type            zeroGradient;
    }
    top
    {
        type            freestream;
        freestreamValue uniform 300;
        value           nonuniform List<scalar> 
150
(
300
300
300
300
300
300
300
300
300
300
300
300
300
300
300
300
300
300
300
300
300
300
300
300
300
300
300
300
300
300
300
300
300
300
300
300
300
300
300
300
300
300
300
300
300
300
300
300
300
300
300
300
300
300
300
300
300
300
300
300
300
300
300
300
300
300
300
300
300
300
300
300
300
300
300
300
300
300
300
300
300
300
300
300
300
300
300
300
300
300
300
300
300
300
300
300
300
300
300
300
300
300
300
300
300
300
300
300
300
300
300
300
300
300
300
300
300
300
300
300
300
300
300
300
300
300
300
300
300
300
300
300
300
300
300
300
300
300
300
300
300
300
300
300
300
300
300
300
300
300
)
;
    }
    back
    {
        type            empty;
    }
    front
    {
        type            empty;
    }
    outlet
    {
        type            inletOutlet;
        inletValue      uniform 300;
        value           nonuniform List<scalar> 
100
(
326.724
326.037
326.342
325.819
326.407
325.768
326.22
325.79
326.091
325.825
325.997
325.841
325.933
325.846
325.89
325.843
325.861
325.837
325.842
325.829
325.825
325.815
325.808
325.805
325.809
325.82
325.831
325.822
325.758
325.578
325.2
324.516
323.402
321.752
319.515
316.764
313.843
311.077
308.599
306.504
304.814
303.5
302.507
301.774
301.243
300.864
300.595
300.408
300.277
300.188
300.126
300.085
300.056
300.037
300.025
300.016
300.011
300.007
300.005
300.003
300.002
300.001
300.001
300
300
300
300
300
300
300
300
300
300
300
300
300
300
300
300
300
300
300
300
300
300
300
300
300
300
300
300
300
300
300
300
300
300
300
300
300
)
;
    }
}


// ************************************************************************* //
