/*--------------------------------*- C++ -*----------------------------------*\
| =========                 |                                                 |
| \\      /  F ield         | OpenFOAM: The Open Source CFD Toolbox           |
|  \\    /   O peration     | Version:  2412                                  |
|   \\  /    A nd           | Website:  www.openfoam.com                      |
|    \\/     M anipulation  |                                                 |
\*---------------------------------------------------------------------------*/
FoamFile
{
    version     2.0;
    format      ascii;
    arch        "LSB;label=32;scalar=64";
    class       volScalarField;
    location    "2.5";
    object      Ma;
}
// * * * * * * * * * * * * * * * * * * * * * * * * * * * * * * * * * * * * * //

dimensions      [0 0 0 0 0 0 0];

internalField   nonuniform List<scalar> 
5250
(
2.99999
2.99998
2.9999
2.9998
2.99939
2.9988
2.99648
2.99292
2.98038
2.95557
2.88717
2.70648
2.34439
1.49703
0.617187
0.202477
0.318207
0.353062
0.317884
0.25994
0.207125
0.165311
0.122994
0.0761815
0.0430871
2.99999
2.99998
2.9999
2.9998
2.99939
2.99882
2.99651
2.99301
2.9806
2.95635
2.88884
2.71157
2.35497
1.51691
0.630862
0.214117
0.325076
0.358865
0.322903
0.265271
0.213407
0.172822
0.132607
0.0908519
0.0666321
2.99999
2.99998
2.99991
2.99981
2.99941
2.99884
2.99657
2.99319
2.98098
2.95795
2.89187
2.72177
2.3755
1.56459
0.658065
0.232414
0.335429
0.368128
0.332726
0.277419
0.228529
0.191174
0.155782
0.122428
0.106097
2.99999
2.99998
2.99991
2.99981
2.99942
2.99888
2.99668
2.99342
2.98154
2.9597
2.89566
2.73399
2.39957
1.62178
0.688476
0.25371
0.348157
0.379915
0.34687
0.296031
0.251207
0.217936
0.187921
0.161681
0.149868
3
2.99998
2.99991
2.99982
2.99945
2.99892
2.99681
2.99371
2.9822
2.96174
2.89985
2.74865
2.42633
1.68648
0.733445
0.288671
0.365391
0.393602
0.364399
0.319611
0.27938
0.250342
0.22574
0.205243
0.19653
3
2.99998
2.99992
2.99983
2.99947
2.99897
2.99695
2.99401
2.98295
2.96386
2.90448
2.76364
2.45539
1.73888
0.793932
0.331295
0.385851
0.407354
0.384433
0.347701
0.312779
0.288249
0.268871
0.254058
0.248751
3
2.99998
2.99992
2.99984
2.9995
2.99903
2.9971
2.99434
2.98368
2.96618
2.90918
2.78131
2.48507
1.80119
0.867997
0.384269
0.406853
0.419489
0.407748
0.37942
0.349889
0.330967
0.318099
0.309807
0.310351
3
2.99998
2.99993
2.99985
2.99954
2.9991
2.99731
2.99475
2.98477
2.96876
2.91534
2.79901
2.52126
1.87324
0.955885
0.444383
0.424639
0.436992
0.435178
0.414299
0.391413
0.37866
0.37391
0.375113
0.38665
3
2.99999
2.99994
2.99987
2.99958
2.99918
2.99755
2.99524
2.9861
2.97168
2.92257
2.81749
2.56252
1.95264
1.05615
0.508863
0.441135
0.4567
0.463568
0.450486
0.43672
0.431786
0.436804
0.45308
0.490438
3
2.99999
2.99995
2.99988
2.99964
2.99929
2.99792
2.99584
2.98828
2.97477
2.93307
2.83409
2.61119
2.03013
1.15994
0.578569
0.457087
0.477799
0.493332
0.488441
0.48403
0.488778
0.509572
0.556282
0.661388
3
2.99999
2.99997
2.99989
2.99977
2.99934
2.99859
2.99626
2.99101
2.97758
2.94254
2.86418
2.62871
2.19247
1.26792
0.664494
0.47534
0.500727
0.525387
0.528586
0.531845
0.548362
0.590749
0.679606
0.863504
3
2.99999
2.99996
2.99991
2.99973
2.99946
2.99842
2.99683
2.99114
2.98082
2.94943
2.87517
2.70476
2.2507
1.47464
0.760539
0.508231
0.533962
0.560818
0.569824
0.580525
0.608478
0.667799
0.777367
0.972632
3
2.99999
2.99997
2.99993
2.99976
2.99953
2.99859
2.99727
2.99195
2.98398
2.95501
2.90151
2.74976
2.40061
1.68812
0.868421
0.560321
0.582534
0.60334
0.614672
0.629861
0.666365
0.732781
0.84034
1.00796
3
3
2.99997
2.99994
2.9998
2.99961
2.99882
2.99771
2.99326
2.98667
2.96232
2.91856
2.79232
2.4967
1.87515
0.969331
0.617891
0.625335
0.642914
0.659369
0.678364
0.716469
0.784493
0.881136
1.02085
3
3
2.99998
2.99995
2.99984
2.99969
2.99907
2.99819
2.99479
2.98931
2.97098
2.93192
2.83257
2.56578
2.06263
1.11697
0.704966
0.655911
0.674607
0.695914
0.720474
0.759073
0.822004
0.910111
1.028
3
3
2.99998
2.99996
2.99987
2.99975
2.99924
2.99852
2.9957
2.99132
2.97621
2.94546
2.86374
2.64629
2.22687
1.33541
0.821902
0.687419
0.701753
0.723955
0.755665
0.795438
0.853939
0.93142
1.03314
3.00001
3
2.99999
2.99997
2.9999
2.9998
2.99939
2.99882
2.99653
2.99313
2.98086
2.95805
2.89251
2.72563
2.38823
1.59347
0.972575
0.742254
0.738105
0.754966
0.787042
0.827445
0.88195
0.952169
1.03918
3.00001
3
2.99999
2.99998
2.99992
2.99984
2.99953
2.99908
2.99726
2.99469
2.98461
2.96872
2.91594
2.8032
2.53456
1.93294
1.146
0.821693
0.789002
0.798276
0.82334
0.859195
0.90684
0.969352
1.04558
3.00001
3
3
2.99999
2.99995
2.99989
2.99965
2.99932
2.998
2.99605
2.98892
2.97643
2.93786
2.84787
2.64612
2.12025
1.33967
0.909772
0.829848
0.837425
0.859019
0.892205
0.933472
0.987946
1.0549
3.00001
3
3
2.99999
2.99997
2.9999
2.9998
2.99941
2.99881
2.99671
2.99292
2.98147
2.95503
2.89081
2.71387
2.36884
1.59161
1.05102
0.878254
0.873118
0.88792
0.918938
0.958953
1.00662
1.06503
3.00001
3.00001
3
2.99999
2.99998
2.99992
2.99985
2.99954
2.99909
2.99733
2.99478
2.98498
2.9693
2.91803
2.80959
2.54428
1.97714
1.23329
0.950766
0.918076
0.925432
0.95078
0.98853
1.02967
1.07841
3.00001
3.00001
3
3
2.99998
2.99996
2.99987
2.99974
2.99924
2.99847
2.99572
2.99101
2.9761
2.9437
2.86255
2.65169
2.22148
1.44752
1.044
0.95462
0.958269
0.979091
1.01398
1.05346
1.09685
3.00001
3.00001
3.00001
3
2.99999
2.99997
2.99992
2.99977
2.99953
2.99864
2.99728
2.99228
2.98414
2.95723
2.90219
2.76085
2.42339
1.74894
1.1915
1.01014
0.995583
1.00794
1.0351
1.07299
1.11351
3.00001
3.00001
3.00001
3
3
2.99998
2.99994
2.99987
2.99962
2.99924
2.99782
2.99562
2.98798
2.97408
2.93289
2.83611
2.62472
2.10266
1.38545
1.08549
1.03594
1.04194
1.06193
1.09384
1.13195
3.00001
3.00001
3.00001
3
3
2.99999
2.99997
2.99989
2.99979
2.99937
2.99875
2.99649
2.99273
2.98068
2.95529
2.88987
2.7204
2.385
1.65293
1.21334
1.08081
1.07326
1.08507
1.11188
1.14849
3.00001
3.00001
3.00001
3.00001
3
2.99999
2.99998
2.99993
2.99985
2.99956
2.99914
2.99748
2.9951
2.98598
2.97162
2.92446
2.82791
2.58868
2.07458
1.40413
1.15249
1.11456
1.11774
1.1374
1.16717
3.00001
3.00001
3.00001
3.00001
3
3
2.99999
2.99996
2.99988
2.99976
2.99931
2.99864
2.99613
2.99219
2.97871
2.95364
2.88346
2.71719
2.35168
1.67515
1.26558
1.15483
1.14795
1.15857
1.18341
3.00001
3.00001
3.00001
3.00001
3.00001
3
3
2.99997
2.99994
2.99981
2.99963
2.99893
2.99786
2.99402
2.98775
2.96723
2.92813
2.81902
2.58929
2.03391
1.45524
1.22072
1.18388
1.18626
1.20463
3.00001
3.00001
3.00001
3.00001
3.00001
3
3
2.99999
2.99995
2.9999
2.99971
2.99943
2.99838
2.99678
2.99118
2.98127
2.95177
2.88381
2.73331
2.33173
1.69874
1.31959
1.22319
1.21493
1.22442
3.00001
3.00001
3.00001
3.00001
3.00001
3.00001
3
3
2.99997
2.99994
2.99981
2.99963
2.99893
2.9979
2.99404
2.9881
2.96748
2.93103
2.8233
2.60649
2.06991
1.51281
1.2871
1.25115
1.25152
3.00001
3.00001
3.00001
3.00001
3.00001
3.00001
3
3
2.99999
2.99996
2.99991
2.99973
2.99946
2.99845
2.99694
2.99159
2.98237
2.95429
2.89143
2.74908
2.37897
1.76878
1.38883
1.28795
1.27927
3.00001
3.00001
3.00001
3.00001
3.00001
3.00001
3.00001
3
3
2.99997
2.99994
2.99983
2.99966
2.999
2.99805
2.99447
2.989
2.96988
2.93686
2.83664
2.6423
2.13669
1.59596
1.35756
1.3129
3.00001
3.00001
3.00001
3.00001
3.00001
3.00001
3.00001
3
3
2.99999
2.99996
2.99992
2.99975
2.9995
2.99859
2.99722
2.99223
2.98419
2.95824
2.90505
2.77515
2.45967
1.87199
1.48047
1.35859
3.00001
3.00001
3.00001
3.00001
3.00001
3.00001
3.00001
3.00001
3
3
2.99998
2.99994
2.99988
2.99964
2.99929
2.998
2.99606
2.98913
2.9776
2.94182
2.86502
2.6909
2.27175
1.68997
1.43751
3.00001
3.00001
3.00001
3.00001
3.00001
3.00001
3.00001
3.00001
3
3
2.99999
2.99997
2.99993
2.99979
2.99958
2.99879
2.99765
2.99334
2.98688
2.96442
2.9239
2.81473
2.56607
2.0562
1.58982
3.00001
3.00001
3.00001
3.00001
3.00001
3.00001
3.00001
3.00001
3.00001
3
3
2.99998
2.99996
2.99988
2.99976
2.99929
2.99862
2.9961
2.9923
2.97898
2.95621
2.88777
2.75038
2.40004
1.85805
3.00001
3.00001
3.00001
3.00001
3.00001
3.00001
3.00001
3.00001
3.00001
3.00001
3
3
2.99998
2.99995
2.99983
2.99967
2.99906
2.99814
2.99487
2.98961
2.97253
2.94103
2.85308
2.67229
2.22714
3.00001
3.00001
3.00001
3.00001
3.00001
3.00001
3.00001
3.00001
3.00001
3.00001
3
3
2.99999
2.99997
2.99991
2.99981
2.99946
2.99894
2.99701
2.99413
2.98386
2.96712
2.9145
2.81241
2.54922
3.00001
3.00001
3.00001
3.00001
3.00001
3.00001
3.00001
3.00001
3.00001
3.00001
3.00001
3
3
2.99998
2.99996
2.99988
2.99975
2.99929
2.99858
2.99611
2.9921
2.97897
2.95561
2.88591
2.75378
3.00001
3.00001
3.00001
3.00001
3.00001
3.00001
3.00001
3.00001
3.00001
3.00001
3.00001
3.00001
3
3
2.99998
2.99995
2.99984
2.99967
2.99908
2.99817
2.995
2.98986
2.97344
2.94291
2.85973
3.00001
3.00001
3.00001
3.00001
3.00001
3.00001
3.00001
3.00001
3.00001
3.00001
3.00001
3.00001
3
3
2.99999
2.99997
2.99991
2.99982
2.99949
2.999
2.99722
2.99454
2.98519
2.96959
2.92243
3.00001
3.00001
3.00001
3.00001
3.00001
3.00001
3.00001
3.00001
3.00001
3.00001
3.00001
3.00001
3.00001
3
3
2.99999
2.99996
2.99989
2.99977
2.99936
2.99873
2.99653
2.99297
2.98143
2.96082
3.00001
3.00001
3.00001
3.00001
3.00001
3.00001
3.00001
3.00001
3.00001
3.00001
3.00001
3.00001
3.00001
3.00001
3
3
2.99998
2.99995
2.99986
2.99971
2.9992
2.9984
2.99568
2.9912
2.97703
3.00001
3.00001
3.00001
3.00001
3.00001
3.00001
3.00001
3.00001
3.00001
3.00001
3.00001
3.00001
3.00001
3.00001
3.00001
3
3
2.99997
2.99994
2.99982
2.99964
2.99901
2.99805
2.99471
2.98936
3.00001
3.00001
3.00001
3.00001
3.00001
3.00001
3.00001
3.00001
3.00001
3.00001
3.00001
3.00001
3.00001
3.00001
3.00001
3
3
2.99999
2.99997
2.99991
2.99982
2.99948
2.99898
2.99718
2.99445
3.00001
3.00001
3.00001
3.00001
3.00001
3.00001
3.00001
3.00001
3.00001
3.00001
3.00001
3.00001
3.00001
3.00001
3.00001
3.00001
3
3
2.99999
2.99996
2.99989
2.99977
2.99937
2.99875
2.99662
3.00001
3.00001
3.00001
3.00001
3.00001
3.00001
3.00001
3.00001
3.00001
3.00001
3.00001
3.00001
3.00001
3.00001
3.00001
3.00001
3.00001
3
3
2.99998
2.99994
2.99988
2.99966
2.99934
2.99817
3.00001
3.00001
3.00001
3.00001
3.00001
3.00001
3.00001
3.00001
3.00001
3.00001
3.00001
3.00001
3.00001
3.00001
3.00001
3.00001
3.00001
3.00001
3
2.99999
2.99997
2.99994
2.99982
2.99965
2.99901
3.00001
3.00001
3.00001
3.00001
3.00001
3.00001
3.00001
3.00001
3.00001
3.00001
3.00001
3.00001
3.00001
3.00001
3.00001
3.00001
3.00001
3.00001
3
3
2.99999
2.99996
2.99991
2.99973
2.99947
3.00001
3.00001
3.00001
3.00001
3.00001
3.00001
3.00001
3.00001
3.00001
3.00001
3.00001
3.00001
3.00001
3.00001
3.00001
3.00001
3.00001
3.00001
3
3
2.99999
2.99997
2.99991
2.99982
2.99947
1.10266
1.29462
1.35105
1.31461
1.23812
1.15188
1.07207
1.03039
1.02314
1.02555
1.02673
1.02587
1.02332
1.01949
1.01501
1.01296
1.01292
1.01371
1.01462
1.01579
1.01717
1.01853
1.02013
1.02204
1.02425
1.02649
1.02819
1.02904
1.02916
1.02732
1.02061
1.0027
0.959583
0.861795
0.64995
0.310837
0.117373
0.161368
0.214745
0.271164
0.282385
0.242016
0.188053
0.130108
0.0729089
0.0378437
0.0667845
0.110753
0.154962
0.195779
0.233782
0.268133
0.300679
0.333182
0.366305
0.397607
0.428036
0.457006
0.485443
0.512741
0.539765
0.565802
0.591679
0.616641
0.641517
0.665515
0.689476
0.712591
0.735672
0.757905
0.780075
0.801381
0.822627
0.842981
0.863354
0.882771
0.902335
0.920837
0.939628
0.957234
0.975267
0.992033
1.00935
1.02534
1.04196
1.05722
1.0732
1.08782
1.10327
1.11734
1.13232
1.14599
1.1607
1.17404
1.18844
1.20123
1.21485
1.22608
1.23648
1.24225
1.14457
1.26198
1.32754
1.36696
1.4065
1.43783
1.44859
1.44488
1.42988
1.40712
1.38854
1.3823
1.38296
1.3839
1.38462
1.3848
1.38435
1.38358
1.38301
1.38352
1.38416
1.38515
1.38667
1.3885
1.39025
1.39189
1.39314
1.39352
1.39324
1.39114
1.38494
1.36973
1.33366
1.25241
1.07424
0.747588
0.462205
0.326722
0.241422
0.170385
0.13065
0.134204
0.181329
0.230362
0.275941
0.31644
0.354552
0.391397
0.428088
0.462659
0.496014
0.526686
0.555722
0.584139
0.613512
0.64207
0.669735
0.695939
0.721714
0.746445
0.770927
0.794438
0.817789
0.840259
0.862747
0.884361
0.906124
0.926892
0.947987
0.967937
0.988429
1.00759
1.02747
1.04584
1.06505
1.0827
1.10125
1.11828
1.13624
1.15267
1.17007
1.1859
1.20271
1.21795
1.23422
1.24893
1.26477
1.27907
1.29452
1.3084
1.32346
1.33686
1.3514
1.36428
1.37827
1.39055
1.40368
1.41448
1.42465
1.42978
1.14154
1.24962
1.34573
1.43809
1.52324
1.59002
1.623
1.62564
1.62083
1.60677
1.58706
1.57149
1.56241
1.55928
1.55891
1.55961
1.56019
1.56058
1.56089
1.56119
1.56155
1.56199
1.56265
1.56373
1.5652
1.5668
1.5682
1.5687
1.56858
1.56742
1.56352
1.55354
1.52881
1.47156
1.34604
1.08024
0.7845
0.618355
0.517454
0.445332
0.415265
0.43015
0.470475
0.51323
0.549956
0.578766
0.605354
0.631601
0.659237
0.686249
0.713336
0.738348
0.762279
0.785133
0.809188
0.832997
0.856644
0.878699
0.900674
0.921312
0.942257
0.961967
0.982161
1.00107
1.02074
1.03913
1.05843
1.07627
1.09494
1.11198
1.12988
1.14622
1.16355
1.17945
1.19633
1.21181
1.22821
1.24323
1.25921
1.27387
1.28965
1.30403
1.31974
1.33392
1.34943
1.36327
1.3784
1.39176
1.40649
1.41941
1.43378
1.44629
1.4603
1.47234
1.48597
1.4974
1.51038
1.52053
1.53098
1.53599
1.14702
1.25596
1.35524
1.44639
1.5276
1.59533
1.6484
1.68613
1.70699
1.71194
1.71043
1.70326
1.69225
1.68151
1.6752
1.67297
1.67355
1.67431
1.67551
1.67687
1.67771
1.67827
1.67876
1.67945
1.6806
1.68221
1.68372
1.68504
1.68521
1.68472
1.68252
1.67579
1.66064
1.62219
1.54131
1.35063
1.07188
0.823963
0.694453
0.619507
0.604064
0.628105
0.672181
0.716481
0.752353
0.779378
0.800084
0.817768
0.836875
0.856718
0.878438
0.899172
0.919513
0.937955
0.95727
0.976195
0.995943
1.01418
1.03271
1.04975
1.06751
1.08394
1.10115
1.11683
1.13337
1.14842
1.16452
1.17922
1.19505
1.20953
1.22515
1.23946
1.25483
1.26893
1.284
1.29782
1.31259
1.32606
1.34058
1.35376
1.36823
1.38122
1.3956
1.40834
1.42258
1.43507
1.44912
1.46133
1.47516
1.48706
1.50071
1.5123
1.52575
1.53703
1.55025
1.56109
1.57383
1.58366
1.59424
1.59929
1.14678
1.25354
1.34968
1.43714
1.51703
1.58819
1.65138
1.70446
1.7463
1.77364
1.78485
1.78516
1.7833
1.77726
1.76844
1.76085
1.75549
1.75308
1.7526
1.7532
1.754
1.75519
1.75639
1.75727
1.75797
1.75862
1.75945
1.76049
1.76079
1.76051
1.7592
1.75538
1.74488
1.72145
1.66527
1.54364
1.29458
0.990323
0.799464
0.7057
0.704477
0.739472
0.798655
0.856064
0.898142
0.928654
0.954472
0.973798
0.987114
0.999659
1.01398
1.0289
1.04481
1.05906
1.07349
1.08702
1.10204
1.1161
1.13106
1.14459
1.15896
1.17202
1.18613
1.19895
1.21301
1.22586
1.24004
1.25294
1.26707
1.27979
1.29368
1.30615
1.31979
1.33207
1.34556
1.35777
1.37127
1.38351
1.39709
1.4092
1.42272
1.43464
1.44815
1.45993
1.47339
1.48502
1.49841
1.50986
1.52315
1.5344
1.54758
1.55863
1.57166
1.58252
1.59532
1.60593
1.61827
1.62811
1.63857
1.64382
1.13987
1.2414
1.33514
1.42052
1.49887
1.57032
1.63458
1.69115
1.73941
1.77904
1.80997
1.8298
1.83868
1.83955
1.83828
1.8339
1.82696
1.82049
1.81562
1.8135
1.81315
1.81376
1.81489
1.81643
1.81844
1.81992
1.82111
1.82229
1.8226
1.82243
1.82155
1.81857
1.81158
1.79359
1.75398
1.66346
1.47882
1.1412
0.855822
0.735073
0.74985
0.802343
0.881112
0.954693
1.01153
1.05069
1.0769
1.09669
1.1108
1.12005
1.12599
1.13218
1.13968
1.14786
1.15702
1.16576
1.17639
1.18709
1.19919
1.21016
1.22216
1.23298
1.24488
1.25565
1.26776
1.27891
1.2915
1.30305
1.316
1.32772
1.34077
1.35245
1.36544
1.37699
1.38994
1.40151
1.41452
1.42601
1.43898
1.45033
1.46324
1.47443
1.48734
1.49848
1.51145
1.52253
1.53551
1.54648
1.55939
1.57025
1.58302
1.59384
1.60646
1.61725
1.62971
1.64037
1.65252
1.66251
1.67298
1.67853
1.13461
1.22816
1.31645
1.39866
1.47487
1.5453
1.60998
1.66883
1.72183
1.7685
1.80828
1.84062
1.86426
1.87872
1.88413
1.88419
1.88294
1.87929
1.87376
1.86891
1.86519
1.86362
1.86317
1.8635
1.86414
1.8653
1.86653
1.8678
1.86809
1.86792
1.86702
1.86394
1.85777
1.84115
1.80832
1.72918
1.58107
1.28481
0.959057
0.809474
0.843759
0.895361
0.966883
1.03881
1.09828
1.14112
1.16968
1.18693
1.1985
1.20641
1.21125
1.21245
1.21294
1.21513
1.21911
1.22433
1.23071
1.23749
1.24676
1.2562
1.26709
1.27696
1.28791
1.2979
1.30928
1.31975
1.33156
1.34227
1.35431
1.3652
1.37744
1.3884
1.40077
1.41186
1.42437
1.43545
1.44802
1.45908
1.47167
1.48262
1.49521
1.50607
1.51871
1.52955
1.54226
1.55304
1.56574
1.57641
1.58897
1.59955
1.61194
1.62251
1.63476
1.64532
1.65744
1.66786
1.67973
1.68954
1.69993
1.70541
1.13068
1.21644
1.29914
1.37725
1.45072
1.51922
1.58315
1.64205
1.69627
1.74514
1.78876
1.8266
1.85854
1.88403
1.90225
1.91322
1.91738
1.91737
1.91625
1.91297
1.90834
1.90347
1.89988
1.89824
1.89839
1.89891
1.89984
1.90139
1.90198
1.90182
1.90074
1.89724
1.88945
1.87016
1.83089
1.74407
1.58653
1.36129
1.13734
0.985726
0.959513
0.986177
1.0226
1.07099
1.12131
1.16773
1.20427
1.22999
1.24718
1.25773
1.26481
1.26968
1.27209
1.27202
1.27168
1.27362
1.27726
1.28172
1.28743
1.29418
1.30351
1.31261
1.32308
1.3326
1.34338
1.35321
1.36431
1.37442
1.38589
1.39633
1.40817
1.41894
1.43109
1.44192
1.45418
1.46501
1.47731
1.48806
1.50032
1.51091
1.52313
1.53359
1.54587
1.55632
1.56872
1.5792
1.59167
1.60216
1.61458
1.62504
1.63729
1.64776
1.65986
1.67036
1.68239
1.69279
1.70462
1.71442
1.72487
1.73034
1.12974
1.20772
1.28456
1.35819
1.42816
1.49411
1.5561
1.61411
1.66798
1.71784
1.76331
1.80454
1.84098
1.87267
1.89911
1.92
1.93423
1.94248
1.94531
1.94522
1.94414
1.94144
1.93752
1.93419
1.93156
1.93009
1.92963
1.92974
1.92968
1.92906
1.92674
1.92119
1.90715
1.87773
1.81412
1.68548
1.50267
1.36094
1.26752
1.16718
1.0918
1.06325
1.07326
1.097
1.13206
1.17416
1.21107
1.24466
1.27173
1.29067
1.30357
1.31166
1.31707
1.32054
1.32194
1.32177
1.32156
1.32363
1.32716
1.33124
1.33699
1.34416
1.3538
1.36293
1.37338
1.38273
1.39335
1.40294
1.41394
1.42397
1.43547
1.4458
1.45751
1.46792
1.4798
1.49031
1.50235
1.51287
1.52499
1.53543
1.54756
1.55792
1.57011
1.58045
1.59269
1.60299
1.61519
1.62544
1.63757
1.64784
1.6599
1.67021
1.68219
1.69245
1.70436
1.71447
1.72622
1.73577
1.74626
1.75161
1.13155
1.20192
1.27299
1.34234
1.4089
1.47228
1.53215
1.58872
1.64171
1.69139
1.73743
1.78002
1.81875
1.85372
1.88438
1.91075
1.93245
1.94955
1.96112
1.9677
1.96999
1.96986
1.96886
1.96632
1.96275
1.95919
1.95656
1.95493
1.95358
1.95108
1.94578
1.93397
1.90905
1.85594
1.7468
1.57298
1.42915
1.36666
1.33627
1.29861
1.24749
1.19743
1.1638
1.15646
1.17121
1.19066
1.21874
1.2508
1.27843
1.30391
1.32582
1.34074
1.35111
1.3579
1.36288
1.36564
1.36682
1.36707
1.36765
1.37
1.37347
1.37759
1.38375
1.39135
1.40126
1.41043
1.42099
1.43045
1.44133
1.45109
1.46219
1.47205
1.48335
1.49337
1.50495
1.51517
1.52703
1.5374
1.54944
1.55976
1.57175
1.58187
1.59376
1.60382
1.61579
1.62594
1.638
1.64814
1.66005
1.67004
1.68176
1.69164
1.70332
1.71317
1.72488
1.73466
1.74628
1.75557
1.76601
1.77123
1.13642
1.19897
1.26369
1.32824
1.39119
1.4517
1.50949
1.56431
1.61619
1.66507
1.71097
1.75389
1.7937
1.83047
1.86386
1.89396
1.92023
1.94271
1.9609
1.97504
1.98433
1.98949
1.99097
1.99077
1.98976
1.9874
1.98386
1.97975
1.97548
1.96948
1.9586
1.93573
1.88929
1.79186
1.62633
1.46878
1.39384
1.37725
1.37403
1.36697
1.35189
1.32726
1.29557
1.26217
1.24226
1.23788
1.25017
1.26536
1.28737
1.31307
1.33496
1.35518
1.37327
1.38577
1.39459
1.40072
1.40522
1.40749
1.40883
1.40951
1.41113
1.41378
1.41715
1.42167
1.42901
1.43754
1.44799
1.45742
1.46827
1.47765
1.48834
1.49763
1.50848
1.51806
1.52938
1.53934
1.55102
1.56108
1.5728
1.58272
1.59436
1.6042
1.61583
1.62566
1.6373
1.64716
1.65879
1.66866
1.68023
1.69003
1.70153
1.71125
1.72277
1.73249
1.74409
1.75373
1.76528
1.77437
1.78475
1.78972
1.14621
1.20112
1.25932
1.31837
1.3769
1.43419
1.48931
1.5424
1.59274
1.64086
1.68607
1.72904
1.76906
1.80675
1.84142
1.87359
1.90248
1.92857
1.95094
1.97015
1.98522
1.9971
2.00456
2.00854
2.00901
2.00834
2.00631
2.00182
1.99424
1.98281
1.96163
1.9193
1.8344
1.67825
1.50772
1.41392
1.39111
1.39305
1.4003
1.4075
1.41245
1.41184
1.40249
1.383
1.35731
1.3311
1.31424
1.30869
1.31798
1.32936
1.34619
1.367
1.38609
1.40259
1.4175
1.42903
1.43713
1.44296
1.44733
1.44947
1.4513
1.45286
1.45509
1.45789
1.46182
1.4672
1.47565
1.48456
1.49503
1.50416
1.51457
1.52365
1.53424
1.54345
1.55426
1.56362
1.57474
1.58436
1.59572
1.60537
1.61664
1.62613
1.6373
1.64684
1.65811
1.66788
1.67927
1.68915
1.70054
1.71028
1.72157
1.7311
1.74232
1.75172
1.76304
1.77236
1.78376
1.79262
1.80301
1.80787
1.15861
1.20704
1.25886
1.31233
1.36606
1.41933
1.47149
1.52206
1.57078
1.61745
1.66201
1.70428
1.74445
1.78217
1.81776
1.85076
1.8816
1.90955
1.93526
1.95765
1.9776
1.99372
2.00712
2.01642
2.02184
2.0223
2.02101
2.01699
2.00809
1.9892
1.95178
1.87728
1.73443
1.55521
1.43826
1.40219
1.40058
1.41024
1.42235
1.43669
1.45171
1.4634
1.46768
1.46749
1.45931
1.44138
1.41873
1.39613
1.38107
1.37512
1.38047
1.38979
1.40248
1.41835
1.43539
1.44902
1.46153
1.47159
1.47973
1.48571
1.49016
1.49261
1.49458
1.49633
1.49846
1.50129
1.50589
1.51247
1.5219
1.53078
1.54111
1.55004
1.56046
1.56944
1.58005
1.58908
1.59975
1.60881
1.61963
1.62891
1.63993
1.64938
1.66044
1.66997
1.68104
1.69066
1.7018
1.71136
1.72252
1.73186
1.74293
1.75208
1.7631
1.77214
1.78319
1.79219
1.80324
1.81182
1.82195
1.82652
1.17231
1.2165
1.26229
1.31046
1.3598
1.40906
1.45773
1.50548
1.55186
1.59673
1.63996
1.68129
1.72084
1.75834
1.79405
1.82742
1.85919
1.88825
1.91581
1.94036
1.96322
1.98276
2.00019
2.01377
2.02388
2.0268
2.02531
2.02012
2.00639
1.97694
1.91531
1.79324
1.61129
1.47164
1.41784
1.40947
1.41855
1.43095
1.44618
1.46421
1.48342
1.50003
1.5124
1.5202
1.52485
1.52503
1.51824
1.50373
1.48524
1.46585
1.45045
1.44223
1.44082
1.44832
1.45679
1.46776
1.48256
1.4953
1.50643
1.51535
1.52292
1.52856
1.53262
1.53504
1.53695
1.53895
1.54158
1.5454
1.55193
1.5594
1.56903
1.57764
1.58783
1.59657
1.60694
1.61586
1.62643
1.63542
1.64605
1.65509
1.66583
1.67498
1.68581
1.69502
1.7059
1.71517
1.72618
1.7355
1.74656
1.75573
1.76665
1.7756
1.78636
1.79517
1.80594
1.8147
1.82547
1.83381
1.84371
1.84798
1.18514
1.2246
1.2675
1.3111
1.35646
1.40245
1.44804
1.49301
1.53711
1.57985
1.62143
1.66148
1.69998
1.73685
1.77223
1.80559
1.8377
1.86741
1.8959
1.92189
1.9464
1.96827
1.98824
2.00489
2.01754
2.02134
2.01894
2.01021
1.98912
1.93877
1.84091
1.66653
1.51294
1.43934
1.42226
1.42874
1.44121
1.45617
1.47369
1.49342
1.51256
1.53036
1.54672
1.56086
1.57224
1.57993
1.58452
1.58497
1.57997
1.56765
1.55166
1.5339
1.51782
1.50643
1.50077
1.5019
1.5079
1.51517
1.52516
1.53628
1.5475
1.55578
1.56328
1.56887
1.57271
1.57501
1.57689
1.57928
1.58303
1.58819
1.59581
1.60342
1.6132
1.62185
1.63219
1.64105
1.65149
1.66031
1.67069
1.67942
1.68985
1.6987
1.70937
1.71842
1.72927
1.73841
1.74933
1.75849
1.76947
1.77856
1.78945
1.79831
1.80899
1.81764
1.82826
1.83686
1.84752
1.85577
1.86567
1.87002
1.20017
1.23497
1.27336
1.31453
1.35573
1.3983
1.44132
1.48369
1.52555
1.56668
1.60606
1.64522
1.68202
1.71841
1.75273
1.78596
1.81777
1.84774
1.87673
1.90334
1.92915
1.95213
1.97384
1.99204
2.00462
2.00579
2.00099
1.98563
1.94949
1.86286
1.71452
1.55112
1.46164
1.43593
1.4396
1.4517
1.46722
1.48454
1.50483
1.52397
1.5422
1.55969
1.57649
1.59255
1.607
1.61977
1.62995
1.63747
1.64222
1.6436
1.64108
1.63163
1.61724
1.6001
1.58211
1.56712
1.55711
1.55236
1.55467
1.55968
1.56646
1.57551
1.58597
1.5946
1.60238
1.60757
1.61178
1.61423
1.61713
1.62055
1.6258
1.6316
1.63951
1.64687
1.65632
1.66454
1.67475
1.68339
1.69378
1.70236
1.71262
1.72106
1.73138
1.73998
1.75059
1.75942
1.77022
1.77914
1.79
1.79892
1.80977
1.81862
1.82938
1.83804
1.84869
1.85721
1.86788
1.8761
1.88604
1.89071
1.21715
1.24978
1.2828
1.31955
1.35831
1.39706
1.43683
1.47724
1.51621
1.55608
1.59375
1.63126
1.66764
1.70213
1.73679
1.76836
1.80063
1.82978
1.85912
1.88593
1.91202
1.93606
1.9578
1.97654
1.9848
1.98148
1.97159
1.94484
1.87905
1.74859
1.58039
1.47616
1.44456
1.44543
1.45802
1.47422
1.49426
1.51634
1.5368
1.5551
1.57214
1.58851
1.60434
1.61962
1.63485
1.64934
1.66341
1.67584
1.68638
1.69455
1.69912
1.70138
1.70069
1.69432
1.6821
1.66597
1.64802
1.62973
1.61448
1.60451
1.60004
1.60331
1.60787
1.61456
1.6246
1.63404
1.64291
1.6488
1.6535
1.65644
1.65992
1.66372
1.66918
1.675
1.68299
1.69022
1.6996
1.70764
1.71748
1.72573
1.73566
1.74383
1.75368
1.76186
1.77192
1.78044
1.79086
1.79967
1.81025
1.81909
1.8296
1.83834
1.8488
1.85743
1.86792
1.87634
1.88686
1.89492
1.90467
1.90945
1.23336
1.26486
1.29629
1.32801
1.36277
1.39923
1.43505
1.47276
1.50959
1.54634
1.58336
1.61827
1.65412
1.68732
1.72092
1.75266
1.7834
1.81353
1.84145
1.86955
1.89464
1.91964
1.94044
1.95571
1.95705
1.94979
1.9296
1.87932
1.76912
1.60156
1.4832
1.4444
1.44452
1.45798
1.47703
1.49827
1.52202
1.54321
1.56353
1.5815
1.59888
1.6149
1.63078
1.64661
1.66222
1.67756
1.69222
1.70634
1.71965
1.73199
1.74287
1.752
1.758
1.76172
1.76209
1.75807
1.74694
1.73168
1.71251
1.69154
1.67263
1.65726
1.64811
1.64581
1.64957
1.65508
1.66405
1.67256
1.68118
1.68723
1.6928
1.69662
1.7014
1.70587
1.71202
1.71794
1.72593
1.73292
1.74193
1.74954
1.75897
1.76689
1.77654
1.78455
1.79432
1.80257
1.81266
1.82127
1.83161
1.84032
1.85061
1.85913
1.86928
1.87753
1.88774
1.89589
1.90615
1.91401
1.92355
1.92811
1.24681
1.27883
1.30982
1.34048
1.37109
1.40415
1.43767
1.47158
1.50651
1.54063
1.57524
1.60908
1.64221
1.67532
1.70653
1.73826
1.76772
1.7974
1.82527
1.8524
1.87806
1.90135
1.92031
1.92678
1.92114
1.90489
1.86641
1.7695
1.61278
1.48286
1.43515
1.43387
1.44968
1.47001
1.49438
1.51961
1.54353
1.5647
1.58503
1.60373
1.62236
1.64032
1.65755
1.67383
1.68922
1.70441
1.71927
1.73421
1.7488
1.76316
1.77692
1.78956
1.8008
1.8094
1.81594
1.81905
1.82012
1.81823
1.80984
1.79579
1.77663
1.75387
1.72973
1.70798
1.69212
1.68416
1.68679
1.6916
1.69883
1.70795
1.71712
1.7238
1.73053
1.73531
1.74106
1.74594
1.75246
1.7583
1.76608
1.77284
1.78161
1.78902
1.79841
1.80631
1.81606
1.82415
1.83408
1.84238
1.85255
1.86102
1.87128
1.87965
1.88978
1.89782
1.90779
1.91571
1.92571
1.93339
1.94279
1.94726
1.26676
1.29171
1.32133
1.35074
1.37953
1.41005
1.4413
1.47337
1.50535
1.53789
1.57004
1.60233
1.63386
1.66516
1.69584
1.72552
1.75513
1.78302
1.81094
1.83689
1.86159
1.8828
1.89348
1.8901
1.87742
1.84458
1.76646
1.61594
1.47628
1.41752
1.41485
1.43142
1.45431
1.48093
1.51071
1.5372
1.56144
1.58298
1.60381
1.62316
1.64287
1.66138
1.67975
1.69703
1.71377
1.72974
1.74557
1.76096
1.77639
1.79127
1.80574
1.81926
1.832
1.84382
1.85441
1.86368
1.87124
1.87542
1.87733
1.87673
1.87054
1.85662
1.837
1.81179
1.78354
1.75611
1.73352
1.72138
1.72314
1.72745
1.73412
1.74339
1.7527
1.75973
1.76718
1.77261
1.77902
1.78431
1.79121
1.7971
1.80487
1.81151
1.82015
1.82742
1.83674
1.84455
1.85433
1.8624
1.87239
1.88062
1.89077
1.89904
1.90918
1.91726
1.92718
1.93498
1.94481
1.95233
1.96157
1.96613
1.28825
1.30787
1.33516
1.3631
1.38997
1.41769
1.44638
1.476
1.50636
1.53638
1.56706
1.59729
1.62768
1.65731
1.68696
1.71563
1.74397
1.77158
1.79788
1.82325
1.84535
1.85961
1.8597
1.84879
1.81982
1.75619
1.61522
1.46568
1.39539
1.38993
1.40759
1.43138
1.46091
1.49333
1.52381
1.5507
1.57582
1.59841
1.62057
1.64082
1.66086
1.67933
1.69832
1.71659
1.73505
1.75266
1.76968
1.78588
1.80146
1.81646
1.83082
1.84495
1.85862
1.87208
1.88504
1.89734
1.90843
1.91817
1.92586
1.93063
1.93283
1.93272
1.92817
1.91562
1.89613
1.86975
1.83708
1.80357
1.77373
1.75879
1.75931
1.76319
1.76973
1.77885
1.78835
1.79573
1.80387
1.80996
1.81697
1.82262
1.82962
1.83548
1.84306
1.84956
1.85798
1.86516
1.87443
1.88224
1.89203
1.90007
1.91
1.91809
1.92806
1.93607
1.94596
1.95374
1.96339
1.97083
1.97972
1.98428
1.31142
1.32466
1.34603
1.37451
1.40122
1.42728
1.45381
1.48068
1.50873
1.53733
1.56574
1.59465
1.62316
1.65191
1.67983
1.70785
1.73493
1.76145
1.78678
1.80965
1.82639
1.8289
1.8195
1.7948
1.73858
1.61377
1.4557
1.37159
1.36236
1.3799
1.40455
1.43538
1.47094
1.50342
1.53344
1.56059
1.58637
1.61032
1.63348
1.65502
1.67616
1.696
1.71581
1.73485
1.75404
1.77263
1.79069
1.80788
1.8242
1.83977
1.85491
1.86965
1.88409
1.89822
1.91193
1.92522
1.93794
1.95
1.96107
1.97106
1.97886
1.98469
1.98693
1.98713
1.98369
1.97224
1.95278
1.92467
1.88761
1.84736
1.81186
1.79542
1.79509
1.79905
1.80573
1.81487
1.82434
1.83195
1.8406
1.84714
1.85452
1.86034
1.86751
1.87342
1.88102
1.8875
1.8959
1.90306
1.91241
1.92024
1.92999
1.93788
1.94765
1.95541
1.96509
1.97278
1.98226
1.98965
1.99837
2.0026
1.33994
1.34486
1.36098
1.38504
1.41096
1.43588
1.46091
1.48636
1.51232
1.53912
1.56628
1.59333
1.62055
1.64774
1.67486
1.70124
1.72765
1.7526
1.7757
1.79429
1.7991
1.79063
1.76917
1.71837
1.61258
1.44593
1.34717
1.33305
1.35017
1.37476
1.40769
1.44494
1.48002
1.51143
1.54102
1.56821
1.5946
1.61921
1.64338
1.66608
1.68872
1.70987
1.73118
1.75079
1.77066
1.78948
1.80847
1.8265
1.84399
1.86062
1.87668
1.89232
1.90752
1.92227
1.9366
1.95047
1.96394
1.97692
1.98941
2.00121
2.01224
2.02206
2.03009
2.03642
2.03868
2.03903
2.03639
2.02627
2.00664
1.97701
1.93634
1.88918
1.84924
1.8326
1.83118
1.83519
1.84186
1.85126
1.86062
1.86834
1.87723
1.88387
1.89138
1.89728
1.9046
1.91058
1.91825
1.92474
1.93317
1.94035
1.94974
1.95741
1.96701
1.97467
1.98408
1.99165
2.0009
2.0081
2.01684
2.02089
1.38103
1.37349
1.38054
1.39754
1.42174
1.44542
1.46887
1.49286
1.51748
1.54233
1.56795
1.59395
1.61957
1.64563
1.67121
1.69686
1.72118
1.74459
1.76369
1.77051
1.76276
1.744
1.69907
1.6054
1.43483
1.32036
1.30103
1.31771
1.34359
1.37762
1.41746
1.45377
1.48728
1.5177
1.54698
1.57416
1.60106
1.62646
1.65178
1.67577
1.6995
1.72198
1.74432
1.76537
1.78629
1.80563
1.82486
1.84337
1.86187
1.87977
1.8971
1.91358
1.9294
1.94463
1.95946
1.97377
1.98782
2.0014
2.01476
2.02767
2.0402
2.0521
2.06327
2.07319
2.08155
2.08818
2.09048
2.09099
2.08875
2.07922
2.0593
2.02717
1.9835
1.93018
1.88593
1.87037
1.86809
1.87204
1.87837
1.88762
1.89697
1.90467
1.91349
1.92013
1.92779
1.93378
1.94128
1.94735
1.95515
1.96166
1.97016
1.97731
1.98653
1.99398
2.00321
2.0105
2.0196
2.02646
2.035
2.03877
1.42661
1.40227
1.40165
1.41374
1.43258
1.45622
1.4785
1.50055
1.52336
1.54676
1.57078
1.59548
1.62024
1.64479
1.66953
1.6933
1.71614
1.73539
1.74408
1.73742
1.71961
1.67777
1.5884
1.42586
1.30143
1.27447
1.28862
1.31347
1.34831
1.38918
1.42706
1.46115
1.49319
1.52298
1.55195
1.5796
1.60715
1.63345
1.65959
1.68431
1.709
1.73239
1.75583
1.77776
1.79972
1.82003
1.84047
1.85938
1.87848
1.89679
1.91501
1.93239
1.94924
1.96538
1.98106
1.9963
2.01107
2.02556
2.03953
2.0532
2.06622
2.07885
2.09083
2.10216
2.11295
2.1224
2.13093
2.1375
2.14016
2.14082
2.13869
2.12919
2.10897
2.07295
2.02458
1.96801
1.9204
1.90582
1.90372
1.90778
1.9141
1.9229
1.93222
1.94003
1.94889
1.95567
1.96356
1.96978
1.97746
1.98362
1.99155
1.99807
2.00655
2.01357
2.02248
2.02956
2.03846
2.04511
2.05346
2.05685
1.52648
1.437
1.42609
1.42999
1.44539
1.46754
1.49052
1.51172
1.53224
1.55324
1.57527
1.59813
1.62173
1.6451
1.6683
1.69045
1.70962
1.7192
1.71384
1.69654
1.65636
1.56964
1.41404
1.27957
1.24538
1.25713
1.28277
1.31814
1.36062
1.39931
1.4349
1.46756
1.49881
1.5283
1.55753
1.58562
1.61371
1.64048
1.66718
1.69258
1.718
1.74214
1.76636
1.78914
1.81207
1.83324
1.85464
1.87423
1.89403
1.91247
1.93119
1.94918
1.96697
1.984
2.00049
2.01647
2.03198
2.04703
2.06156
2.07558
2.08917
2.10226
2.11503
2.1273
2.13929
2.15065
2.1615
2.17115
2.17951
2.18614
2.18813
2.18832
2.18573
2.17497
2.15332
2.11479
2.0601
2.00114
1.95398
1.94001
1.93831
1.94265
1.94937
1.95801
1.96724
1.97509
1.98404
1.9909
1.99889
2.00524
2.01303
2.01923
2.02712
2.0335
2.04177
2.04847
2.05714
2.0636
2.07177
2.075
1.72854
1.50449
1.4582
1.45269
1.45947
1.47642
1.49976
1.52185
1.54275
1.56313
1.58303
1.60335
1.62464
1.64662
1.66716
1.68619
1.69613
1.69168
1.67461
1.63564
1.55085
1.40172
1.25632
1.21478
1.22462
1.25067
1.2878
1.33162
1.37203
1.40837
1.44238
1.47404
1.50483
1.53446
1.56408
1.59268
1.62112
1.64824
1.67526
1.70106
1.727
1.75179
1.7766
1.80004
1.82338
1.84516
1.86717
1.8875
1.90825
1.92732
1.94664
1.96482
1.98334
2.00115
2.01861
2.0353
2.05142
2.06691
2.08188
2.09628
2.11027
2.12379
2.13698
2.14978
2.16224
2.17431
2.1859
2.19692
2.20733
2.21655
2.22452
2.23082
2.23243
2.23223
2.22906
2.21717
2.19385
2.15211
2.09292
2.03092
1.98614
1.97385
1.97236
1.97684
1.98357
1.99221
2.00143
2.00929
2.01836
2.02534
2.03347
2.03987
2.04774
2.05397
2.06185
2.0681
2.07621
2.08234
2.09016
2.09324
2.06538
1.6473
1.50397
1.47975
1.47853
1.48837
1.50634
1.52969
1.55177
1.57227
1.59279
1.61192
1.63123
1.64942
1.6669
1.67571
1.6715
1.65417
1.61586
1.53234
1.38513
1.23344
1.186
1.19474
1.22132
1.25903
1.3045
1.34566
1.38318
1.41746
1.45017
1.48121
1.51208
1.54204
1.57203
1.60078
1.62933
1.65659
1.6839
1.71006
1.73634
1.76128
1.78618
1.80972
1.83327
1.8556
1.87807
1.8992
1.92065
1.94053
1.96074
1.97939
1.99817
2.01598
2.03377
2.05077
2.06728
2.08318
2.0987
2.11375
2.12847
2.14275
2.15667
2.17017
2.18319
2.19584
2.20786
2.21952
2.23045
2.24083
2.25054
2.25904
2.2663
2.27191
2.27297
2.27234
2.26825
2.2551
2.23021
2.18363
2.12133
2.05948
2.01697
2.00651
2.00557
2.01029
2.01699
2.02532
2.03437
2.04217
2.05124
2.05829
2.0666
2.07323
2.08135
2.08759
2.09552
2.1014
2.10891
2.11188
2.38259
1.90625
1.60378
1.5172
1.5032
1.50435
1.51634
1.53583
1.55897
1.58026
1.60046
1.6204
1.63767
1.65446
1.66134
1.65679
1.63832
1.59942
1.51552
1.36784
1.21423
1.16139
1.16823
1.19429
1.23274
1.2789
1.32122
1.35899
1.39407
1.42686
1.45886
1.48987
1.52088
1.55093
1.58077
1.60937
1.6378
1.66509
1.6924
1.71856
1.74476
1.76973
1.79485
1.81872
1.84281
1.8656
1.88859
1.91016
1.93201
1.95218
1.9728
1.99157
2.0108
2.02838
2.04644
2.06356
2.08084
2.09723
2.1135
2.1291
2.14445
2.1592
2.17359
2.18741
2.20082
2.21366
2.2261
2.23792
2.24945
2.2603
2.27096
2.28083
2.29041
2.29896
2.30589
2.31166
2.31244
2.31146
2.30643
2.29114
2.26392
2.21301
2.14508
2.08629
2.04721
2.03721
2.03712
2.04186
2.04891
2.05705
2.06601
2.07373
2.08312
2.09028
2.09878
2.1053
2.11358
2.11943
2.12694
2.12989
2.68635
2.2646
1.80582
1.58815
1.53798
1.52868
1.5318
1.5448
1.56489
1.58708
1.60626
1.62554
1.64123
1.64989
1.64488
1.62586
1.58607
1.50165
1.35146
1.19553
1.13762
1.14353
1.16953
1.20836
1.25565
1.29821
1.3364
1.37124
1.40457
1.43658
1.46838
1.49939
1.53026
1.56006
1.58959
1.61794
1.64618
1.6733
1.70049
1.7266
1.75285
1.778
1.80329
1.82737
1.85159
1.87451
1.89761
1.91933
1.94125
1.96161
1.98235
2.00135
2.02097
2.03886
2.05736
2.07458
2.09234
2.10927
2.12602
2.14224
2.15802
2.17339
2.18822
2.20261
2.21647
2.22983
2.24272
2.25512
2.26711
2.2786
2.28977
2.30034
2.31073
2.32027
2.32953
2.33791
2.34415
2.34923
2.34983
2.34825
2.34208
2.32548
2.29266
2.24001
2.16734
2.11038
2.07724
2.06809
2.06807
2.07248
2.07949
2.08742
2.09664
2.10378
2.11336
2.12011
2.12896
2.13506
2.14297
2.14643
2.82957
2.59533
2.15033
1.74048
1.58698
1.55769
1.55335
1.5589
1.57238
1.59195
1.61125
1.6274
1.63761
1.6325
1.61372
1.5734
1.48814
1.3329
1.17635
1.11511
1.12065
1.14585
1.18507
1.23259
1.27596
1.31422
1.34959
1.38279
1.41532
1.44692
1.47844
1.50911
1.53958
1.56896
1.59811
1.62615
1.6542
1.68126
1.7085
1.73472
1.76108
1.78626
1.81153
1.83555
1.85969
1.88254
1.90556
1.92721
1.94905
1.96948
1.99023
2.00952
2.02942
2.04772
2.06684
2.08427
2.10253
2.11954
2.13705
2.15345
2.16991
2.18559
2.20105
2.21585
2.23036
2.24419
2.25776
2.27061
2.28324
2.29519
2.30687
2.31803
2.32883
2.33926
2.3492
2.35884
2.36748
2.37607
2.38189
2.38583
2.38635
2.38457
2.37595
2.35754
2.31988
2.26259
2.18913
2.13407
2.10511
2.09721
2.09811
2.10229
2.10913
2.1168
2.12574
2.13265
2.1419
2.14852
2.15646
2.1605
2.90065
2.78379
2.46634
2.01365
1.6943
1.59465
1.57689
1.57579
1.5833
1.5965
1.61368
1.62533
1.62037
1.60045
1.559
1.47166
1.31297
1.154
1.09135
1.09705
1.12233
1.16186
1.21021
1.25369
1.2923
1.32731
1.36085
1.39317
1.42531
1.45669
1.48799
1.51836
1.54852
1.57764
1.60661
1.63465
1.66271
1.68985
1.71703
1.74314
1.76927
1.79425
1.81929
1.84318
1.86718
1.88995
1.91285
1.93442
1.95622
1.97668
1.99754
2.01707
2.0372
2.0559
2.07542
2.09328
2.11209
2.12914
2.14724
2.16379
2.18081
2.19674
2.21266
2.22792
2.24278
2.25723
2.27112
2.2847
2.29771
2.31036
2.32252
2.33422
2.34558
2.35631
2.36691
2.37672
2.3865
2.39553
2.4038
2.41165
2.41746
2.41967
2.41979
2.4177
2.40758
2.38571
2.34241
2.28327
2.20881
2.15781
2.13374
2.12593
2.12712
2.13086
2.13718
2.14491
2.15332
2.15995
2.16799
2.17232
2.95115
2.87786
2.73418
2.3525
1.92094
1.67946
1.61181
1.59827
1.59685
1.60347
1.61222
1.61083
1.59017
1.54643
1.4537
1.28795
1.12649
1.06666
1.07531
1.10011
1.14
1.18774
1.23137
1.26974
1.30511
1.33858
1.37159
1.40393
1.43616
1.46752
1.49853
1.52848
1.55818
1.58697
1.6158
1.64381
1.67188
1.69893
1.72593
1.75178
1.77764
1.80234
1.82717
1.85082
1.87463
1.89717
1.91991
1.94135
1.96313
1.98363
2.00462
2.02436
2.04465
2.06367
2.08327
2.10147
2.12037
2.13762
2.1558
2.1723
2.18973
2.20555
2.22205
2.23732
2.25286
2.2676
2.28222
2.2963
2.31
2.32323
2.33598
2.34824
2.35997
2.37124
2.38204
2.39237
2.40238
2.41194
2.42106
2.43008
2.43787
2.44517
2.45108
2.45232
2.4519
2.44878
2.43772
2.41158
2.36206
2.30282
2.22918
2.18031
2.16007
2.15291
2.15452
2.15809
2.16383
2.17096
2.17829
2.18198
2.97236
2.94037
2.85861
2.67479
2.27738
1.86043
1.66929
1.62647
1.61515
1.61175
1.60551
1.58503
1.5371
1.43647
1.25948
1.0967
1.04201
1.05285
1.07923
1.12024
1.16723
1.2101
1.24867
1.28395
1.31794
1.35099
1.38396
1.41621
1.44818
1.47912
1.50972
1.53937
1.56894
1.59764
1.62631
1.65396
1.68147
1.70787
1.73425
1.75962
1.78511
1.8096
1.83425
1.85778
1.88142
1.90386
1.92647
1.9479
1.96962
1.99019
2.01121
2.03101
2.05133
2.07034
2.08994
2.10814
2.12704
2.14445
2.1627
2.17931
2.19704
2.21302
2.23012
2.24556
2.26186
2.27681
2.29212
2.30651
2.32069
2.33432
2.34737
2.36006
2.37208
2.38374
2.39487
2.40559
2.41596
2.42595
2.4356
2.4451
2.45389
2.46269
2.47061
2.47681
2.48246
2.48295
2.48213
2.47749
2.46422
2.43242
2.38061
2.31977
2.2474
2.20163
2.18472
2.17759
2.17961
2.18266
2.18764
2.19085
2.98512
2.96946
2.92297
2.83134
2.60156
2.17928
1.80635
1.66644
1.63355
1.61642
1.59044
1.53306
1.41772
1.22837
1.0656
1.01901
1.03216
1.06175
1.10506
1.15022
1.19147
1.22868
1.26398
1.29805
1.3319
1.365
1.3978
1.42956
1.46086
1.49115
1.52121
1.5504
1.5795
1.60765
1.63566
1.66262
1.68949
1.71536
1.74132
1.76633
1.79152
1.81572
1.84011
1.86345
1.88698
1.9094
1.9321
1.95365
1.97555
1.99623
2.01726
2.03702
2.05724
2.07618
2.0957
2.11391
2.13283
2.15036
2.16869
2.18554
2.20334
2.21956
2.23677
2.25231
2.26884
2.28368
2.29939
2.31353
2.32824
2.34165
2.35526
2.36791
2.38039
2.39228
2.40377
2.41489
2.42559
2.43602
2.44608
2.45591
2.46526
2.47448
2.48319
2.49114
2.49926
2.50457
2.50863
2.50904
2.50775
2.5016
2.48412
2.45045
2.39178
2.3314
2.264
2.2204
2.20529
2.19918
2.19967
2.2005
2.99319
2.98216
2.96246
2.90605
2.79503
2.50278
2.07231
1.76767
1.65992
1.61343
1.54376
1.40264
1.1898
1.02876
0.99101
1.00652
1.04174
1.0897
1.13474
1.17406
1.21001
1.24417
1.27808
1.31156
1.34502
1.37771
1.41002
1.44132
1.4722
1.50205
1.5316
1.56017
1.58857
1.61607
1.64349
1.67
1.69656
1.72219
1.74791
1.77266
1.79755
1.82142
1.84543
1.86834
1.89145
1.91345
1.9357
1.95679
1.97822
1.99847
2.01914
2.03862
2.05862
2.0774
2.0968
2.11493
2.13379
2.1513
2.16965
2.18657
2.20444
2.22076
2.23808
2.25377
2.27047
2.28548
2.30146
2.31574
2.33087
2.34439
2.35853
2.37129
2.38435
2.39638
2.40839
2.41973
2.43084
2.44149
2.45179
2.46185
2.47151
2.48103
2.49011
2.49878
2.50745
2.51469
2.52199
2.52746
2.5293
2.52937
2.52736
2.51932
2.49715
2.46189
2.39641
2.34148
2.27748
2.23407
2.21985
2.21459
2.99646
2.99033
2.98077
2.95022
2.8929
2.74794
2.43806
1.98007
1.71656
1.59325
1.41785
1.1452
0.971512
0.942369
0.962363
1.00593
1.06214
1.10852
1.14749
1.18245
1.2167
1.25071
1.28492
1.31852
1.35178
1.38407
1.41588
1.44667
1.47703
1.50636
1.53536
1.56339
1.59128
1.61828
1.64531
1.6715
1.69777
1.72314
1.74858
1.77301
1.79753
1.82097
1.84454
1.86702
1.88969
1.91126
1.93312
1.9539
1.97505
1.99511
2.01562
2.03499
2.0549
2.07363
2.09298
2.11111
2.13
2.1476
2.16605
2.18311
2.20108
2.21756
2.23495
2.25078
2.26752
2.28266
2.29871
2.31308
2.32839
2.34194
2.35643
2.36918
2.38272
2.39477
2.40732
2.41879
2.43042
2.44137
2.45225
2.4627
2.47287
2.48277
2.49226
2.50146
2.51035
2.51857
2.52662
2.53393
2.53959
2.54467
2.54569
2.54496
2.54189
2.53086
2.508
2.46206
2.41019
2.33956
2.27843
2.25054
2.99806
2.99471
2.98947
2.97233
2.94198
2.85657
2.68751
2.27742
1.8495
1.49439
1.13575
0.89687
0.873175
0.901153
0.95128
1.0088
1.0559
1.09587
1.1335
1.17085
1.20771
1.24361
1.27887
1.31292
1.34625
1.37835
1.40976
1.43996
1.46958
1.49811
1.52634
1.55375
1.58123
1.60805
1.63504
1.66129
1.68762
1.71303
1.73844
1.76278
1.78714
1.81035
1.83365
1.85581
1.87818
1.89947
1.92108
1.94166
1.96267
1.98263
2.00309
2.02247
2.04243
2.06126
2.08076
2.09909
2.11819
2.13603
2.15469
2.17199
2.1901
2.20678
2.22427
2.2403
2.2571
2.27243
2.28853
2.3031
2.31852
2.33225
2.347
2.35989
2.37393
2.38607
2.39937
2.41092
2.42342
2.43456
2.44625
2.45701
2.46792
2.4782
2.48834
2.49794
2.50731
2.51608
2.52453
2.53252
2.53948
2.54657
2.55143
2.55452
2.55536
2.55439
2.55031
2.53593
2.50921
2.45911
2.39526
2.35682
2.99851
2.99706
2.99185
2.98353
2.95602
2.90335
2.76618
2.4487
1.86842
1.19543
0.734925
0.638329
0.700787
0.776905
0.850637
0.908112
0.956107
1.0001
1.04327
1.08555
1.12735
1.16766
1.20667
1.24406
1.28046
1.3155
1.34984
1.38308
1.4159
1.44776
1.4793
1.50981
1.53996
1.56892
1.59749
1.62482
1.65187
1.67774
1.70349
1.7281
1.75273
1.77625
1.7999
1.82249
1.84532
1.86712
1.88929
1.91044
1.93203
1.95259
1.97365
1.99366
2.01425
2.03375
2.05393
2.07294
2.09269
2.11116
2.13039
2.14821
2.16676
2.18383
2.20158
2.21788
2.23481
2.25035
2.26652
2.28132
2.29686
2.31095
2.32598
2.3394
2.35399
2.36681
2.38098
2.39326
2.40694
2.4187
2.43174
2.44295
2.45514
2.46572
2.4769
2.4867
2.49683
2.50567
2.51473
2.52271
2.53042
2.53771
2.54408
2.54958
2.5543
2.55567
2.55605
2.55431
2.54838
2.52838
2.49542
2.4711
2.99896
2.99699
2.99407
2.9833
2.96518
2.90846
2.78167
2.49142
1.8533
0.991315
0.438903
0.321238
0.404394
0.512683
0.599695
0.674133
0.741524
0.80306
0.859641
0.911681
0.960288
1.00584
1.04944
1.09099
1.13131
1.17015
1.20815
1.24491
1.28098
1.3159
1.3503
1.38363
1.41663
1.44865
1.48047
1.51129
1.54193
1.57145
1.60076
1.62882
1.65669
1.68329
1.70981
1.73512
1.7605
1.78473
1.80919
1.83253
1.85619
1.87873
1.90166
1.92345
1.94571
1.96679
1.98843
2.00882
2.02986
2.04956
2.06996
2.08895
2.10865
2.12692
2.14587
2.16344
2.18165
2.19856
2.2161
2.23236
2.24936
2.265
2.28157
2.29663
2.31282
2.32733
2.34312
2.35707
2.37234
2.38564
2.40023
2.4127
2.42641
2.43795
2.45052
2.46111
2.47236
2.48201
2.49192
2.50058
2.50933
2.51692
2.52467
2.53119
2.53745
2.54266
2.54491
2.54624
2.54576
2.5417
2.52592
2.51939
)
;

boundaryField
{
    inlet
    {
        type            calculated;
        value           uniform 3.00001;
    }
    outlet
    {
        type            calculated;
        value           nonuniform List<scalar> 
40
(
1.24225
1.42978
1.53599
1.59929
1.64382
1.67853
1.70541
1.73034
1.75161
1.77123
1.78972
1.80787
1.82652
1.84798
1.87002
1.89071
1.90945
1.92811
1.94726
1.96613
1.98428
2.0026
2.02089
2.03877
2.05685
2.075
2.09324
2.11188
2.12989
2.14643
2.1605
2.17232
2.18198
2.19085
2.2005
2.21459
2.25054
2.35682
2.4711
2.51939
)
;
    }
    bottom
    {
        type            symmetryPlane;
    }
    top
    {
        type            symmetryPlane;
    }
    obstacle
    {
        type            calculated;
        value           uniform 0;
    }
    defaultFaces
    {
        type            empty;
    }
}


// ************************************************************************* //
