/*--------------------------------*- C++ -*----------------------------------*\
| =========                 |                                                 |
| \\      /  F ield         | OpenFOAM: The Open Source CFD Toolbox           |
|  \\    /   O peration     | Version:  2412                                  |
|   \\  /    A nd           | Website:  www.openfoam.com                      |
|    \\/     M anipulation  |                                                 |
\*---------------------------------------------------------------------------*/
FoamFile
{
    version     2.0;
    format      ascii;
    arch        "LSB;label=32;scalar=64";
    class       volScalarField;
    location    "10";
    object      Ma;
}
// * * * * * * * * * * * * * * * * * * * * * * * * * * * * * * * * * * * * * //

dimensions      [0 0 0 0 0 0 0];

internalField   nonuniform List<scalar> 
5250
(
2.99998
2.99995
2.9998
2.99961
2.99881
2.99769
2.99319
2.98644
2.96216
2.9157
2.78938
2.47073
1.83956
0.838921
0.35475
0.34635
0.355462
0.343742
0.306227
0.252799
0.205749
0.165024
0.123118
0.0769021
0.0430768
2.99998
2.99995
2.99981
2.99962
2.99883
2.99773
2.99329
2.98664
2.96285
2.91639
2.79217
2.47435
1.85098
0.848155
0.361821
0.348231
0.35715
0.345607
0.308698
0.256347
0.210436
0.171039
0.131407
0.0905894
0.0666444
2.99998
2.99995
2.99982
2.99963
2.99887
2.99781
2.99359
2.98705
2.96437
2.91769
2.79794
2.48174
1.87551
0.868357
0.377791
0.352715
0.361461
0.35079
0.315796
0.266058
0.222872
0.186964
0.152649
0.120827
0.105613
2.99998
2.99995
2.99983
2.99965
2.99893
2.99792
2.99396
2.9876
2.96622
2.9201
2.80549
2.49469
1.91059
0.898638
0.401716
0.358259
0.367177
0.358514
0.326642
0.280746
0.241325
0.210225
0.18229
0.158239
0.148186
2.99999
2.99996
2.99984
2.99967
2.999
2.99804
2.99437
2.98827
2.96826
2.92376
2.81457
2.51387
1.95547
0.940806
0.434156
0.364378
0.374259
0.368892
0.340569
0.299176
0.264563
0.238659
0.216812
0.199312
0.192871
2.99999
2.99996
2.99985
2.9997
2.99907
2.99818
2.99478
2.98905
2.97051
2.92876
2.82621
2.53991
2.01399
1.00115
0.477976
0.372271
0.383916
0.382868
0.358155
0.321756
0.292087
0.271917
0.256269
0.244739
0.242148
2.99999
2.99996
2.99986
2.99972
2.99915
2.99832
2.9952
2.98992
2.97285
2.93439
2.83979
2.57462
2.0852
1.08785
0.535231
0.383421
0.397595
0.401495
0.379926
0.349028
0.324436
0.30975
0.300752
0.296421
0.299581
2.99999
2.99997
2.99987
2.99975
2.99923
2.99848
2.99564
2.99088
2.97537
2.94076
2.85456
2.615
2.16395
1.20404
0.605386
0.399044
0.416254
0.42518
0.406274
0.380378
0.361439
0.353124
0.351419
0.35615
0.370208
2.99999
2.99997
2.99989
2.99977
2.9993
2.99863
2.99601
2.99188
2.9777
2.94833
2.87094
2.66213
2.25695
1.35613
0.69077
0.426067
0.44489
0.456822
0.439737
0.417921
0.403705
0.401334
0.409057
0.428755
0.466057
2.99999
2.99998
2.99991
2.99981
2.99941
2.99884
2.99669
2.99306
2.98133
2.95564
2.89021
2.71211
2.36186
1.54931
0.791601
0.470789
0.487402
0.497106
0.482124
0.463627
0.453024
0.455735
0.476406
0.522828
0.624543
3
2.99997
2.99993
2.99978
2.99956
2.99871
2.99742
2.9926
2.98475
2.95852
2.90495
2.76411
2.42729
1.72555
0.872237
0.516302
0.52932
0.537778
0.528077
0.512793
0.506374
0.516839
0.554596
0.636628
0.802343
3
2.99998
2.99993
2.99985
2.99954
2.99909
2.99734
2.99472
2.98512
2.96836
2.91625
2.79565
2.52328
1.88363
1.00244
0.576054
0.563805
0.572212
0.571412
0.561661
0.560752
0.579096
0.628921
0.723982
0.884858
3
2.99999
2.99994
2.99987
2.9996
2.99921
2.99765
2.99544
2.98668
2.97311
2.92645
2.82884
2.58992
2.01617
1.15816
0.657205
0.583298
0.596246
0.605325
0.606293
0.612842
0.637265
0.690396
0.778327
0.907531
3
2.99999
2.99995
2.99989
2.99967
2.99935
2.99807
2.99623
2.98927
2.97756
2.94011
2.85462
2.65834
2.1369
1.33216
0.744834
0.596997
0.613104
0.632304
0.644667
0.658792
0.686474
0.736682
0.812464
0.91834
3
2.99999
2.99996
2.99991
2.99972
2.99945
2.99835
2.99682
2.99065
2.98139
2.94856
2.88337
2.71488
2.29407
1.54396
0.851469
0.622928
0.636919
0.657921
0.679048
0.69844
0.727549
0.773392
0.837193
0.924077
3
3
2.99997
2.99993
2.99977
2.99955
2.99866
2.9974
2.9924
2.98495
2.95777
2.90919
2.7668
2.45504
1.77943
0.975505
0.672249
0.673498
0.690579
0.712031
0.733066
0.760946
0.804127
0.858536
0.929164
3
3
2.99998
2.99994
2.99982
2.99965
2.99894
2.99794
2.99398
2.98807
2.9668
2.92697
2.81779
2.54366
1.99883
1.08996
0.728295
0.704475
0.722055
0.741522
0.761979
0.787732
0.825135
0.874631
0.932802
3
3
2.99998
2.99996
2.99986
2.99973
2.99918
2.99841
2.99544
2.99068
2.97478
2.94129
2.85523
2.62392
2.18625
1.28353
0.829257
0.729081
0.743268
0.761102
0.783486
0.808603
0.840802
0.883462
0.934298
3.00001
3
2.99999
2.99997
2.9999
2.99979
2.99937
2.99876
2.99642
2.99275
2.98023
2.95501
2.88691
2.70901
2.35541
1.5629
0.970051
0.769258
0.765371
0.778685
0.799923
0.823781
0.851957
0.887773
0.929674
3.00001
3
3
2.99997
2.99994
2.9998
2.99959
2.99881
2.99764
2.99323
2.98619
2.96216
2.91676
2.78717
2.50781
1.86123
1.12264
0.829041
0.796655
0.803133
0.819342
0.83923
0.862944
0.889645
0.920049
3.00001
3
3
2.99998
2.99995
2.99985
2.9997
2.9991
2.99823
2.99488
2.98973
2.9718
2.93708
2.84346
2.60824
2.1231
1.29189
0.898623
0.819343
0.822254
0.834013
0.851314
0.868797
0.88646
0.907377
3.00001
3
3
2.99999
2.99996
2.99991
2.99973
2.99945
2.99841
2.99681
2.99113
2.98105
2.95004
2.87871
2.71218
2.29235
1.54291
1.01798
0.85426
0.840782
0.845537
0.856515
0.866843
0.877298
0.892367
3.00001
3.00001
3
2.99999
2.99998
2.99992
2.99984
2.99952
2.99904
2.99727
2.99445
2.98488
2.96681
2.91503
2.79036
2.51708
1.91997
1.17164
0.899548
0.863091
0.858253
0.85898
0.861375
0.866704
0.877676
3.00001
3.00001
3
3
2.99998
2.99996
2.99986
2.99971
2.99917
2.99833
2.9954
2.99006
2.97405
2.93699
2.84858
2.6108
2.14606
1.33359
0.95341
0.867872
0.856382
0.852586
0.852458
0.856705
0.866239
3.00001
3.00001
3
3
2.99999
2.99996
2.99991
2.99974
2.99948
2.99848
2.99697
2.99157
2.98195
2.95263
2.88467
2.72846
2.31985
1.61682
1.04802
0.866872
0.841444
0.839423
0.840106
0.845803
0.857409
3.00001
3.00001
3.00001
3
3
2.99997
2.99994
2.9998
2.9996
2.99882
2.99769
2.9933
2.98657
2.9626
2.91951
2.7911
2.52469
1.89053
1.18802
0.882604
0.822596
0.819417
0.821549
0.8317
0.849496
3.00001
3.00001
3.00001
3
3
2.99999
2.99995
2.99989
2.99966
2.99932
2.99806
2.99602
2.98922
2.97569
2.93802
2.84444
2.64364
2.11006
1.33564
0.901307
0.791049
0.78782
0.795189
0.813247
0.839964
3.00001
3.00001
3.00001
3
3
2.99999
2.99997
2.9999
2.99979
2.9994
2.99877
2.99665
2.99257
2.98083
2.95283
2.8863
2.6999
2.34213
1.55562
0.966169
0.754025
0.747432
0.764794
0.794534
0.830322
3.00001
3.00001
3.00001
3.00001
3
2.99999
2.99997
2.99993
2.99979
2.99957
2.99874
2.9975
2.99278
2.98529
2.95949
2.91029
2.77316
2.46224
1.80093
1.02249
0.71564
0.701061
0.730565
0.772444
0.817749
3.00001
3.00001
3.00001
3.00001
3
3
2.99998
2.99995
2.99983
2.99967
2.99901
2.99804
2.99443
2.98826
2.96837
2.92432
2.81539
2.52817
1.9617
1.07171
0.678148
0.639366
0.681655
0.736345
0.793285
3.00001
3.00001
3.00001
3.00001
3
3
2.99999
2.99995
2.99989
2.99965
2.99931
2.99797
2.99591
2.98858
2.97511
2.93448
2.83679
2.61963
2.05257
1.21902
0.679385
0.56968
0.620536
0.6905
0.757799
3.00001
3.00001
3.00001
3.00001
3
3
2.99999
2.99995
2.9999
2.9997
2.9994
2.99824
2.99649
2.99008
2.97865
2.94331
2.85953
2.66816
2.15752
1.34696
0.690329
0.496247
0.559971
0.646776
0.718766
3.00001
3.00001
3.00001
3.00001
3
3
2.99999
2.99997
2.9999
2.9998
2.99942
2.9988
2.99675
2.99251
2.98089
2.95185
2.88454
2.68762
2.31271
1.4736
0.735538
0.453129
0.526619
0.619509
0.685601
3.00001
3.00001
3.00001
3.00001
3
3
2.99999
2.99996
2.99992
2.99976
2.99951
2.99856
2.99715
2.99174
2.98312
2.95367
2.8944
2.73905
2.36117
1.63093
0.76182
0.426952
0.50991
0.600291
0.656924
3.00001
3.00001
3.00001
3.00001
3.00001
3
2.99999
2.99997
2.99993
2.99977
2.99956
2.99867
2.99741
2.99233
2.98472
2.9569
2.90579
2.75904
2.42062
1.71545
0.781024
0.403374
0.487467
0.56884
0.623058
3.00001
3.00001
3.00001
3.00001
3.00001
3
3
2.99997
2.99994
2.9998
2.9996
2.99882
2.99767
2.9932
2.98619
2.96163
2.91209
2.78037
2.45211
1.78467
0.829983
0.412508
0.466464
0.530014
0.587609
3.00001
3.00001
3.00001
3.00001
3.00001
3
2.99999
2.99998
2.99993
2.99985
2.99955
2.9991
2.99736
2.99473
2.98505
2.96808
2.91503
2.79177
2.50971
1.85258
0.939879
0.450244
0.454497
0.509061
0.568283
3.00001
3.00001
3.00001
3.00001
3.00001
3
2.99999
2.99998
2.99993
2.99986
2.99958
2.99918
2.99757
2.99515
2.98615
2.97062
2.9209
2.80724
2.54122
1.90836
1.00532
0.475508
0.442048
0.494929
0.555423
3.00001
3.00001
3.00001
3.00001
3.00001
3
3
2.99998
2.99996
2.99986
2.99972
2.9992
2.99826
2.99539
2.98877
2.97198
2.92736
2.82853
2.53107
1.99224
0.999071
0.485492
0.416987
0.474513
0.539753
3.00001
3.00001
3.00001
3.00001
3.00001
3
3
2.99999
2.99994
2.99988
2.99964
2.99928
2.99788
2.99573
2.98796
2.97378
2.93035
2.82599
2.5925
1.98836
1.11318
0.514796
0.404735
0.462521
0.530969
3.00001
3.00001
3.00001
3.00001
3.00001
3
3
2.99999
2.99995
2.99989
2.99967
2.99935
2.99806
2.99609
2.98896
2.97564
2.93536
2.83678
2.6168
2.03053
1.16453
0.526332
0.381139
0.447023
0.522144
3.00001
3.00001
3.00001
3.00001
3.00001
3
3
2.99999
2.99997
2.99989
2.99977
2.99935
2.99855
2.99618
2.99058
2.97656
2.9387
2.85519
2.59843
2.12989
1.16202
0.542131
0.359809
0.435316
0.51679
3.00001
3.00001
3.00001
3.00001
3.00001
3
3
2.99999
2.99996
2.99991
2.99973
2.99944
2.99846
2.99652
2.99091
2.97735
2.94373
2.85083
2.65601
2.09565
1.26525
0.556738
0.340856
0.425222
0.512509
3.00001
3.00001
3.00001
3.00001
3.00001
3
3
2.99999
2.99997
2.99989
2.99978
2.99935
2.99867
2.9963
2.99168
2.97818
2.94503
2.86635
2.63647
2.20264
1.27412
0.575862
0.326333
0.422671
0.516776
3.00001
3.00001
3.00001
3.00001
3.00001
3
3
2.99999
2.99997
2.9999
2.99979
2.99938
2.99874
2.99647
2.99217
2.97936
2.9481
2.87309
2.65443
2.236
1.32917
0.593308
0.321234
0.427747
0.526653
3.00001
3.00001
3.00001
3.00001
3.00001
3
3
2.99999
2.99996
2.99992
2.99974
2.99948
2.99845
2.99686
2.99124
2.98051
2.94888
2.87
2.69338
2.19889
1.40389
0.579778
0.286093
0.407167
0.511294
3.00001
3.00001
3.00001
3.00001
3.00001
3
3
2.99999
2.99996
2.99992
2.99973
2.99947
2.9984
2.9969
2.99083
2.98127
2.94854
2.87681
2.70168
2.23458
1.43829
0.574968
0.257209
0.389325
0.49567
3.00001
3.00001
3.00001
3.00001
3.00001
3
3
2.99999
2.99996
2.99992
2.99974
2.99949
2.99849
2.997
2.99147
2.98168
2.95131
2.87904
2.71082
2.25087
1.46502
0.581078
0.243322
0.384505
0.493432
3.00001
3.00001
3.00001
3.00001
3.00001
3
3
2.99999
2.99997
2.99991
2.99981
2.99946
2.99887
2.99695
2.99296
2.98211
2.9544
2.8903
2.69915
2.33051
1.48929
0.635036
0.284943
0.417711
0.526569
3.00001
3.00001
3.00001
3.00001
3.00001
3
3
2.99999
2.99996
2.99992
2.99975
2.9995
2.99852
2.99707
2.99154
2.98231
2.95215
2.88417
2.71984
2.28395
1.50089
0.587875
0.233215
0.385498
0.497809
0.950276
0.740044
0.258378
0.223945
0.28101
0.369332
0.399673
0.411553
0.422176
0.437476
0.450216
0.455105
0.454144
0.450589
0.445665
0.437735
0.425882
0.410568
0.392165
0.37141
0.348694
0.324516
0.299078
0.272586
0.244746
0.216673
0.188279
0.160009
0.131769
0.103895
0.076558
0.0493639
0.0250057
0.0168815
0.0394842
0.064706
0.0901748
0.115118
0.139137
0.162663
0.184696
0.206068
0.228423
0.251444
0.273512
0.294877
0.315678
0.33609
0.356016
0.375694
0.394895
0.413875
0.432426
0.450769
0.468722
0.486442
0.503857
0.520996
0.537868
0.554464
0.570772
0.586873
0.602657
0.618264
0.633565
0.648672
0.663493
0.678098
0.692427
0.706533
0.720354
0.733961
0.747271
0.760369
0.773181
0.78576
0.798065
0.810122
0.821882
0.833374
0.844549
0.855376
0.865883
0.875934
0.885578
0.894724
0.903254
0.911199
0.918322
0.924568
0.929789
0.933668
0.936066
0.937381
0.938317
0.938612
0.937631
0.935519
0.93243
0.935339
0.952135
0.827296
0.575653
0.420903
0.30022
0.169355
0.0636619
0.0570719
0.111924
0.157765
0.185845
0.192162
0.185755
0.17942
0.174224
0.165138
0.152406
0.137753
0.120504
0.101407
0.0811933
0.0607152
0.0417091
0.0303507
0.0358026
0.0544383
0.0764444
0.10013
0.123885
0.147744
0.171696
0.195041
0.218059
0.239882
0.261441
0.282771
0.304246
0.325257
0.346073
0.3663
0.385742
0.404288
0.423296
0.442988
0.462287
0.480786
0.498842
0.516529
0.53399
0.551078
0.567987
0.584485
0.600891
0.616891
0.632799
0.648348
0.663765
0.678868
0.69381
0.708463
0.722951
0.737164
0.751209
0.764991
0.778603
0.79196
0.805141
0.818083
0.830834
0.843365
0.855681
0.867797
0.879671
0.891365
0.902793
0.914048
0.925041
0.935815
0.946373
0.956625
0.966681
0.976386
0.985801
0.99488
1.00351
1.01178
1.01946
1.0266
1.03303
1.03863
1.04332
1.04677
1.04878
1.04983
1.0506
1.05081
1.04978
1.04773
1.04449
1.04709
0.966666
0.938775
0.835487
0.742565
0.644154
0.538679
0.449374
0.364534
0.294355
0.244548
0.20872
0.18334
0.162107
0.143595
0.14206
0.148773
0.159045
0.171347
0.185582
0.201322
0.218254
0.236117
0.254609
0.273827
0.292766
0.312135
0.331638
0.351595
0.371401
0.391289
0.410878
0.430147
0.448965
0.467205
0.485163
0.502946
0.52064
0.538061
0.555307
0.572131
0.588383
0.603713
0.619242
0.635307
0.651637
0.667111
0.682337
0.697057
0.711824
0.72618
0.740568
0.754585
0.768593
0.782268
0.795912
0.809254
0.822543
0.83554
0.848476
0.86113
0.873722
0.886043
0.8983
0.910302
0.922224
0.933916
0.945491
0.956873
0.96808
0.979139
0.989972
1.00069
1.01116
1.0215
1.03163
1.04158
1.05137
1.06091
1.07029
1.07942
1.08832
1.097
1.10534
1.11347
1.12121
1.1286
1.13556
1.14188
1.14767
1.15256
1.15662
1.15956
1.16104
1.16183
1.16234
1.16238
1.16109
1.15896
1.15532
1.15747
0.985721
1.00622
0.974894
0.926234
0.863378
0.794187
0.722816
0.658459
0.604522
0.564832
0.536918
0.516165
0.501928
0.49302
0.488455
0.487492
0.48846
0.491716
0.497274
0.504719
0.514113
0.524751
0.536652
0.549115
0.562058
0.575232
0.588736
0.602367
0.61601
0.62958
0.642957
0.656164
0.668999
0.681586
0.693869
0.705964
0.718043
0.730041
0.742084
0.753961
0.765523
0.776438
0.787526
0.799231
0.811586
0.823513
0.835239
0.846706
0.858202
0.8696
0.881032
0.892376
0.903717
0.914966
0.926199
0.937329
0.948439
0.959431
0.970399
0.981239
0.992051
1.00273
1.01338
1.0239
1.03435
1.04471
1.05494
1.0651
1.07511
1.08502
1.0948
1.10442
1.11397
1.12329
1.13255
1.14162
1.15053
1.15936
1.16797
1.17658
1.18491
1.19313
1.20108
1.20869
1.21604
1.22285
1.22931
1.23514
1.24036
1.24489
1.24836
1.25084
1.25193
1.2525
1.25269
1.25247
1.25067
1.24823
1.24397
1.24541
0.995785
1.03399
1.04082
1.02091
0.988343
0.94586
0.901099
0.85798
0.825271
0.800674
0.784047
0.770958
0.762178
0.75685
0.756403
0.758654
0.760865
0.76217
0.764136
0.767328
0.771401
0.776096
0.781262
0.786696
0.792291
0.798005
0.803858
0.809826
0.81591
0.822059
0.8283
0.834574
0.840922
0.847284
0.853796
0.860433
0.867409
0.8746
0.882229
0.889984
0.897769
0.905165
0.912846
0.921192
0.930439
0.939737
0.948968
0.958114
0.967306
0.976588
0.985958
0.995423
1.00495
1.01452
1.02414
1.03374
1.04339
1.05302
1.06264
1.07227
1.08184
1.09144
1.10094
1.11047
1.11992
1.12932
1.13869
1.14793
1.15718
1.16624
1.1753
1.1842
1.19302
1.2018
1.21045
1.21917
1.22768
1.23621
1.24447
1.25259
1.2605
1.26811
1.27557
1.28259
1.2894
1.29573
1.30161
1.30704
1.3117
1.3158
1.31884
1.32078
1.32155
1.32196
1.32196
1.32127
1.31891
1.31603
1.31129
1.31193
0.996829
1.04277
1.06363
1.0651
1.05114
1.02913
1.00443
0.981259
0.964203
0.953565
0.947668
0.945057
0.943782
0.94335
0.943733
0.945726
0.947784
0.948657
0.947461
0.94689
0.947071
0.94753
0.948316
0.949149
0.949991
0.9509
0.951892
0.953095
0.95447
0.956098
0.957981
0.960124
0.962572
0.965267
0.968344
0.971718
0.975635
0.979923
0.984834
0.990112
0.995512
1.00077
1.00626
1.0125
1.01962
1.02717
1.03478
1.04243
1.05017
1.05803
1.06605
1.07423
1.08254
1.09102
1.09953
1.10821
1.11686
1.12567
1.13445
1.14331
1.15219
1.16107
1.17
1.17886
1.18778
1.1966
1.20542
1.21419
1.22284
1.23151
1.23999
1.24856
1.25701
1.26546
1.2738
1.28197
1.2901
1.29797
1.3058
1.31333
1.32075
1.32788
1.33475
1.34139
1.34757
1.35351
1.35883
1.36374
1.36792
1.37137
1.37396
1.37519
1.37565
1.37581
1.37564
1.3744
1.3715
1.36801
1.36301
1.36313
0.990942
1.0375
1.0661
1.07786
1.07675
1.06845
1.05848
1.04968
1.04538
1.04514
1.04857
1.05312
1.05796
1.06161
1.06388
1.06565
1.06829
1.07024
1.06983
1.06766
1.06544
1.06369
1.062
1.06049
1.05886
1.05737
1.05578
1.05456
1.05335
1.05269
1.05216
1.0522
1.05254
1.05336
1.05456
1.05619
1.05836
1.06098
1.06427
1.068
1.07195
1.0758
1.07994
1.08476
1.09046
1.09672
1.10318
1.10984
1.11657
1.12353
1.1306
1.13791
1.14538
1.15302
1.16083
1.16873
1.17678
1.18488
1.19309
1.20136
1.20967
1.21807
1.22645
1.23493
1.24335
1.25181
1.26023
1.2686
1.27702
1.28535
1.29377
1.302
1.31026
1.31828
1.32633
1.33414
1.34191
1.34949
1.3569
1.36417
1.37114
1.37798
1.38443
1.39066
1.39648
1.40187
1.40684
1.41111
1.41485
1.41765
1.41956
1.42028
1.42054
1.42045
1.41984
1.41783
1.41448
1.41074
1.40563
1.40556
0.982951
1.0247
1.0529
1.07096
1.07939
1.08153
1.08251
1.08484
1.09021
1.09829
1.10791
1.11829
1.12738
1.13512
1.14009
1.1432
1.14548
1.14806
1.14934
1.14847
1.14559
1.14269
1.13994
1.13736
1.13471
1.13211
1.12943
1.12693
1.12448
1.12242
1.12055
1.11923
1.11815
1.11767
1.11746
1.11792
1.11879
1.1202
1.12224
1.12488
1.1277
1.1306
1.13372
1.13758
1.14226
1.14757
1.15327
1.15923
1.16544
1.1718
1.17842
1.18519
1.19221
1.1994
1.20675
1.21429
1.2219
1.2297
1.23752
1.2455
1.25349
1.26158
1.26972
1.27785
1.28606
1.29419
1.30243
1.31061
1.31882
1.32693
1.335
1.34305
1.35096
1.35888
1.3666
1.37431
1.38181
1.38921
1.39643
1.40342
1.41026
1.41673
1.42303
1.42885
1.43439
1.43935
1.44383
1.44766
1.45073
1.45301
1.4541
1.45448
1.45454
1.4543
1.45303
1.45024
1.44656
1.44257
1.43763
1.43737
0.970483
1.00649
1.03423
1.05348
1.06679
1.07813
1.08823
1.09898
1.1115
1.12528
1.13982
1.15365
1.16641
1.17666
1.1847
1.18981
1.19339
1.19597
1.1986
1.20002
1.19954
1.19707
1.19449
1.19157
1.18878
1.18577
1.18289
1.17984
1.17703
1.17425
1.17183
1.16967
1.16799
1.16667
1.16589
1.16553
1.16572
1.16646
1.16782
1.16977
1.17203
1.17429
1.17689
1.18009
1.18411
1.1887
1.19372
1.19915
1.2048
1.21076
1.21687
1.22324
1.2298
1.23655
1.24352
1.25059
1.2579
1.26526
1.27282
1.28043
1.28818
1.296
1.30387
1.31183
1.31979
1.32784
1.33583
1.34379
1.35173
1.35956
1.36745
1.37515
1.38292
1.39048
1.39805
1.40542
1.41271
1.41982
1.42675
1.43349
1.43993
1.44617
1.45197
1.4575
1.46243
1.46696
1.47078
1.47395
1.47632
1.47768
1.47816
1.47823
1.47808
1.47719
1.47492
1.47158
1.46768
1.46391
1.45929
1.45918
0.953162
0.983818
1.01069
1.03264
1.05121
1.06762
1.08404
1.10105
1.11849
1.13599
1.15322
1.16944
1.18407
1.19675
1.20697
1.2148
1.22052
1.22493
1.22822
1.23101
1.233
1.23347
1.23217
1.22987
1.22719
1.22439
1.22152
1.2186
1.21571
1.21289
1.21027
1.20788
1.20586
1.20421
1.20302
1.20226
1.20205
1.20234
1.20326
1.20479
1.2066
1.20848
1.21067
1.21342
1.21697
1.22098
1.22557
1.2305
1.23585
1.24144
1.2473
1.2534
1.25966
1.26619
1.27282
1.27973
1.2867
1.29391
1.3012
1.30864
1.3162
1.32381
1.33158
1.33935
1.34723
1.35502
1.36289
1.37067
1.37846
1.3862
1.39387
1.40152
1.40903
1.41653
1.42383
1.4311
1.43811
1.44506
1.45171
1.45819
1.46438
1.47024
1.47577
1.48077
1.48536
1.48921
1.49253
1.49492
1.49656
1.49713
1.49726
1.49717
1.49655
1.49475
1.4916
1.48829
1.48438
1.48132
1.47716
1.4775
0.932477
0.959252
0.985449
1.01032
1.03348
1.05539
1.0765
1.09704
1.11735
1.13721
1.15603
1.17366
1.1897
1.20394
1.21627
1.22649
1.23477
1.24139
1.24669
1.25095
1.25408
1.25655
1.25788
1.25776
1.25612
1.25398
1.2516
1.24904
1.24653
1.24393
1.24155
1.23927
1.23736
1.23568
1.23446
1.23359
1.23321
1.23326
1.23395
1.23516
1.23669
1.23828
1.24013
1.24261
1.24572
1.24944
1.25359
1.25825
1.26326
1.2686
1.27424
1.28005
1.28613
1.29233
1.29878
1.30534
1.31212
1.31902
1.32608
1.3333
1.34059
1.34807
1.35555
1.36315
1.3707
1.37831
1.38591
1.39348
1.40107
1.40855
1.41608
1.42343
1.43081
1.43799
1.44513
1.45207
1.45887
1.46547
1.47179
1.47791
1.48363
1.48908
1.49398
1.4985
1.5023
1.50558
1.50795
1.50965
1.51025
1.51038
1.51026
1.50976
1.50795
1.50554
1.50196
1.49894
1.49539
1.49307
1.48961
1.4903
0.912737
0.936866
0.963076
0.989542
1.01601
1.04137
1.06587
1.08907
1.11094
1.13162
1.15124
1.16946
1.18649
1.20194
1.216
1.22826
1.23892
1.24788
1.2556
1.26187
1.26714
1.27111
1.27413
1.27616
1.27736
1.27701
1.2757
1.27405
1.27204
1.26975
1.26764
1.26558
1.26382
1.26219
1.26098
1.25998
1.25948
1.25935
1.25978
1.26075
1.26207
1.26336
1.26502
1.26712
1.26997
1.2733
1.27714
1.28147
1.28614
1.29126
1.29657
1.30224
1.30802
1.31408
1.32026
1.32665
1.33323
1.33995
1.3469
1.35391
1.36119
1.36845
1.37585
1.38325
1.39069
1.39819
1.40563
1.41318
1.42057
1.42807
1.43538
1.44274
1.44991
1.45704
1.46398
1.47078
1.47737
1.4837
1.48977
1.49551
1.50089
1.50578
1.51022
1.51398
1.51718
1.51951
1.52116
1.52175
1.52186
1.52175
1.52114
1.51963
1.51679
1.51394
1.51058
1.50799
1.50524
1.50363
1.50105
1.50214
0.895563
0.918751
0.94542
0.973311
1.00132
1.02844
1.05414
1.07835
1.10109
1.12226
1.14221
1.16097
1.17856
1.19511
1.2104
1.22452
1.23712
1.24835
1.25813
1.26676
1.27407
1.28029
1.28527
1.28914
1.29178
1.29369
1.29447
1.29431
1.29328
1.29162
1.28988
1.28807
1.28653
1.28499
1.28386
1.28282
1.28231
1.28198
1.28231
1.28316
1.28427
1.28554
1.28701
1.28903
1.29168
1.29482
1.29848
1.30254
1.3071
1.31197
1.31726
1.32275
1.32856
1.33452
1.34069
1.34703
1.35349
1.36014
1.36687
1.37382
1.38077
1.38784
1.39492
1.40208
1.40925
1.41645
1.42368
1.43087
1.4381
1.44522
1.45236
1.45934
1.46628
1.47305
1.47968
1.48611
1.4923
1.49823
1.50384
1.50912
1.5139
1.51824
1.5219
1.52502
1.52727
1.52884
1.52938
1.52942
1.52927
1.52862
1.5268
1.52435
1.52111
1.51832
1.51552
1.51357
1.5117
1.51076
1.50903
1.51062
0.882982
0.905771
0.93248
0.960639
0.988898
1.01619
1.04203
1.0662
1.08882
1.11017
1.13023
1.14947
1.16771
1.18521
1.20174
1.21734
1.23175
1.2449
1.25678
1.26734
1.27666
1.28475
1.29157
1.29726
1.3017
1.30506
1.30733
1.30893
1.30966
1.30957
1.30873
1.3076
1.30642
1.30524
1.30433
1.30353
1.30314
1.30295
1.30331
1.30414
1.30532
1.30656
1.30801
1.30995
1.31244
1.31549
1.31894
1.32289
1.32719
1.33193
1.33696
1.3423
1.34788
1.35365
1.35965
1.36575
1.37208
1.3785
1.38514
1.39185
1.39863
1.40551
1.4124
1.4194
1.42638
1.43345
1.44046
1.44751
1.45448
1.46145
1.4683
1.47508
1.48172
1.48818
1.49449
1.50051
1.50631
1.51173
1.51687
1.52147
1.52565
1.52913
1.53206
1.53415
1.53556
1.53597
1.53592
1.53569
1.53488
1.53314
1.53027
1.52741
1.52442
1.52209
1.52008
1.5189
1.51795
1.51765
1.51672
1.51882
0.875697
0.899124
0.925557
0.953014
0.980154
1.00629
1.03092
1.05419
1.07602
1.09691
1.11683
1.13623
1.15489
1.17313
1.19057
1.20739
1.2232
1.23806
1.25159
1.26409
1.27515
1.28522
1.29392
1.30165
1.30808
1.31351
1.3177
1.32097
1.32325
1.32495
1.32601
1.32621
1.32583
1.32531
1.32477
1.32437
1.32419
1.32429
1.32476
1.3257
1.327
1.32826
1.32979
1.33163
1.33407
1.33693
1.34022
1.34391
1.34796
1.35241
1.35716
1.36225
1.3676
1.37319
1.379
1.38498
1.39119
1.3975
1.40401
1.41052
1.41716
1.4238
1.43052
1.43727
1.44401
1.4508
1.45751
1.46429
1.47094
1.47761
1.48412
1.49058
1.49681
1.50294
1.50874
1.51436
1.51953
1.52449
1.52886
1.53283
1.5361
1.53881
1.54068
1.54187
1.54214
1.54201
1.54156
1.54059
1.53846
1.53574
1.53257
1.52995
1.52746
1.52587
1.52468
1.52426
1.52414
1.52437
1.5242
1.52667
0.871583
0.89656
0.922902
0.949322
0.974877
0.999252
1.02223
1.04409
1.06494
1.08512
1.10479
1.12409
1.14306
1.16163
1.17979
1.19735
1.21433
1.23035
1.24547
1.25947
1.27244
1.28432
1.29505
1.30471
1.31322
1.32069
1.32701
1.33229
1.33648
1.33982
1.34237
1.34421
1.34548
1.34607
1.34616
1.34624
1.34632
1.34663
1.34718
1.34823
1.34951
1.35084
1.35235
1.35414
1.35651
1.35922
1.3624
1.36588
1.36977
1.37398
1.37852
1.38342
1.38854
1.394
1.39959
1.40548
1.41148
1.41766
1.42394
1.43024
1.43669
1.44306
1.44963
1.45606
1.46266
1.4691
1.47565
1.48205
1.48847
1.49474
1.50094
1.50698
1.51281
1.51845
1.52375
1.52875
1.53338
1.53758
1.54123
1.5443
1.54669
1.54835
1.54922
1.54937
1.54913
1.54848
1.54722
1.54482
1.54196
1.53887
1.53606
1.53393
1.53215
1.53141
1.53095
1.53128
1.53181
1.53252
1.53304
1.53567
0.867667
0.894765
0.921175
0.946553
0.970535
0.993304
1.0149
1.03565
1.0558
1.07556
1.09511
1.11444
1.13363
1.15257
1.1712
1.18944
1.20717
1.22418
1.24046
1.25583
1.27033
1.28379
1.29631
1.30777
1.31821
1.32763
1.33594
1.34321
1.34937
1.35442
1.35865
1.36206
1.36455
1.36625
1.36764
1.36847
1.36894
1.36944
1.37001
1.37097
1.37213
1.37342
1.37475
1.37646
1.3786
1.38118
1.38412
1.38734
1.39098
1.39488
1.39921
1.4038
1.40873
1.41394
1.41934
1.42506
1.43085
1.4369
1.44291
1.44913
1.45529
1.46159
1.46786
1.47418
1.4805
1.48677
1.49306
1.4992
1.50537
1.5113
1.51721
1.52279
1.52827
1.53334
1.53817
1.54254
1.54657
1.54996
1.55283
1.55493
1.5564
1.55694
1.55696
1.55661
1.55575
1.55413
1.55156
1.5484
1.54547
1.5425
1.54053
1.53875
1.53813
1.53778
1.53832
1.53905
1.54003
1.54123
1.5423
1.545
0.862675
0.891924
0.918345
0.942715
0.965428
0.986972
1.00768
1.02785
1.04773
1.06739
1.08701
1.10653
1.12595
1.14523
1.16423
1.18299
1.2013
1.21905
1.23621
1.25266
1.26835
1.28317
1.29716
1.31017
1.32228
1.33329
1.34331
1.35228
1.36015
1.36693
1.37262
1.37747
1.38146
1.38442
1.38667
1.38826
1.38957
1.39049
1.39127
1.39205
1.3931
1.39417
1.39536
1.39686
1.39876
1.40108
1.4037
1.40667
1.41
1.41364
1.41771
1.42203
1.42678
1.43171
1.43702
1.4425
1.44821
1.454
1.45992
1.4659
1.47194
1.47803
1.48413
1.49026
1.49635
1.50245
1.50846
1.51442
1.52022
1.52593
1.53136
1.53666
1.54154
1.5462
1.55034
1.55421
1.55737
1.56005
1.56189
1.56313
1.56345
1.56329
1.56279
1.56178
1.55962
1.55685
1.55342
1.55055
1.54758
1.54562
1.54393
1.5433
1.54314
1.54367
1.5445
1.54555
1.54716
1.54918
1.55085
1.55348
0.855054
0.885742
0.912066
0.935729
0.95776
0.978797
0.999275
1.01945
1.03947
1.05938
1.07926
1.09907
1.1188
1.13839
1.15777
1.1769
1.19569
1.21416
1.23205
1.24932
1.26591
1.28176
1.29682
1.31102
1.32434
1.33676
1.34822
1.35867
1.36802
1.3764
1.38356
1.38984
1.39517
1.39961
1.40291
1.40553
1.40745
1.40894
1.41005
1.41099
1.41193
1.41284
1.41394
1.41523
1.41685
1.41881
1.42109
1.42378
1.42675
1.43017
1.43386
1.43798
1.44238
1.44714
1.45218
1.45745
1.46295
1.46853
1.47432
1.4801
1.48606
1.49195
1.49796
1.50387
1.50986
1.51569
1.52154
1.52717
1.53274
1.53801
1.54315
1.54786
1.55232
1.55627
1.55991
1.5629
1.56533
1.567
1.56798
1.56819
1.56799
1.56733
1.56601
1.56346
1.56063
1.55709
1.55421
1.55127
1.54933
1.54771
1.54708
1.54701
1.54754
1.54825
1.54938
1.55098
1.55328
1.55582
1.55783
1.56042
0.836743
0.869981
0.89744
0.921825
0.944596
0.966455
0.987723
1.00859
1.02924
1.04969
1.07005
1.09027
1.1104
1.13035
1.15014
1.16967
1.18896
1.20791
1.22635
1.2443
1.2616
1.27833
1.29427
1.30954
1.32396
1.33753
1.35023
1.36193
1.37272
1.3824
1.39104
1.39851
1.40501
1.4107
1.4153
1.41895
1.42172
1.42388
1.4254
1.42657
1.42747
1.42836
1.42929
1.43038
1.43173
1.43333
1.43534
1.43763
1.44035
1.44342
1.44685
1.45069
1.45482
1.45937
1.46412
1.46925
1.47445
1.47998
1.48552
1.4913
1.49704
1.50293
1.50876
1.51465
1.52045
1.52621
1.53184
1.53733
1.54259
1.54763
1.5523
1.55666
1.5605
1.56398
1.56685
1.56908
1.57059
1.57129
1.57139
1.57117
1.5703
1.56861
1.56569
1.56277
1.55926
1.5564
1.55357
1.55166
1.55018
1.54955
1.54962
1.55013
1.55088
1.55197
1.55379
1.55604
1.55884
1.56174
1.56403
1.56669
0.805944
0.841409
0.870645
0.89718
0.922258
0.946401
0.969853
0.992539
1.01467
1.03636
1.0577
1.07875
1.09954
1.1201
1.14039
1.16044
1.18021
1.19967
1.21866
1.23715
1.25511
1.27247
1.2892
1.30522
1.3205
1.33499
1.34863
1.36137
1.3732
1.384
1.39383
1.40252
1.41015
1.41679
1.42253
1.42699
1.43052
1.43315
1.43511
1.43662
1.43783
1.43885
1.43978
1.44078
1.44187
1.44322
1.44484
1.44682
1.44918
1.45192
1.45508
1.45862
1.46256
1.46684
1.47147
1.47633
1.48147
1.48677
1.49228
1.49786
1.50359
1.5093
1.51508
1.52079
1.52648
1.53203
1.53749
1.54272
1.54774
1.55241
1.55676
1.56058
1.56404
1.56689
1.56909
1.57054
1.57129
1.57147
1.57128
1.57024
1.56833
1.56528
1.56228
1.55889
1.55611
1.55345
1.55157
1.55025
1.54963
1.5498
1.55035
1.55108
1.5523
1.55401
1.55656
1.55921
1.56234
1.56542
1.56794
1.57059
0.767828
0.804237
0.835118
0.863686
0.890982
0.91733
0.942774
0.967546
0.99157
1.01502
1.03784
1.06024
1.08216
1.10373
1.1249
1.14578
1.16622
1.18634
1.20597
1.22506
1.24356
1.26152
1.27886
1.29557
1.31155
1.32682
1.34118
1.35479
1.36736
1.37911
1.38973
1.39944
1.40799
1.41554
1.4222
1.42796
1.43266
1.43643
1.43949
1.44178
1.44353
1.4448
1.44589
1.4468
1.44779
1.44888
1.45025
1.4519
1.45395
1.45637
1.45924
1.46249
1.46616
1.47017
1.47454
1.47915
1.48407
1.48917
1.4945
1.49993
1.50549
1.51108
1.5167
1.52229
1.52781
1.5332
1.53844
1.54342
1.54816
1.55244
1.55638
1.5597
1.5627
1.56482
1.56635
1.56702
1.56743
1.56721
1.56579
1.56364
1.56062
1.5577
1.55452
1.55184
1.54943
1.54761
1.54647
1.54594
1.54615
1.54671
1.54754
1.54869
1.5506
1.55291
1.55581
1.55878
1.56211
1.56541
1.56805
1.57081
0.730858
0.766634
0.798664
0.828827
0.85775
0.885579
0.912452
0.93844
0.963649
0.988115
1.012
1.03527
1.05809
1.0804
1.10232
1.1238
1.14492
1.16565
1.18603
1.20584
1.22508
1.24372
1.2617
1.27899
1.29555
1.31132
1.32638
1.34055
1.354
1.3665
1.37815
1.38885
1.39853
1.40723
1.41492
1.42184
1.42766
1.43256
1.43656
1.43978
1.44237
1.44436
1.44599
1.44727
1.44851
1.44969
1.45107
1.45263
1.45452
1.45675
1.45936
1.46239
1.4658
1.46958
1.47366
1.47804
1.4827
1.4876
1.49271
1.49797
1.50335
1.50878
1.51424
1.51965
1.52496
1.53012
1.53505
1.53971
1.54397
1.5478
1.55109
1.55394
1.55595
1.55738
1.55818
1.55862
1.55812
1.55641
1.55423
1.55129
1.54847
1.54553
1.54295
1.54078
1.53908
1.53809
1.53773
1.53801
1.53868
1.53947
1.54078
1.54253
1.54506
1.5477
1.55086
1.55401
1.5575
1.5609
1.56367
1.56643
0.696151
0.729584
0.761369
0.792297
0.822335
0.851429
0.879576
0.906835
0.933261
0.958888
0.983781
1.008
1.03159
1.05463
1.07715
1.09917
1.12072
1.14186
1.16256
1.18268
1.20216
1.22111
1.23942
1.25721
1.27434
1.29088
1.30673
1.32183
1.33616
1.34957
1.36219
1.3738
1.38461
1.39445
1.40336
1.4115
1.41887
1.42527
1.43068
1.43521
1.43891
1.44185
1.44426
1.44616
1.44786
1.44929
1.45081
1.45225
1.45401
1.4559
1.45817
1.46071
1.46363
1.4669
1.47044
1.47438
1.47849
1.48296
1.4875
1.49234
1.49719
1.50219
1.50716
1.51211
1.51695
1.52157
1.52601
1.52998
1.53369
1.53668
1.53943
1.54123
1.54274
1.5436
1.5439
1.54304
1.54113
1.53888
1.53613
1.53335
1.53069
1.52824
1.52631
1.52485
1.52401
1.52385
1.52431
1.52499
1.526
1.52724
1.52927
1.5316
1.53451
1.53743
1.54085
1.54419
1.54786
1.55139
1.55426
1.55705
0.660697
0.692499
0.722929
0.753099
0.782992
0.812441
0.841261
0.869359
0.896679
0.923233
0.949043
0.974171
0.998614
1.02245
1.04564
1.06828
1.09034
1.11195
1.13303
1.15381
1.17395
1.19363
1.21265
1.23116
1.24892
1.2661
1.28249
1.29823
1.31329
1.32766
1.34142
1.35445
1.36682
1.37835
1.38901
1.39874
1.40752
1.41539
1.4221
1.42792
1.43272
1.43676
1.43998
1.44266
1.44475
1.44654
1.44805
1.44948
1.45095
1.45253
1.45436
1.4564
1.45886
1.46151
1.46461
1.46787
1.4716
1.47546
1.47972
1.48402
1.48863
1.49319
1.49787
1.50242
1.50679
1.51099
1.51471
1.51809
1.52077
1.52295
1.52448
1.52562
1.52617
1.52581
1.52429
1.52209
1.51958
1.51677
1.51389
1.51127
1.50884
1.50695
1.50557
1.5048
1.50471
1.50525
1.50615
1.5071
1.50851
1.51041
1.51293
1.51565
1.51876
1.52194
1.52549
1.529
1.53277
1.5364
1.53934
1.54218
0.626962
0.657986
0.686762
0.715365
0.744114
0.772837
0.801299
0.829322
0.856867
0.883784
0.910134
0.935793
0.960859
0.985257
1.00911
1.03236
1.05515
1.07741
1.09923
1.12062
1.14143
1.16165
1.18132
1.20043
1.21901
1.23709
1.25463
1.27165
1.28811
1.30388
1.31902
1.33327
1.34675
1.3592
1.3708
1.38132
1.39102
1.39985
1.40775
1.41476
1.4208
1.426
1.43024
1.43372
1.4364
1.43856
1.4402
1.44159
1.44287
1.4441
1.44557
1.44713
1.44914
1.45126
1.45399
1.45673
1.4601
1.46339
1.46732
1.47112
1.47544
1.4795
1.48383
1.4878
1.4917
1.49514
1.4982
1.50069
1.50273
1.50433
1.5055
1.50579
1.50506
1.50363
1.50138
1.49893
1.49617
1.49337
1.4908
1.48836
1.48654
1.48511
1.48439
1.4843
1.48491
1.48572
1.48684
1.48811
1.49018
1.49244
1.49535
1.49819
1.50156
1.50482
1.50857
1.51213
1.51605
1.51967
1.52272
1.52549
0.606601
0.634265
0.659278
0.684717
0.710968
0.737828
0.764831
0.791736
0.818357
0.844615
0.87049
0.895959
0.921013
0.945638
0.969788
0.99345
1.0166
1.03926
1.06146
1.08327
1.10469
1.12564
1.14626
1.16633
1.18604
1.20513
1.22372
1.24162
1.25888
1.27535
1.29109
1.30606
1.32031
1.33382
1.3466
1.35855
1.36976
1.38006
1.3896
1.39801
1.40542
1.41176
1.41707
1.42146
1.42504
1.42793
1.43022
1.43208
1.43359
1.43495
1.43625
1.43759
1.43908
1.44072
1.44265
1.44476
1.44726
1.44998
1.45308
1.45633
1.45982
1.46338
1.46694
1.47048
1.47381
1.47685
1.47954
1.48181
1.48375
1.48474
1.48491
1.48402
1.48261
1.48039
1.47809
1.47524
1.47255
1.46991
1.46754
1.46575
1.46427
1.46358
1.46336
1.46394
1.46484
1.4658
1.46719
1.46885
1.47132
1.47371
1.47683
1.47964
1.48322
1.48637
1.49034
1.49373
1.49782
1.50129
1.50439
1.50698
0.594419
0.619627
0.641033
0.663114
0.686615
0.711105
0.736081
0.761249
0.786469
0.811627
0.836623
0.861406
0.88586
0.909982
0.933743
0.957183
0.98032
1.00325
1.02593
1.04845
1.07065
1.09251
1.11388
1.13472
1.155
1.17467
1.19377
1.21227
1.2302
1.24756
1.2644
1.2806
1.29616
1.31105
1.32519
1.3385
1.35095
1.36249
1.37309
1.38268
1.39132
1.39895
1.40563
1.41132
1.41609
1.41995
1.42304
1.42544
1.42729
1.42871
1.42987
1.43084
1.43183
1.4329
1.4342
1.43573
1.43753
1.43967
1.442
1.44462
1.44721
1.44987
1.45248
1.45479
1.45703
1.45889
1.46073
1.46156
1.46212
1.46153
1.46037
1.45864
1.45615
1.45363
1.45048
1.44769
1.44475
1.44236
1.4403
1.43878
1.43796
1.43762
1.43806
1.43895
1.43984
1.4411
1.44263
1.44493
1.44724
1.45019
1.45306
1.45628
1.45972
1.46305
1.46692
1.4703
1.47431
1.47755
1.4806
1.48278
0.58139
0.606349
0.626097
0.646175
0.667698
0.690338
0.713626
0.737217
0.761009
0.784848
0.80871
0.832533
0.856339
0.880096
0.903867
0.927551
0.951151
0.974553
0.997693
1.02049
1.043
1.06508
1.08675
1.10795
1.1287
1.14904
1.16889
1.1883
1.20719
1.22553
1.24329
1.2604
1.27682
1.29254
1.30747
1.32165
1.33498
1.34754
1.3592
1.37004
1.37992
1.38884
1.39677
1.40367
1.40953
1.41436
1.41828
1.42132
1.42365
1.42527
1.4265
1.42737
1.42811
1.42884
1.4297
1.43082
1.43213
1.43369
1.43533
1.43707
1.4387
1.44022
1.44165
1.44293
1.44365
1.44386
1.44359
1.44268
1.44069
1.43859
1.43552
1.43243
1.42879
1.42519
1.42167
1.41828
1.41556
1.41309
1.41143
1.41026
1.40978
1.40999
1.41075
1.41179
1.4128
1.41435
1.41616
1.4187
1.42113
1.42416
1.42693
1.43034
1.43339
1.43709
1.44038
1.4442
1.44766
1.45126
1.45397
1.45647
0.572693
0.59643
0.614792
0.633617
0.653908
0.675282
0.697232
0.719482
0.741926
0.764591
0.787501
0.810684
0.834121
0.85769
0.881343
0.904907
0.928356
0.951576
0.974604
0.997358
1.01996
1.04225
1.06429
1.08594
1.10722
1.12806
1.14841
1.16828
1.18758
1.20635
1.22454
1.24216
1.25918
1.27561
1.29137
1.30648
1.32085
1.33444
1.34721
1.35917
1.37023
1.3803
1.38942
1.3974
1.40431
1.41014
1.41483
1.41855
1.42138
1.42345
1.42495
1.42608
1.42689
1.4275
1.42812
1.42886
1.42969
1.43055
1.43136
1.432
1.43251
1.43276
1.43276
1.43235
1.43135
1.42992
1.42787
1.42522
1.42204
1.4183
1.41436
1.41006
1.40599
1.40178
1.39824
1.3948
1.3922
1.39006
1.38859
1.38777
1.38753
1.38798
1.38883
1.38963
1.3908
1.39229
1.39438
1.39674
1.39915
1.40202
1.40468
1.40791
1.41085
1.41441
1.41763
1.42151
1.42489
1.42892
1.43154
1.43488
0.564278
0.587328
0.605224
0.623753
0.643807
0.664782
0.686164
0.707763
0.729627
0.75181
0.77431
0.797082
0.82007
0.843147
0.866273
0.889334
0.912367
0.935262
0.95811
0.98078
1.0034
1.02573
1.04783
1.06952
1.09084
1.11171
1.13212
1.15211
1.17161
1.1907
1.20928
1.22737
1.24495
1.26194
1.27832
1.29407
1.30915
1.3235
1.33717
1.35004
1.36206
1.37311
1.38322
1.39214
1.40008
1.40681
1.41254
1.41728
1.42101
1.42404
1.4262
1.42775
1.42873
1.42919
1.42957
1.42987
1.42997
1.42971
1.42939
1.42874
1.42792
1.42672
1.42522
1.42329
1.42095
1.41809
1.4147
1.41077
1.40641
1.40162
1.3969
1.39184
1.38744
1.38294
1.37932
1.37607
1.37355
1.37167
1.37037
1.36985
1.36986
1.37046
1.37126
1.37211
1.37337
1.37489
1.377
1.37904
1.38153
1.38392
1.38673
1.38962
1.39268
1.39619
1.39953
1.4037
1.40725
1.41173
1.41455
1.4184
0.559153
0.581539
0.599211
0.617833
0.638077
0.659112
0.680584
0.702258
0.724122
0.74616
0.768418
0.790818
0.813298
0.835802
0.858323
0.880872
0.903461
0.926023
0.948562
0.970937
0.993181
1.01515
1.03687
1.05825
1.07932
1.10008
1.12047
1.14059
1.16025
1.1796
1.19845
1.21688
1.2348
1.2522
1.2691
1.28545
1.30124
1.31636
1.33088
1.34454
1.3574
1.3693
1.38021
1.39015
1.39908
1.40697
1.41383
1.41963
1.42452
1.42838
1.43127
1.43335
1.43419
1.43452
1.43472
1.43454
1.43391
1.43273
1.43124
1.42963
1.42757
1.42524
1.42242
1.41915
1.41539
1.41109
1.40636
1.40106
1.39563
1.38989
1.38434
1.37893
1.37399
1.36949
1.36577
1.36251
1.3601
1.35831
1.35705
1.35655
1.35657
1.35701
1.35744
1.35804
1.35905
1.36042
1.36224
1.3641
1.36642
1.36872
1.37159
1.37444
1.37791
1.38142
1.38535
1.38948
1.39357
1.39804
1.40106
1.40491
0.555378
0.577019
0.594506
0.613565
0.634473
0.656217
0.67817
0.70008
0.721982
0.74389
0.765801
0.787734
0.809695
0.83175
0.853854
0.876005
0.898129
0.920203
0.942141
0.963971
0.985646
1.00719
1.02855
1.04974
1.07068
1.09143
1.11181
1.13199
1.15168
1.17114
1.19008
1.20876
1.22693
1.24477
1.26212
1.279
1.2953
1.31105
1.32606
1.34038
1.35396
1.36672
1.37866
1.38961
1.39964
1.40867
1.41664
1.42363
1.42936
1.43408
1.43751
1.43992
1.4409
1.44127
1.4413
1.4411
1.43996
1.43812
1.43582
1.43314
1.43001
1.42646
1.42233
1.41774
1.41253
1.40695
1.40086
1.39451
1.38807
1.38158
1.37549
1.36966
1.36451
1.35993
1.35609
1.35294
1.35055
1.34868
1.34752
1.34693
1.34673
1.34688
1.34707
1.34745
1.3483
1.34957
1.35124
1.3531
1.35546
1.35792
1.36098
1.36404
1.36773
1.37139
1.37557
1.37969
1.38396
1.38815
1.39124
1.39462
0.560715
0.581308
0.597941
0.616678
0.637392
0.65884
0.680285
0.701642
0.722927
0.74426
0.765599
0.787087
0.808665
0.830348
0.852069
0.873776
0.895411
0.916995
0.938469
0.959907
0.981261
1.00257
1.02376
1.0448
1.06561
1.08621
1.10644
1.12648
1.14606
1.16551
1.18443
1.20324
1.22152
1.23965
1.25721
1.27448
1.29117
1.30742
1.32301
1.33805
1.35235
1.36591
1.37877
1.39066
1.40178
1.41173
1.4207
1.42843
1.43493
1.44022
1.44418
1.44702
1.44821
1.44865
1.44871
1.44848
1.44714
1.4446
1.4417
1.43797
1.43386
1.42905
1.42369
1.41778
1.41127
1.40443
1.39718
1.38997
1.38268
1.37578
1.36927
1.36332
1.35811
1.35348
1.34969
1.34647
1.34397
1.34199
1.34068
1.33982
1.33952
1.33941
1.33925
1.33966
1.34058
1.3419
1.34368
1.34568
1.34823
1.35087
1.3541
1.35734
1.3611
1.36484
1.36895
1.37302
1.37718
1.3812
1.38423
1.38739
0.570715
0.589773
0.604743
0.622128
0.641683
0.662168
0.682794
0.703527
0.724291
0.745294
0.76642
0.787719
0.80913
0.830585
0.852097
0.873553
0.894965
0.916319
0.937571
0.958769
0.979833
1.00077
1.0215
1.04206
1.06238
1.08253
1.10244
1.1222
1.14167
1.16106
1.18003
1.19897
1.2174
1.23576
1.25354
1.27118
1.28818
1.30497
1.32109
1.33676
1.35178
1.36605
1.37964
1.39224
1.40407
1.41471
1.42437
1.43282
1.44002
1.4461
1.45076
1.45416
1.4558
1.45638
1.4566
1.45643
1.455
1.45212
1.44845
1.44388
1.43865
1.43267
1.42604
1.41881
1.41111
1.40309
1.39492
1.38684
1.37904
1.37169
1.36495
1.35888
1.35356
1.34894
1.34507
1.34182
1.33927
1.33718
1.33584
1.33492
1.3346
1.33431
1.3342
1.33472
1.33575
1.33718
1.3391
1.34112
1.34374
1.34638
1.34954
1.35279
1.35636
1.36012
1.36399
1.36815
1.37209
1.37629
1.37919
1.38259
0.557129
0.57722
0.592951
0.611066
0.631379
0.652793
0.674389
0.696102
0.717677
0.739338
0.760957
0.78254
0.804168
0.825688
0.847276
0.868763
0.890231
0.911578
0.932777
0.953806
0.97456
0.995239
1.01562
1.03599
1.0561
1.07617
1.09603
1.11579
1.13536
1.15481
1.17407
1.19318
1.21202
1.23075
1.24906
1.26728
1.2849
1.30234
1.31906
1.33533
1.35102
1.36584
1.38015
1.39335
1.40582
1.41718
1.42754
1.43675
1.44477
1.45156
1.45703
1.46108
1.4633
1.46414
1.4646
1.4645
1.46298
1.45975
1.4552
1.44975
1.4433
1.43623
1.4284
1.42016
1.41148
1.40267
1.39386
1.38526
1.37705
1.36942
1.36236
1.35612
1.3505
1.34569
1.34156
1.33811
1.33534
1.33317
1.33171
1.33088
1.33052
1.33031
1.33052
1.3312
1.33255
1.33412
1.33629
1.33841
1.34121
1.34386
1.34701
1.35029
1.3537
1.35753
1.36123
1.36551
1.3693
1.37368
1.37651
1.38012
0.542051
0.562685
0.579022
0.597856
0.618977
0.641212
0.66357
0.685892
0.707963
0.729955
0.75185
0.773623
0.795466
0.817161
0.838946
0.860582
0.882179
0.903598
0.924862
0.945942
0.966826
0.987622
1.00815
1.02869
1.04897
1.06924
1.08929
1.10932
1.12914
1.14895
1.16856
1.18811
1.20746
1.22668
1.24555
1.26427
1.2824
1.30029
1.31752
1.33413
1.35029
1.3654
1.3801
1.39375
1.40669
1.41866
1.42976
1.43964
1.44867
1.45618
1.46252
1.46725
1.47004
1.47113
1.47177
1.47165
1.46998
1.46636
1.46117
1.45477
1.44737
1.43924
1.43042
1.42133
1.41194
1.40263
1.39349
1.38465
1.37633
1.36848
1.36126
1.3547
1.34878
1.34354
1.33906
1.33516
1.33212
1.32977
1.32811
1.32734
1.32711
1.32706
1.32742
1.32835
1.33014
1.33188
1.3344
1.33665
1.33964
1.34233
1.34565
1.34891
1.35238
1.35627
1.35993
1.36429
1.36805
1.37253
1.37537
1.37904
0.539124
0.558265
0.57344
0.591526
0.612176
0.634067
0.656154
0.678251
0.700187
0.722077
0.743956
0.765739
0.787641
0.809391
0.831262
0.85298
0.874705
0.896237
0.917697
0.938917
0.960002
0.980919
1.00159
1.02218
1.04255
1.06291
1.08318
1.10353
1.12379
1.14415
1.16431
1.1845
1.20433
1.22407
1.24324
1.26222
1.28048
1.29839
1.3157
1.33235
1.34869
1.36408
1.3792
1.39337
1.40696
1.41958
1.43148
1.44197
1.45175
1.45981
1.46674
1.47189
1.47502
1.47622
1.47684
1.47667
1.47487
1.47091
1.46523
1.45809
1.44996
1.44097
1.43142
1.42162
1.41169
1.402
1.39255
1.38359
1.37513
1.36726
1.35995
1.35335
1.34728
1.34196
1.3373
1.33327
1.33013
1.32766
1.32597
1.32522
1.32494
1.32485
1.32525
1.32626
1.32813
1.32988
1.33244
1.33471
1.33778
1.34047
1.34391
1.34713
1.35074
1.35469
1.35841
1.36287
1.3667
1.37123
1.37409
1.37778
0.569437
0.584688
0.596615
0.612068
0.630597
0.650774
0.671585
0.692773
0.714063
0.735425
0.75693
0.778458
0.800225
0.82186
0.843592
0.86508
0.886578
0.907802
0.928965
0.949685
0.970096
0.990028
1.00957
1.02887
1.04801
1.0672
1.08649
1.106
1.12561
1.14542
1.1651
1.18486
1.20416
1.22344
1.24201
1.26047
1.27827
1.29572
1.31281
1.32922
1.34554
1.361
1.37627
1.3907
1.40457
1.41754
1.42975
1.44063
1.45065
1.45904
1.4661
1.47149
1.47463
1.47584
1.47634
1.47615
1.47427
1.47005
1.46389
1.4563
1.44763
1.43803
1.42803
1.41766
1.40748
1.39746
1.38796
1.37895
1.37058
1.36279
1.35573
1.34924
1.34354
1.3384
1.33405
1.33034
1.32732
1.32512
1.32362
1.32281
1.32249
1.32249
1.32295
1.32395
1.32571
1.32758
1.3302
1.33258
1.33581
1.33868
1.34237
1.34584
1.34971
1.35401
1.35794
1.36278
1.36681
1.37164
1.37468
1.37863
0.543776
0.562248
0.576754
0.594176
0.614281
0.635674
0.657505
0.679477
0.701428
0.723299
0.745254
0.767107
0.789068
0.810813
0.832591
0.854158
0.875761
0.897153
0.918498
0.939458
0.960185
0.980505
1.00052
1.0204
1.04018
1.06009
1.0801
1.10034
1.12063
1.14108
1.16135
1.18162
1.20145
1.22117
1.24023
1.25917
1.27741
1.29541
1.31291
1.32987
1.34667
1.36258
1.37835
1.39319
1.40748
1.42081
1.43337
1.44451
1.45484
1.46346
1.47074
1.47637
1.47966
1.48104
1.48159
1.48145
1.47958
1.47534
1.46907
1.46126
1.45236
1.44245
1.43218
1.42155
1.41116
1.40094
1.39124
1.38202
1.37341
1.36538
1.35804
1.35126
1.34526
1.33984
1.33523
1.33127
1.32808
1.32569
1.32404
1.32312
1.32268
1.32255
1.32283
1.32373
1.3254
1.32708
1.32952
1.33174
1.33481
1.33752
1.34109
1.34437
1.34818
1.35228
1.35615
1.36081
1.36475
1.36944
1.37238
1.37619
)
;

boundaryField
{
    inlet
    {
        type            calculated;
        value           uniform 3.00001;
    }
    outlet
    {
        type            calculated;
        value           nonuniform List<scalar> 
40
(
0.935339
1.04709
1.15747
1.24541
1.31193
1.36313
1.40556
1.43737
1.45918
1.4775
1.4903
1.50214
1.51062
1.51882
1.52667
1.53567
1.545
1.55348
1.56042
1.56669
1.57059
1.57081
1.56643
1.55705
1.54218
1.52549
1.50698
1.48278
1.45647
1.43488
1.4184
1.40491
1.39462
1.38739
1.38259
1.38012
1.37904
1.37778
1.37863
1.37619
)
;
    }
    bottom
    {
        type            symmetryPlane;
    }
    top
    {
        type            symmetryPlane;
    }
    obstacle
    {
        type            calculated;
        value           uniform 0;
    }
    defaultFaces
    {
        type            empty;
    }
}


// ************************************************************************* //
