/*--------------------------------*- C++ -*----------------------------------*\
| =========                 |                                                 |
| \\      /  F ield         | OpenFOAM: The Open Source CFD Toolbox           |
|  \\    /   O peration     | Version:  2412                                  |
|   \\  /    A nd           | Website:  www.openfoam.com                      |
|    \\/     M anipulation  |                                                 |
\*---------------------------------------------------------------------------*/
FoamFile
{
    version     2.0;
    format      ascii;
    arch        "LSB;label=32;scalar=64";
    class       volScalarField;
    location    "10";
    object      p;
}
// * * * * * * * * * * * * * * * * * * * * * * * * * * * * * * * * * * * * * //

dimensions      [1 -1 -2 0 0 0 0];

internalField   nonuniform List<scalar> 
5250
(
1.00001
1.00005
1.00013
1.00039
1.00081
1.00228
1.00462
1.0134
1.02599
1.08339
1.15296
1.54556
2.25233
4.87266
10.8599
11.0801
10.964
10.9739
11.0844
11.3284
11.537
11.6745
11.7873
11.8766
11.9456
1.00001
1.00005
1.00013
1.00038
1.00079
1.00225
1.00454
1.01322
1.02538
1.08279
1.1501
1.54053
2.23709
4.83113
10.7848
11.0692
10.9557
10.966
11.0761
11.319
11.5271
11.6653
11.7797
11.8704
11.9409
1.00001
1.00005
1.00012
1.00037
1.00076
1.00217
1.00434
1.01289
1.02401
1.08169
1.14399
1.5304
2.20485
4.74328
10.6163
11.044
10.9336
10.9417
11.0468
11.2831
11.4888
11.6253
11.7387
11.828
11.8981
1.00001
1.00005
1.00012
1.00035
1.00072
1.00206
1.00409
1.01241
1.02245
1.07955
1.13616
1.51532
2.15151
4.61667
10.3469
11.0086
10.9006
10.9023
10.9966
11.2206
11.4225
11.5543
11.6636
11.7499
11.8198
1.00001
1.00005
1.00011
1.00033
1.00068
1.00194
1.00382
1.01177
1.02086
1.07619
1.12717
1.49518
2.07684
4.45216
9.96774
10.9689
10.8629
10.8447
10.929
11.1373
11.3317
11.4562
11.5589
11.6403
11.7106
1.00001
1.00004
1.0001
1.0003
1.00063
1.00181
1.00354
1.011
1.0193
1.0714
1.11718
1.46776
1.98638
4.23988
9.46392
10.9366
10.8259
10.7696
10.8434
11.033
11.2144
11.3266
11.418
11.4911
11.5609
1.00001
1.00004
1.0001
1.00028
1.00058
1.00166
1.00326
1.01013
1.01775
1.06574
1.10746
1.429
1.89236
3.96637
8.816
10.9273
10.7962
10.6804
10.741
10.9058
11.0687
11.1621
11.2332
11.287
11.349
1.00001
1.00004
1.00009
1.00025
1.00053
1.00151
1.00296
1.00916
1.01609
1.05941
1.09689
1.38463
1.79464
3.63289
8.007
10.9399
10.7756
10.5786
10.6235
10.7567
10.8925
10.9567
10.9946
11.0106
11.0449
1
1.00003
1.00008
1.00023
1.00048
1.00136
1.0027
1.00812
1.01481
1.05183
1.0865
1.33493
1.68555
3.26221
7.04556
10.974
10.7652
10.4697
10.4932
10.5846
10.6839
10.705
10.6887
10.6263
10.5684
1
1.00003
1.00007
1.0002
1.0004
1.00115
1.00227
1.00695
1.01234
1.04438
1.07287
1.28231
1.56817
2.87141
5.96221
10.9469
10.7357
10.3688
10.3487
10.3904
10.4371
10.4101
10.309
10.0843
9.75485
1
1.00002
1.00007
1.00015
1.00044
1.00089
1.00253
1.0051
1.01496
1.02873
1.09293
1.17491
1.60239
2.40234
5.13119
10.6928
10.6094
10.2918
10.1724
10.1785
10.1642
10.0718
9.8185
9.2491
7.8407
1
1.00002
1.00005
1.00015
1.00032
1.0009
1.00182
1.0052
1.01022
1.03155
1.05677
1.20299
1.38022
2.36056
4.34909
10.0014
10.354
10.1835
9.99522
9.95551
9.88089
9.70414
9.32005
8.57149
7.15654
1
1.00002
1.00005
1.00013
1.00028
1.00078
1.0016
1.00451
1.00904
1.02678
1.0503
1.17028
1.31924
2.15131
3.76399
8.81472
10.1684
10.0608
9.83496
9.72403
9.60175
9.35489
8.89945
8.16109
7.06681
1
1.00002
1.00004
1.00011
1.00023
1.00065
1.00132
1.00374
1.00734
1.02251
1.04014
1.14494
1.25403
1.97277
3.24087
7.52971
10.0555
9.95687
9.70332
9.50703
9.33514
9.05491
8.60117
7.93671
7.07488
1
1.00001
1.00003
1.00009
1.0002
1.00055
1.00112
1.00315
1.00634
1.01845
1.03532
1.11566
1.21263
1.76437
2.76751
6.18238
9.97042
9.87651
9.59639
9.31316
9.09962
8.81409
8.38788
7.80364
7.09237
1
1.00001
1.00003
1.00008
1.00016
1.00045
1.00091
1.00257
1.00518
1.01484
1.02938
1.08923
1.17628
1.5722
2.33241
4.82929
9.7147
9.71843
9.51217
9.15339
8.90344
8.62338
8.23687
7.72512
7.11783
1
1.00001
1.00002
1.00006
1.00013
1.00036
1.00073
1.00204
1.00411
1.01179
1.02299
1.0723
1.13269
1.46239
2.04352
4.13434
8.90143
9.47921
9.33858
9.02354
8.75038
8.47865
8.13044
7.68839
7.16672
1
1.00001
1.00002
1.00005
1.0001
1.00028
1.00056
1.00158
1.00312
1.00934
1.01689
1.05903
1.09816
1.37767
1.77014
3.51327
7.40162
9.21726
9.1511
8.93875
8.64657
8.37851
8.06801
7.69104
7.23867
1
1.00001
1.00001
1.00004
1.00008
1.00022
1.00044
1.00123
1.00245
1.00722
1.01338
1.04519
1.07611
1.28795
1.5713
2.87996
5.79645
9.03206
9.05103
8.91261
8.61354
8.33005
8.05099
7.71131
7.33629
1
1
1.00001
1.00002
1.00007
1.00014
1.00041
1.00082
1.00233
1.00469
1.01351
1.02671
1.08104
1.16178
1.51118
2.19041
4.32536
8.5801
9.00684
8.88918
8.61739
8.3318
8.06379
7.76845
7.47341
1
1
1.00001
1.00002
1.00005
1.00011
1.00031
1.00062
1.00175
1.00352
1.01014
1.01958
1.06213
1.113
1.3917
1.86872
3.58103
7.48381
8.88306
8.82592
8.63579
8.3551
8.11075
7.88768
7.66116
1
1
1.00001
1.00002
1.00003
1.0001
1.00019
1.00055
1.0011
1.00314
1.00615
1.01885
1.03377
1.1197
1.21293
1.77076
2.76003
5.95709
8.69015
8.79076
8.67942
8.43332
8.22087
8.06552
7.88999
1
1
1
1.00001
1.00003
1.00006
1.00017
1.00034
1.00095
1.00191
1.00545
1.01059
1.03299
1.05867
1.20599
1.40258
2.28777
4.1227
8.29174
8.83053
8.76875
8.60829
8.43745
8.30044
8.14459
1
1
1
1.00001
1.00002
1.00005
1.0001
1.00029
1.00058
1.00165
1.00321
1.00994
1.01746
1.06255
1.10542
1.39078
1.82993
3.50785
7.19766
8.80563
8.89369
8.83912
8.71168
8.5644
8.40385
1
1
1
1.00001
1.00002
1.00003
1.00009
1.00019
1.00052
1.00105
1.003
1.00586
1.01803
1.0321
1.11426
1.20058
1.73264
2.65861
5.62477
8.69868
9.13229
9.09705
9.00322
8.84733
8.66202
1
1
1
1
1.00001
1.00003
1.00007
1.00014
1.0004
1.00081
1.00229
1.00462
1.01324
1.02632
1.07879
1.1594
1.49546
2.14355
4.19052
8.32691
9.41854
9.40087
9.32193
9.1543
8.9147
1
1
1
1
1.00001
1.00002
1.00004
1.00012
1.00024
1.00068
1.00136
1.00396
1.00745
1.02432
1.04191
1.15382
1.27392
2.01974
3.35213
7.44115
9.63745
9.72953
9.65564
9.46709
9.14386
1
1
1
1
1.00001
1.00001
1.00004
1.00008
1.00021
1.00043
1.00123
1.00234
1.00747
1.01281
1.04711
1.07721
1.29747
1.59485
2.93034
5.89854
9.84269
10.1346
10.0207
9.74403
9.33803
1
1
1
1
1
1.00001
1.00003
1.00007
1.00015
1.00043
1.00087
1.00248
1.005
1.0145
1.02861
1.08838
1.17208
1.56715
2.31759
4.76239
9.76354
10.4748
10.3325
9.98244
9.49999
1
1
1
1
1
1.00001
1.00002
1.00006
1.00012
1.00034
1.00069
1.00196
1.00386
1.01184
1.02127
1.07553
1.13102
1.48276
2.08353
4.28294
9.32596
10.655
10.5257
10.1689
9.62541
1
1
1
1
1
1.00001
1.00002
1.00004
1.00012
1.00025
1.00069
1.0014
1.00407
1.00791
1.02504
1.0442
1.16265
1.29134
2.10523
3.61501
8.46487
10.8476
10.7094
10.3012
9.71433
1
1
1
1
1
1.00001
1.00002
1.00004
1.0001
1.00021
1.0006
1.00121
1.00349
1.00682
1.02146
1.03793
1.13997
1.24659
1.95176
3.21369
7.55561
11.1553
10.9298
10.3541
9.76361
1
1
1
1
1
1.00001
1.00001
1.00004
1.00007
1.0002
1.00041
1.00121
1.00222
1.00752
1.01256
1.04782
1.07824
1.30846
1.63061
3.07583
6.58244
11.5064
11.1452
10.3557
9.79896
1
1
1
1
1
1.00001
1.00001
1.00003
1.00008
1.00017
1.00049
1.00099
1.00282
1.00569
1.01671
1.03221
1.10448
1.19592
1.68804
2.61253
5.78641
11.6574
11.227
10.3596
9.84791
1
1
1
1
1
1
1.00001
1.00003
1.00008
1.00016
1.00045
1.00091
1.00258
1.00521
1.01515
1.02987
1.09325
1.18039
1.6143
2.44663
5.37407
11.483
11.1504
10.399
9.9179
1
1
1
1
1
1
1.00001
1.00002
1.00007
1.00014
1.0004
1.00082
1.00232
1.00467
1.01384
1.02636
1.08723
1.16031
1.57188
2.32806
5.04462
11.1043
10.9934
10.5203
10.011
1
1
1
1
1
1
1.00001
1.00003
1.00005
1.00015
1.00032
1.00089
1.00181
1.00523
1.01027
1.032
1.05764
1.20783
1.39345
2.4204
4.54287
10.7024
10.985
10.6761
10.1076
1
1
1
1
1
1
1.00001
1.00002
1.00005
1.00014
1.00029
1.00082
1.00166
1.00481
1.00949
1.02947
1.05345
1.19238
1.36017
2.32649
4.27076
10.246
11.0237
10.7516
10.1833
1
1
1
1
1
1
1.00001
1.00002
1.00005
1.0001
1.00029
1.00056
1.00176
1.00305
1.01123
1.01812
1.07158
1.11834
1.47772
2.02801
4.33501
9.79431
11.0679
10.8012
10.2289
1
1
1
1
1
1
1.00001
1.00002
1.00004
1.00012
1.00025
1.00072
1.00145
1.00424
1.00827
1.02633
1.04668
1.17321
1.31333
2.19751
3.89174
9.39609
11.1637
10.8733
10.2575
1
1
1
1
1
1
1.00001
1.00002
1.00004
1.00011
1.00023
1.00066
1.00133
1.0039
1.00756
1.02451
1.04297
1.16215
1.2907
2.12859
3.71454
9.02101
11.279
10.9474
10.2666
1
1
1
1
1
1
1.00001
1.00001
1.00004
1.00008
1.00024
1.00045
1.00147
1.00252
1.0094
1.01517
1.0604
1.09924
1.40313
1.84751
3.82786
8.6434
11.3939
11.0123
10.2636
1
1
1
1
1
1
1.00001
1.00002
1.00003
1.00009
1.00019
1.00056
1.00106
1.00349
1.00595
1.02257
1.03676
1.14671
1.25775
2.03619
3.44046
8.33514
11.5507
11.0848
10.2658
1
1
1
1
1
1
1.00001
1.00001
1.00004
1.00008
1.00022
1.00045
1.00133
1.00253
1.0084
1.01427
1.05506
1.09008
1.36479
1.75953
3.53918
7.95871
11.719
11.165
10.2722
1
1
1
1
1
1
1.00001
1.00001
1.00004
1.00008
1.00021
1.00043
1.00127
1.00242
1.00793
1.01351
1.05216
1.0849
1.34606
1.71696
3.41496
7.65236
11.8753
11.2407
10.2863
1
1
1
1
1
1
1.00001
1.00002
1.00003
1.00009
1.00018
1.00053
1.00106
1.00312
1.00601
1.0196
1.03402
1.12945
1.22686
1.89785
3.1174
7.52088
12.0062
11.265
10.2956
1
1
1
1
1
1
1.00001
1.00002
1.00003
1.00009
1.00019
1.00053
1.00108
1.0031
1.00619
1.01883
1.03456
1.12376
1.22017
1.85221
3.026
7.33555
12.0967
11.2704
10.3081
1
1
1
1
1
1
1.00001
1.00002
1.00003
1.00009
1.00018
1.00051
1.00103
1.00297
1.00583
1.01832
1.03248
1.12079
1.21213
1.82936
2.9689
7.1651
12.2697
11.3329
10.3207
1
1
1
1
1
1
1.00001
1.00001
1.00003
1.00007
1.00019
1.00038
1.00113
1.00208
1.00707
1.01175
1.04542
1.07424
1.29856
1.61793
3.0684
6.79823
12.4682
11.5291
10.3765
1
1
1
1
1
1
1.00001
1.00001
1.00003
1.00009
1.00018
1.0005
1.00101
1.0029
1.00578
1.01765
1.03229
1.11559
1.20702
1.79003
2.88969
6.94348
12.4579
11.4366
10.3607
3.89167
3.33967
4.26514
4.34098
4.10169
4.0042
3.96096
3.93961
3.90093
3.85402
3.82371
3.81163
3.80891
3.81131
3.82239
3.84346
3.8774
3.92301
3.97787
4.0398
4.10697
4.17761
4.25036
4.32422
4.39892
4.4721
4.54262
4.60938
4.67215
4.73008
4.78298
4.83131
4.87381
4.91442
4.94976
4.97786
4.99909
5.01442
5.02444
5.02913
5.02901
5.02612
5.01817
5.00362
4.98583
4.96485
4.94071
4.91353
4.88365
4.8511
4.8163
4.77931
4.74045
4.6998
4.65762
4.61399
4.56911
4.5231
4.4761
4.42825
4.37967
4.33049
4.28083
4.23079
4.1805
4.13005
4.07959
4.0292
3.97901
3.92913
3.87966
3.83071
3.78236
3.7347
3.68781
3.64177
3.59664
3.55252
3.50949
3.46764
3.42707
3.38789
3.35024
3.31424
3.28009
3.24797
3.21811
3.19082
3.16646
3.14546
3.12841
3.11599
3.10907
3.10901
3.10986
3.11266
3.11917
3.13251
3.14964
3.16854
4.77973
4.26053
4.39848
4.28931
4.08035
4.01461
4.00323
3.97479
3.91356
3.85379
3.81357
3.79645
3.79401
3.80441
3.81978
3.84125
3.8743
3.9196
3.97408
4.03557
4.10216
4.17212
4.24417
4.31614
4.3912
4.46437
4.53478
4.60116
4.66391
4.72218
4.77548
4.8241
4.86756
4.90739
4.94234
4.97093
4.99258
5.00833
5.01841
5.02335
5.02323
5.0211
5.01436
4.99998
4.98091
4.95981
4.93609
4.90934
4.87964
4.84731
4.8126
4.77578
4.73697
4.69645
4.65434
4.61084
4.56606
4.52016
4.47327
4.42553
4.37706
4.32799
4.27843
4.22849
4.1783
4.12796
4.07759
4.02731
3.97722
3.92744
3.87807
3.82922
3.78097
3.73341
3.68661
3.64066
3.59561
3.55157
3.5086
3.46681
3.42629
3.38718
3.34956
3.31364
3.27954
3.24747
3.21767
3.19044
3.16613
3.14517
3.12814
3.11571
3.10908
3.10922
3.1103
3.11337
3.12023
3.13417
3.15208
3.17437
5.60536
4.84624
4.58739
4.34892
4.14755
4.04376
3.98537
3.93817
3.89707
3.85074
3.81847
3.80591
3.80787
3.81185
3.81891
3.83587
3.86909
3.91443
3.96884
4.03038
4.09716
4.16752
4.24007
4.31339
4.38752
4.4603
4.53059
4.59713
4.6598
4.71784
4.77106
4.81946
4.86293
4.90207
4.93614
4.96426
4.98598
5.00169
5.01172
5.0164
5.01621
5.0144
5.00872
4.99594
4.97548
4.95353
4.92974
4.90327
4.87382
4.84169
4.80712
4.77044
4.73182
4.69146
4.64948
4.60607
4.56137
4.51556
4.46877
4.42113
4.37277
4.32381
4.27437
4.22456
4.1745
4.12429
4.07407
4.02393
3.974
3.92438
3.87519
3.82651
3.77843
3.73104
3.6844
3.6386
3.59373
3.54984
3.50705
3.46544
3.42511
3.38618
3.34866
3.31294
3.27907
3.24721
3.21763
3.19063
3.16659
3.14588
3.12923
3.11715
3.1114
3.11165
3.11299
3.11656
3.1243
3.1399
3.15908
3.18556
6.00173
5.21164
4.76937
4.48572
4.28383
4.1419
4.06201
4.00919
3.95734
3.89844
3.85091
3.82241
3.81227
3.81439
3.82393
3.84549
3.87987
3.92403
3.97701
4.03683
4.10173
4.17034
4.24121
4.31301
4.38536
4.45671
4.52549
4.59081
4.65235
4.70955
4.76207
4.80979
4.8527
4.89095
4.92435
4.95216
4.97381
4.98945
4.99932
5.00368
5.00343
5.0018
4.99698
4.98601
4.96553
4.9427
4.91839
4.89198
4.86291
4.83119
4.79699
4.7606
4.72223
4.68209
4.64035
4.59719
4.55275
4.5072
4.46068
4.41332
4.36524
4.31657
4.26741
4.21788
4.1681
4.11818
4.06823
4.01839
3.96877
3.91948
3.87061
3.82225
3.77451
3.72742
3.68111
3.63563
3.59106
3.54741
3.50489
3.46356
3.42351
3.38486
3.34785
3.31238
3.2788
3.2473
3.21813
3.1916
3.16807
3.14807
3.13207
3.12079
3.11633
3.11677
3.11852
3.12289
3.1321
3.14985
3.17057
3.2011
6.23488
5.50602
5.01258
4.69928
4.48359
4.33172
4.22865
4.1544
4.08054
4.00398
3.94012
3.8976
3.87665
3.87272
3.87479
3.88334
3.90417
3.94601
3.99851
4.05622
4.11818
4.18365
4.25148
4.32053
4.38976
4.45803
4.5241
4.5872
4.6466
4.70185
4.75265
4.79881
4.84033
4.8772
4.90933
4.93633
4.95768
4.97326
4.98315
4.98742
4.98718
4.98574
4.9816
4.97221
4.95328
4.93005
4.9051
4.87847
4.84964
4.81835
4.78461
4.74862
4.71061
4.67081
4.62939
4.58655
4.54243
4.49721
4.45101
4.40397
4.35621
4.30786
4.25902
4.20982
4.16036
4.11077
4.06118
4.01169
3.96245
3.91354
3.86505
3.81712
3.76979
3.72302
3.67707
3.63196
3.58777
3.54467
3.5026
3.46171
3.42211
3.38391
3.3473
3.31237
3.27934
3.24846
3.21998
3.19425
3.17162
3.15259
3.13783
3.12794
3.12551
3.12615
3.12845
3.13395
3.14536
3.1653
3.18762
3.22203
6.41619
5.77563
5.29246
4.95955
4.73447
4.57171
4.452
4.35369
4.2592
4.16497
4.07983
4.01236
3.96626
3.94182
3.93718
3.94057
3.95231
3.97965
4.02987
4.08592
4.14462
4.20555
4.26804
4.33181
4.39597
4.45964
4.52194
4.58165
4.63826
4.69116
4.74002
4.78451
4.82458
4.86015
4.8912
4.91729
4.93818
4.95359
4.96347
4.96769
4.96744
4.9661
4.96235
4.95395
4.93691
4.91417
4.88895
4.86199
4.83314
4.80211
4.76879
4.73326
4.69568
4.65629
4.61526
4.57281
4.52908
4.48425
4.43845
4.39182
4.34448
4.29653
4.24811
4.19932
4.15028
4.10113
4.05199
4.00298
3.95423
3.90583
3.85776
3.81038
3.76361
3.71762
3.6723
3.6278
3.5842
3.54157
3.50002
3.45965
3.42061
3.38303
3.34707
3.31289
3.28068
3.25073
3.2233
3.19876
3.17749
3.16001
3.14697
3.13914
3.13906
3.13999
3.14299
3.14995
3.1643
3.18676
3.21017
3.24759
6.58467
6.03059
5.58491
5.25898
5.02694
4.85487
4.71814
4.59697
4.47938
4.36304
4.2543
4.16201
4.09247
4.04849
4.02776
4.02799
4.032
4.04463
4.07327
4.1232
4.17813
4.23432
4.29106
4.34833
4.40612
4.46397
4.52117
4.57669
4.62981
4.67979
4.72628
4.76861
4.8069
4.8409
4.87062
4.89554
4.91571
4.93076
4.94053
4.94468
4.94443
4.94314
4.93965
4.93195
4.91639
4.89491
4.87013
4.84312
4.81419
4.78328
4.75028
4.7152
4.67813
4.63924
4.59872
4.55675
4.51352
4.46918
4.42388
4.37775
4.3309
4.28346
4.23553
4.18725
4.13873
4.09011
4.04156
3.99314
3.94502
3.8973
3.85019
3.80348
3.75738
3.71195
3.66725
3.62333
3.58031
3.53828
3.49738
3.45772
3.41945
3.38274
3.3477
3.31454
3.28351
3.25488
3.22895
3.20611
3.18677
3.17148
3.1608
3.15648
3.15691
3.15868
3.16315
3.17272
3.19058
3.21503
3.23879
3.2777
6.75462
6.28989
5.89309
5.58152
5.34993
5.16814
5.01133
4.86454
4.72086
4.58103
4.44997
4.33555
4.244
4.17888
4.13949
4.1237
4.12413
4.12825
4.14054
4.1679
4.21376
4.26444
4.31548
4.36643
4.41762
4.46905
4.52032
4.57072
4.61955
4.66604
4.70966
4.74981
4.7862
4.81858
4.84684
4.87043
4.88983
4.90454
4.91414
4.91826
4.91802
4.9168
4.91353
4.90638
4.89197
4.87198
4.84817
4.82156
4.79271
4.76187
4.7291
4.6944
4.65783
4.61948
4.57952
4.53813
4.49546
4.45169
4.40696
4.36139
4.31511
4.26822
4.22087
4.17315
4.12525
4.0772
4.02936
3.98179
3.93456
3.88771
3.84132
3.79538
3.74998
3.70523
3.66121
3.61803
3.57578
3.53458
3.49455
3.45584
3.41861
3.38302
3.34919
3.31741
3.28793
3.26105
3.23712
3.21654
3.19974
3.1873
3.1798
3.17917
3.17997
3.18272
3.18923
3.20272
3.22334
3.24924
3.27254
3.31099
6.94102
6.55616
6.2126
5.92679
5.69086
5.48927
5.30911
5.13638
4.96789
4.80638
4.65676
4.52493
4.41593
4.33281
4.27563
4.24257
4.22792
4.22743
4.22993
4.23883
4.25963
4.29813
4.34054
4.38485
4.42978
4.47493
4.51997
4.56469
4.60853
4.65092
4.69122
4.72879
4.76307
4.79368
4.82039
4.843
4.86136
4.87546
4.88483
4.88891
4.88868
4.88752
4.88442
4.87769
4.86418
4.8456
4.82302
4.7972
4.76875
4.73813
4.70559
4.67122
4.63511
4.59733
4.55799
4.51724
4.47524
4.43213
4.38805
4.34313
4.29749
4.25125
4.20454
4.1575
4.11032
4.0633
4.01638
3.96973
3.92338
3.87736
3.83176
3.78661
3.74203
3.6981
3.65494
3.61265
3.57133
3.53113
3.49217
3.45463
3.41869
3.38442
3.35217
3.32215
3.29466
3.27002
3.24863
3.23089
3.21727
3.20831
3.20518
3.20565
3.20752
3.21226
3.22244
3.24058
3.26256
3.2883
3.31
3.34598
7.15865
6.84147
6.54093
6.2692
6.02562
5.80461
5.59625
5.39757
5.20858
5.03091
4.86829
4.72458
4.60289
4.50513
4.43132
4.38074
4.34888
4.33169
4.32401
4.32472
4.32912
4.34153
4.36765
4.40224
4.44043
4.47947
4.51862
4.55779
4.59647
4.63434
4.67085
4.70535
4.73715
4.76579
4.79092
4.81234
4.82988
4.84338
4.85239
4.85643
4.85622
4.85511
4.85217
4.84583
4.83312
4.81581
4.79455
4.7698
4.74209
4.71195
4.67976
4.64577
4.61011
4.57289
4.5342
4.49416
4.45289
4.41052
4.36717
4.32297
4.27803
4.23248
4.1865
4.14036
4.09422
4.04819
4.00228
3.95655
3.91108
3.86592
3.82119
3.77694
3.73329
3.69033
3.64816
3.60692
3.56671
3.52771
3.49005
3.45399
3.41956
3.38705
3.35673
3.32891
3.3039
3.28208
3.26381
3.24958
3.23973
3.23515
3.23534
3.23658
3.24012
3.24808
3.26393
3.28432
3.3064
3.33046
3.34944
3.38144
7.40863
7.13812
6.86316
6.59459
6.33763
6.09421
5.86345
5.6453
5.44081
5.25245
5.08208
4.93111
4.80067
4.69142
4.60379
4.53554
4.48538
4.4503
4.42679
4.41218
4.40587
4.40697
4.41232
4.42568
4.45264
4.48291
4.51575
4.5493
4.58304
4.61654
4.6491
4.68012
4.70897
4.73525
4.7586
4.7787
4.79543
4.80835
4.81704
4.821
4.82079
4.81974
4.81696
4.81099
4.79903
4.78287
4.76287
4.73931
4.71259
4.6832
4.65158
4.61807
4.58292
4.54628
4.50826
4.46896
4.42848
4.38691
4.34436
4.30094
4.25677
4.21207
4.16712
4.12208
4.07702
4.03201
3.9871
3.94235
3.89785
3.85369
3.80996
3.76675
3.72417
3.68231
3.64132
3.60131
3.56244
3.52487
3.48883
3.45447
3.42189
3.39153
3.36361
3.33848
3.3165
3.29804
3.28351
3.27337
3.26787
3.26791
3.26884
3.2718
3.27867
3.29261
3.31141
3.33212
3.35259
3.37359
3.38894
3.41622
7.67582
7.42883
7.16168
6.88723
6.61585
6.35425
6.10734
5.87778
5.66624
5.47304
5.29869
5.14306
5.00599
4.88713
4.78637
4.70241
4.6346
4.5811
4.54005
4.50932
4.4876
4.4735
4.4686
4.46997
4.47574
4.48933
4.51409
4.53864
4.56692
4.59626
4.62517
4.6527
4.67838
4.70205
4.72339
4.74206
4.75772
4.77008
4.77847
4.78236
4.78218
4.7812
4.7786
4.77303
4.76187
4.74676
4.72796
4.70564
4.68008
4.65169
4.62089
4.58808
4.55357
4.5176
4.4803
4.44178
4.40212
4.36141
4.31972
4.27713
4.2339
4.19032
4.14653
4.10262
4.05864
4.01469
3.97082
3.92713
3.8837
3.84064
3.79803
3.75599
3.71461
3.67403
3.63438
3.59582
3.55853
3.5227
3.4886
3.4562
3.42596
3.39817
3.37315
3.35126
3.33289
3.31842
3.30823
3.30268
3.3023
3.30313
3.30599
3.31262
3.32604
3.34377
3.36295
3.38197
3.39931
3.41624
3.42754
3.44983
7.94323
7.69903
7.42674
7.1424
6.85964
6.58808
6.33374
6.09933
5.88568
5.69178
5.51618
5.35773
5.21524
5.08796
4.97535
4.87693
4.79284
4.7221
4.66345
4.61576
4.57804
4.54916
4.52885
4.51596
4.5125
4.51398
4.51966
4.53273
4.55131
4.57367
4.5984
4.62223
4.64487
4.66607
4.68536
4.70247
4.71696
4.72867
4.73653
4.74061
4.74045
4.73955
4.73716
4.73203
4.72175
4.70763
4.68995
4.66887
4.64457
4.61736
4.58763
4.55575
4.52207
4.48688
4.45037
4.41267
4.37387
4.33404
4.29322
4.25164
4.20961
4.16726
4.12466
4.08191
4.03908
3.99626
3.95355
3.91103
3.8688
3.82695
3.78561
3.74488
3.70489
3.66577
3.6277
3.59086
3.55543
3.52171
3.48972
3.4598
3.43234
3.40765
3.38609
3.36804
3.35388
3.34394
3.33857
3.33826
3.33909
3.34193
3.34856
3.36204
3.37948
3.39782
3.41542
3.43133
3.4447
3.45713
3.46515
3.48151
8.19569
7.94034
7.65677
7.36354
7.07513
6.8011
6.54673
6.31387
6.10201
5.90944
5.73373
5.5729
5.42533
5.29015
5.16693
5.05549
4.95667
4.86998
4.79507
4.73134
4.6779
4.63409
4.599
4.57206
4.55336
4.54141
4.53818
4.53947
4.54426
4.55481
4.57155
4.58938
4.60869
4.62733
4.6446
4.66008
4.67328
4.68408
4.69158
4.69557
4.69545
4.69466
4.69252
4.68787
4.67854
4.66536
4.64877
4.62891
4.60593
4.58006
4.55159
4.52088
4.48826
4.45403
4.41843
4.38163
4.34374
4.30479
4.26501
4.22469
4.18394
4.14285
4.10149
4.05998
4.01838
3.97681
3.93534
3.8941
3.85318
3.8127
3.77276
3.73352
3.69511
3.6577
3.62147
3.58663
3.55344
3.52215
3.49269
3.46574
3.44157
3.42054
3.40304
3.38943
3.38003
3.37501
3.37506
3.37604
3.37916
3.38627
3.40056
3.41773
3.43551
3.45217
3.4667
3.47866
3.48776
3.49576
3.50097
3.51196
8.42776
8.15231
7.85632
7.55806
7.27012
7.00003
6.7511
6.52366
6.31595
6.12549
5.94949
5.78585
5.63301
5.4903
5.35756
5.23515
5.12304
5.0222
4.93259
4.85393
4.78557
4.72688
4.67731
4.6362
4.60335
4.57821
4.56087
4.54991
4.54591
4.54664
4.54984
4.55759
4.57192
4.58627
4.6011
4.61477
4.62662
4.63642
4.6435
4.64739
4.64728
4.64656
4.64462
4.64041
4.63196
4.61975
4.60427
4.58567
4.56408
4.53967
4.51267
4.48336
4.45202
4.41897
4.38446
4.34867
4.31173
4.27385
4.23533
4.1963
4.15687
4.11709
4.07706
4.03686
3.9966
3.95638
3.91629
3.87646
3.83699
3.79803
3.75969
3.72215
3.68556
3.65012
3.61604
3.58358
3.55309
3.52436
3.49813
3.47468
3.4544
3.43764
3.4248
3.4162
3.41191
3.4121
3.41343
3.41723
3.42552
3.44053
3.45785
3.47526
3.49125
3.50479
3.51542
3.52308
3.5281
3.53209
3.53496
3.5415
8.63814
8.33876
8.03297
7.73466
7.45273
7.19142
6.95131
6.73092
6.52762
6.33862
6.1614
5.99416
5.8358
5.68596
5.5447
5.41241
5.28927
5.17631
5.0738
4.98158
4.89933
4.82674
4.76343
4.70882
4.66236
4.62381
4.59294
4.56937
4.55274
4.54309
4.53685
4.53724
4.53943
4.54492
4.55589
4.56638
4.57649
4.58534
4.59188
4.59581
4.59572
4.5951
4.59336
4.58954
4.58186
4.57058
4.55619
4.53889
4.51879
4.49598
4.47061
4.44289
4.41306
4.3814
4.34816
4.31354
4.27776
4.24117
4.20398
4.16632
4.12826
4.08987
4.05126
4.01249
3.9737
3.93495
3.89639
3.85813
3.8203
3.78305
3.74654
3.71095
3.67648
3.64335
3.6118
3.58223
3.55455
3.52916
3.50665
3.48734
3.47156
3.4597
3.45214
3.44891
3.44929
3.45112
3.45585
3.46589
3.48152
3.49913
3.51645
3.53198
3.54481
3.55441
3.56092
3.56417
3.56594
3.56672
3.56745
3.56995
8.81742
8.49861
8.19073
7.90013
7.62988
7.38063
7.1506
6.937
6.73696
6.54804
6.36842
6.19689
6.03292
5.87641
5.72756
5.58677
5.45415
5.33099
5.21728
5.11305
5.01837
4.933
4.85659
4.7889
4.72937
4.67778
4.63389
4.59748
4.56832
4.5461
4.53113
4.51879
4.51258
4.51268
4.51389
4.51724
4.52414
4.53102
4.53652
4.54049
4.54048
4.54
4.53853
4.53515
4.52825
4.51771
4.5044
4.48848
4.46997
4.44887
4.42527
4.39931
4.37117
4.34111
4.30936
4.27614
4.2418
4.20669
4.17096
4.13475
4.09814
4.06125
4.02414
3.98693
3.94972
3.91261
3.87574
3.83924
3.80327
3.76798
3.73358
3.70025
3.66825
3.63783
3.60933
3.58299
3.55862
3.53727
3.51912
3.50462
3.49392
3.48759
3.48577
3.48641
3.48889
3.49484
3.50711
3.52361
3.54152
3.55876
3.57398
3.58628
3.59516
3.60052
3.60279
3.60269
3.60208
3.60042
3.59685
3.59744
8.96692
8.63584
8.33556
8.06017
7.80631
7.57065
7.34997
7.14143
6.94281
6.7525
6.56954
6.39342
6.22401
6.06142
5.90587
5.75768
5.61654
5.48478
5.36138
5.24666
5.14085
5.04381
4.95541
4.87534
4.80355
4.73959
4.68321
4.63429
4.5927
4.55824
4.53084
4.50982
4.49218
4.48189
4.47583
4.47408
4.47446
4.47574
4.47852
4.48163
4.48182
4.48141
4.48005
4.47693
4.47056
4.46105
4.44906
4.43466
4.41779
4.39846
4.37669
4.35258
4.3263
4.29804
4.26799
4.23646
4.20385
4.17039
4.13626
4.10162
4.06659
4.03128
3.99581
3.96028
3.9248
3.88951
3.85453
3.82001
3.78615
3.75312
3.72114
3.69046
3.66137
3.63416
3.60932
3.58629
3.56628
3.54956
3.53643
3.52743
3.52206
3.52211
3.52315
3.52649
3.53399
3.54891
3.56634
3.58457
3.6018
3.61677
3.62864
3.63697
3.64153
3.64249
3.64213
3.64081
3.63767
3.63141
3.62217
3.6224
9.09436
8.76203
8.47698
8.2213
7.98476
7.76143
7.54783
7.34209
7.14315
6.95044
6.7638
6.58322
6.40883
6.24082
6.07941
5.92483
5.77788
5.63728
5.50496
5.38103
5.2654
5.15802
5.05879
4.96756
4.8841
4.80826
4.73998
4.67913
4.62551
4.57906
4.53962
4.5076
4.48066
4.45855
4.44341
4.4332
4.42669
4.42298
4.42154
4.42133
4.42088
4.41992
4.41796
4.41434
4.40874
4.40077
4.39037
4.37759
4.36241
4.34484
4.32494
4.30277
4.27846
4.25217
4.2241
4.19457
4.16388
4.13227
4.09991
4.067
4.03368
4.00011
3.96641
3.93272
3.89916
3.86587
3.83301
3.80074
3.76929
3.73885
3.70971
3.68213
3.65644
3.63314
3.61181
3.5933
3.57827
3.56684
3.5595
3.55631
3.55671
3.55865
3.5638
3.57444
3.59057
3.60908
3.62778
3.64508
3.65988
3.6714
3.67929
3.68322
3.6833
3.68274
3.68091
3.67677
3.66845
3.65893
3.64581
3.64527
9.20053
8.88139
8.62
8.38588
8.16465
7.95038
7.74099
7.53609
7.33577
7.14034
6.95019
6.76561
6.58684
6.41406
6.24746
6.08719
5.93364
5.78655
5.64703
5.51508
5.39069
5.27396
5.16485
5.06332
4.96926
4.88257
4.80315
4.73091
4.66581
4.6079
4.55709
4.51328
4.47684
4.44427
4.41825
4.39848
4.38385
4.3735
4.36647
4.36187
4.35858
4.35579
4.35284
4.34908
4.34406
4.33725
4.32838
4.31725
4.30383
4.28812
4.27015
4.25001
4.22778
4.20363
4.17774
4.15043
4.12189
4.09234
4.06196
4.03097
3.99956
3.9679
3.93615
3.90448
3.87303
3.84197
3.81149
3.78178
3.75309
3.72566
3.6998
3.67583
3.65427
3.63496
3.61814
3.60493
3.59556
3.58988
3.58912
3.59
3.59311
3.60033
3.61474
3.63238
3.65163
3.67066
3.6881
3.70281
3.71413
3.72168
3.72503
3.7249
3.72406
3.72174
3.7167
3.70747
3.69566
3.68381
3.66853
3.66634
9.29497
9.00184
8.76668
8.55135
8.34128
8.13263
7.92532
7.72057
7.51894
7.32126
7.12822
6.94029
6.75775
6.58079
6.40957
6.24423
6.08499
5.93183
5.78594
5.64687
5.51479
5.3898
5.27192
5.16116
5.05746
4.96078
4.87109
4.78835
4.71258
4.64374
4.58185
4.52693
4.47895
4.43844
4.40122
4.37168
4.34822
4.32991
4.31591
4.30542
4.29766
4.29178
4.28687
4.28221
4.27708
4.27093
4.26325
4.2537
4.2421
4.22836
4.21248
4.1945
4.17451
4.15267
4.12916
4.10422
4.07801
4.05071
4.02253
3.99369
3.9644
3.93487
3.9053
3.87587
3.84679
3.81824
3.79046
3.76367
3.73815
3.71422
3.6922
3.67256
3.65547
3.64067
3.62947
3.62221
3.61894
3.61934
3.62132
3.6265
3.63741
3.654
3.67343
3.69356
3.71294
3.73043
3.74512
3.75631
3.76364
3.76654
3.76632
3.76527
3.76256
3.75681
3.74688
3.73469
3.72057
3.70685
3.69007
3.68624
9.38223
9.12396
8.91124
8.70847
8.50509
8.30001
8.09458
7.89007
7.68809
7.48958
7.29509
7.10509
6.91985
6.73964
6.56464
6.39508
6.2311
6.07313
5.92081
5.77525
5.63637
5.50413
5.37847
5.25943
5.14701
5.04126
4.94218
4.84983
4.76418
4.6853
4.61319
4.54792
4.48946
4.43799
4.39281
4.35211
4.31901
4.29184
4.27007
4.25311
4.24008
4.23003
4.22207
4.21542
4.20931
4.20304
4.19599
4.18768
4.17775
4.16598
4.15226
4.13659
4.11899
4.09961
4.07865
4.05621
4.03247
4.0076
3.98183
3.95536
3.92844
3.90129
3.87413
3.84721
3.82076
3.79503
3.77028
3.74681
3.72493
3.705
3.68742
3.67286
3.6602
3.65149
3.64605
3.64612
3.64718
3.65067
3.65855
3.67412
3.6926
3.71315
3.73406
3.75394
3.77163
3.78639
3.79756
3.80469
3.80736
3.80708
3.8059
3.8029
3.79663
3.78628
3.77356
3.75929
3.74346
3.72821
3.71023
3.70496
9.47156
9.24499
9.04636
8.84993
8.65037
8.44829
8.24533
8.04284
7.84208
7.64392
7.44899
7.25779
7.07072
6.88808
6.71012
6.53707
6.3691
6.20641
6.04919
5.89833
5.75361
5.61497
5.48239
5.35598
5.2358
5.12193
5.01445
4.91339
4.81884
4.7308
4.64935
4.57453
4.5064
4.44495
4.39066
4.34141
4.29853
4.26229
4.23203
4.20724
4.18733
4.17167
4.15949
4.14986
4.14189
4.13476
4.12776
4.12022
4.11166
4.1017
4.0901
4.07674
4.06161
4.0448
4.02643
4.00662
3.98551
3.96329
3.94015
3.91632
3.89204
3.86755
3.84312
3.81904
3.79558
3.77308
3.75184
3.73222
3.71458
3.69932
3.68715
3.67704
3.67054
3.6686
3.66921
3.67175
3.678
3.69075
3.70829
3.72892
3.75078
3.77248
3.79287
3.81094
3.82591
3.83717
3.84432
3.84678
3.84648
3.84523
3.84209
3.83555
3.82496
3.81204
3.79742
3.78159
3.76443
3.74795
3.72904
3.7226
9.55962
9.3513
9.16055
8.96927
8.7745
8.57694
8.37784
8.1784
7.97974
7.78279
7.58829
7.39681
7.20882
7.02465
6.8446
6.66891
6.4978
6.33134
6.16975
6.01431
5.86441
5.72013
5.58151
5.44867
5.32168
5.20069
5.08577
4.97703
4.87454
4.77833
4.68852
4.60511
4.5282
4.45785
4.39409
4.33752
4.28504
4.23993
4.20122
4.16854
4.14151
4.11955
4.10202
4.08811
4.07701
4.06788
4.0599
4.05233
4.04452
4.03594
4.02622
4.01509
4.00243
3.98826
3.97265
3.95565
3.93739
3.91804
3.89778
3.87685
3.85548
3.83396
3.81259
3.7917
3.77165
3.75279
3.73555
3.72024
3.70742
3.69751
3.69041
3.68638
3.68668
3.68841
3.6932
3.70344
3.72014
3.74019
3.76244
3.78552
3.80816
3.82923
3.84779
3.86309
3.87463
3.8819
3.88445
3.88413
3.88284
3.87965
3.873
3.86244
3.84952
3.83489
3.81886
3.80179
3.78357
3.76608
3.74646
3.73911
9.63763
9.43508
9.25081
9.06628
8.87799
8.68618
8.49192
8.29641
8.10078
7.90605
7.71299
7.52224
7.33424
7.14941
6.96807
6.79049
6.61694
6.44763
6.28286
6.12264
5.9679
5.81862
5.67469
5.53625
5.40336
5.2762
5.15484
5.03941
4.92998
4.82661
4.72938
4.63833
4.55355
4.4751
4.40309
4.33766
4.27839
4.22469
4.17775
4.13716
4.10262
4.07378
4.0501
4.031
4.01574
4.00355
3.9936
3.98509
3.97727
3.96949
3.96126
3.95211
3.94185
3.93032
3.91753
3.90346
3.88823
3.87195
3.85483
3.83706
3.81891
3.80067
3.78272
3.76546
3.74928
3.73463
3.72197
3.71155
3.70441
3.69959
3.69932
3.70036
3.70389
3.71178
3.72764
3.74652
3.76857
3.79238
3.81666
3.84028
3.86217
3.88141
3.89727
3.90916
3.91696
3.91963
3.91933
3.9181
3.91506
3.90867
3.89825
3.88551
3.87106
3.85518
3.83806
3.82001
3.80095
3.78266
3.76253
3.75451
9.70196
9.49654
9.32008
9.14439
8.96341
8.77748
8.58815
8.39688
8.20489
8.01311
7.82227
7.63297
7.4457
7.26088
7.0789
6.90009
6.72475
6.55311
6.38532
6.2217
6.06304
5.90945
5.76097
5.6177
5.47977
5.34729
5.22038
5.09915
4.98367
4.87403
4.77031
4.67254
4.58084
4.49523
4.41589
4.3428
4.27644
4.21518
4.16061
4.11238
4.0704
4.0345
4.00432
3.97944
3.95931
3.94324
3.93043
3.92009
3.91148
3.90379
3.89651
3.88891
3.88079
3.87172
3.86165
3.85054
3.83846
3.82545
3.81168
3.79733
3.78269
3.76812
3.75407
3.74092
3.72925
3.71929
3.71193
3.70682
3.70579
3.70653
3.7094
3.7161
3.72958
3.7474
3.7689
3.79278
3.81802
3.84358
3.86831
3.89115
3.91121
3.92778
3.94036
3.94856
3.95196
3.95172
3.95064
3.94788
3.94208
3.93207
3.91972
3.90561
3.89006
3.87319
3.85521
3.83637
3.81667
3.79772
3.77723
3.76873
9.75677
9.54245
9.37284
9.20633
9.03261
8.85222
8.66761
8.48061
8.29246
8.10397
7.9158
7.72848
7.54252
7.35835
7.17639
6.99701
6.82056
6.64729
6.47736
6.31117
6.14933
5.9921
5.83974
5.69238
5.55018
5.41322
5.28164
5.15549
5.03489
4.9199
4.81063
4.70707
4.60932
4.51741
4.43149
4.35168
4.27814
4.21074
4.14902
4.0937
4.04476
4.00206
3.96541
3.93454
3.90898
3.88825
3.87172
3.85872
3.84846
3.84016
3.83309
3.82656
3.82009
3.81326
3.80586
3.79776
3.78889
3.77926
3.76898
3.75824
3.74737
3.73685
3.72717
3.71859
3.71202
3.70714
3.70583
3.70647
3.70894
3.71479
3.7267
3.74291
3.76321
3.78649
3.8122
3.83915
3.86616
3.89216
3.91612
3.93712
3.95455
3.96792
3.97698
3.98124
3.98113
3.98032
3.97804
3.97303
3.96384
3.95205
3.93852
3.92338
3.90698
3.88927
3.87063
3.85116
3.83093
3.81143
3.79072
3.78184
9.79978
9.57685
9.41411
9.2566
9.08968
8.91433
8.73403
8.55106
8.36662
8.18137
7.99583
7.81051
7.62591
7.44254
7.26084
7.08125
6.90411
6.72975
6.55834
6.3902
6.22582
6.0657
5.91019
5.75951
5.61381
5.47318
5.33771
5.20745
5.0825
4.9629
4.84872
4.74008
4.63705
4.53976
4.44828
4.36263
4.28296
4.20956
4.14152
4.07992
4.02451
3.97533
3.93238
3.89551
3.86447
3.83887
3.81822
3.80193
3.78928
3.77954
3.77195
3.76582
3.76053
3.75555
3.75063
3.74541
3.7397
3.73343
3.7267
3.71976
3.713
3.70709
3.70224
3.6985
3.69806
3.69873
3.70117
3.70688
3.71741
3.73241
3.75114
3.77375
3.79902
3.82655
3.85524
3.88391
3.91141
3.93666
3.95881
3.97726
3.99161
4.00176
4.00714
4.00773
4.00718
4.00542
4.00141
3.99331
3.98237
3.96949
3.95504
3.93916
3.92201
3.90371
3.88446
3.86445
3.84384
3.82386
3.80306
3.79379
9.82901
9.60386
9.4483
9.29867
9.13752
8.96655
8.79013
8.61084
8.42977
8.24744
8.0643
7.88085
7.69763
7.51515
7.33392
7.15436
6.97686
6.80176
6.62934
6.45979
6.29353
6.13117
5.97317
5.8198
5.67121
5.52749
5.38872
5.25497
5.12631
5.00281
4.88456
4.77164
4.66413
4.56213
4.46569
4.37493
4.28994
4.21089
4.13765
4.0703
4.00902
3.95394
3.9051
3.86246
3.82589
3.79517
3.76995
3.74976
3.73405
3.72215
3.71334
3.70697
3.70232
3.69882
3.69619
3.69373
3.69098
3.68795
3.6848
3.68194
3.67973
3.67938
3.67974
3.68108
3.68442
3.69129
3.70171
3.71463
3.73236
3.75386
3.77857
3.80607
3.83556
3.86604
3.89638
3.92543
3.9521
3.97559
3.99529
4.01089
4.02225
4.02936
4.0313
4.03096
4.02968
4.02664
4.0203
4.01042
3.99839
3.98474
3.96958
3.95309
3.93534
3.91655
3.8968
3.87642
3.85538
3.83512
3.81413
3.80448
9.84888
9.62826
9.4797
9.3359
9.17914
9.01176
8.83864
8.66245
8.48419
8.3043
8.12319
7.94136
7.75936
7.57771
7.39695
7.21752
7.03987
6.86434
6.69124
6.52076
6.35325
6.18929
6.02939
5.87384
5.72285
5.57654
5.43498
5.29827
5.16648
5.03968
4.91793
4.80132
4.68992
4.58383
4.48311
4.38788
4.29823
4.21429
4.13632
4.06378
3.99722
3.93677
3.88247
3.83439
3.79248
3.75665
3.72674
3.7024
3.68317
3.66852
3.65786
3.65062
3.64606
3.64389
3.64311
3.64284
3.64288
3.64309
3.64371
3.64512
3.64794
3.65227
3.65835
3.66596
3.67632
3.68982
3.70617
3.72646
3.7504
3.77758
3.80741
3.83906
3.8715
3.90365
3.9343
3.96252
3.98746
4.00862
4.02571
4.03855
4.04739
4.05161
4.05153
4.05085
4.04889
4.0446
4.03602
4.02511
4.0124
3.99813
3.98242
3.96539
3.94719
3.92796
3.90775
3.88707
3.86565
3.84516
3.82394
3.81404
9.85786
9.64873
9.50846
9.36963
9.21633
9.0519
8.8814
8.70769
8.53166
8.35369
8.17418
7.99361
7.81256
7.63162
7.45132
7.27213
7.09447
6.9187
6.74514
6.57404
6.4056
6.24043
6.07907
5.92179
5.76883
5.62037
5.47648
5.33729
5.20283
5.07321
4.94847
4.8287
4.71396
4.60435
4.49995
4.40085
4.30716
4.21896
4.13641
4.05944
3.9883
3.92303
3.86379
3.81065
3.76378
3.72313
3.68857
3.6599
3.63688
3.61913
3.60618
3.59754
3.59256
3.59179
3.59207
3.59295
3.59497
3.59886
3.60403
3.61045
3.61836
3.62798
3.63983
3.65403
3.67098
3.69103
3.71423
3.74087
3.7706
3.8029
3.83688
3.87153
3.90562
3.93815
3.96806
3.99469
4.0175
4.03627
4.05095
4.06143
4.06823
4.06989
4.06955
4.06833
4.06543
4.05941
4.04979
4.03816
4.02491
4.01009
3.99391
3.97643
3.95778
3.93814
3.91758
3.89654
3.87476
3.85413
3.83271
3.8226
9.85662
9.66258
9.53312
9.40004
9.2499
9.08772
8.91932
8.74746
8.57312
8.39658
8.21827
8.03872
7.85847
7.67813
7.49824
7.31927
7.14163
6.96568
6.79175
6.62003
6.45108
6.28511
6.12262
5.96397
5.80943
5.65918
5.51334
5.37205
5.23533
5.10332
4.97602
4.85355
4.73596
4.62334
4.51577
4.41334
4.31614
4.22426
4.13785
4.05695
3.98173
3.91224
3.8486
3.79096
3.73946
3.69415
3.65506
3.62214
3.59524
3.57413
3.5585
3.54801
3.5423
3.54235
3.543
3.54481
3.54876
3.55659
3.56618
3.57741
3.59063
3.606
3.62391
3.64462
3.66835
3.69493
3.72482
3.75751
3.79246
3.82893
3.86589
3.90224
3.93683
3.96878
3.99733
4.02206
4.04274
4.05935
4.07198
4.08056
4.08555
4.08554
4.08503
4.0834
4.07971
4.07223
4.06189
4.0497
4.03599
4.02065
4.0041
3.9862
3.96717
3.94716
3.9263
3.90487
3.88297
3.86192
3.84069
3.83003
9.85117
9.67064
9.55372
9.42724
9.27994
9.11935
8.95232
8.78186
8.60887
8.43359
8.25639
8.07775
7.8983
7.7186
7.53916
7.36045
7.18288
7.00684
6.83265
6.66067
6.49111
6.32443
6.16103
6.00127
5.84539
5.69366
5.54616
5.40308
5.26441
5.13035
5.00085
4.87608
4.75602
4.64081
4.53051
4.42522
4.32498
4.22996
4.1402
4.05583
3.97691
3.90359
3.83609
3.77446
3.71883
3.66931
3.62602
3.58902
3.55827
3.5337
3.51514
3.5025
3.49563
3.49576
3.49673
3.49941
3.50518
3.51625
3.53006
3.54624
3.56489
3.58624
3.6105
3.63779
3.66836
3.70153
3.73745
3.77547
3.81477
3.85437
3.89318
3.9302
3.96447
3.99533
4.02231
4.04521
4.06401
4.07881
4.08974
4.09691
4.09999
4.09977
4.09886
4.09661
4.09182
4.08331
4.07266
4.05994
4.04585
4.03011
4.01311
3.99485
3.97549
3.95514
3.93398
3.91224
3.89012
3.86881
3.84759
3.83675
9.84359
9.67518
9.57087
9.45088
9.30603
9.1465
8.98041
8.811
8.63912
8.46488
8.28864
8.11088
7.93213
7.75298
7.57393
7.39543
7.21791
7.04177
6.86734
6.69492
6.52503
6.35785
6.19374
6.03308
5.87614
5.72319
5.57434
5.4298
5.28955
5.1538
5.02247
4.89579
4.77366
4.65632
4.54367
4.43594
4.33314
4.23541
4.14281
4.05553
3.97352
3.89697
3.82606
3.76085
3.70156
3.64827
3.60119
3.56042
3.52604
3.49809
3.47655
3.46161
3.45307
3.45321
3.45435
3.45756
3.46458
3.47839
3.49616
3.51729
3.5416
3.5691
3.5998
3.63366
3.67034
3.70981
3.7512
3.79372
3.83638
3.87811
3.91789
3.95488
3.98837
4.01796
4.0434
4.0647
4.08193
4.09528
4.10485
4.11082
4.1124
4.11207
4.1109
4.10809
4.10229
4.09305
4.082
4.06894
4.05437
4.03831
4.02095
4.00235
3.98268
3.96204
3.94061
3.91861
3.89627
3.87476
3.85347
3.84263
9.84493
9.68329
9.587
9.47144
9.32849
9.17001
9.00487
8.83643
8.66544
8.49215
8.31674
8.1397
7.96159
7.78292
7.60421
7.4259
7.24842
7.07218
6.89756
6.725
6.55461
6.38689
6.22214
6.06071
5.90288
5.74889
5.59889
5.45307
5.31145
5.17422
5.04131
4.91296
4.78906
4.66986
4.55525
4.44549
4.34051
4.24054
4.14554
4.05571
3.97109
3.89179
3.81798
3.74972
3.68727
3.63072
3.5803
3.53615
3.49844
3.46734
3.44292
3.42559
3.41518
3.41525
3.41642
3.4199
3.42779
3.44359
3.46513
3.49108
3.52096
3.55452
3.59151
3.63165
3.67438
3.71921
3.76519
3.81125
3.85631
3.89936
3.9395
3.97608
4.00866
4.03703
4.06116
4.08114
4.09713
4.10931
4.11781
4.12277
4.12323
4.1228
4.1214
4.11811
4.11145
4.10153
4.09006
4.07664
4.06178
4.0454
4.02771
4.00882
3.98886
3.96797
3.94628
3.92407
3.90152
3.87983
3.85844
3.8476
9.85494
9.69558
9.60055
9.48625
9.34478
9.18772
9.02388
8.85657
8.68658
8.51409
8.33941
8.16299
7.9854
7.80714
7.62873
7.45059
7.27316
7.09684
6.92202
6.74896
6.57841
6.41034
6.24508
6.08309
5.92456
5.7698
5.61893
5.47214
5.32949
5.1911
5.05701
4.92731
4.80204
4.68135
4.56516
4.45373
4.34697
4.24514
4.14818
4.05628
3.96949
3.88788
3.81168
3.74091
3.67584
3.61655
3.56329
3.51625
3.47566
3.44174
3.41466
3.39509
3.38252
3.38243
3.38358
3.3873
3.39575
3.41294
3.43783
3.46818
3.50325
3.54248
3.58535
3.63125
3.67934
3.72871
3.77831
3.82701
3.87371
3.91749
3.95763
3.99368
4.0254
4.05275
4.07581
4.09475
4.10977
4.12103
4.12869
4.13264
4.13258
4.13198
4.13022
4.12636
4.11889
4.10857
4.09676
4.08306
4.06788
4.05124
4.0333
4.01416
3.99396
3.97285
3.95093
3.92854
3.90579
3.88398
3.86246
3.8516
9.87318
9.7114
9.61424
9.50007
9.35985
9.2041
9.04122
8.87458
8.70515
8.53319
8.35902
8.18306
8.00583
7.82783
7.64955
7.47143
7.29392
7.11742
6.94235
6.76922
6.59791
6.42929
6.26355
6.10104
5.94194
5.78654
5.63495
5.48738
5.34387
5.20457
5.06945
4.9387
4.8123
4.69038
4.57294
4.4602
4.35205
4.24874
4.15025
4.0567
3.96823
3.88481
3.80675
3.73399
3.66681
3.60532
3.54978
3.50034
3.45734
3.42103
3.3917
3.37013
3.35583
3.35494
3.35615
3.36009
3.36908
3.38745
3.41502
3.44912
3.48873
3.533
3.58105
3.63186
3.68442
3.73748
3.78986
3.84042
3.88814
3.93227
3.97227
4.00783
4.03887
4.06544
4.08771
4.10586
4.12013
4.13066
4.13765
4.14064
4.14045
4.13961
4.13751
4.1329
4.12488
4.11437
4.10215
4.08824
4.07283
4.05597
4.03783
4.01848
3.99809
3.9768
3.9547
3.93214
3.90924
3.88732
3.86561
3.8548
9.87006
9.70719
9.61293
9.50202
9.36467
9.21114
9.04987
8.88442
8.71596
8.54482
8.37136
8.19601
8.01925
7.84159
7.66356
7.4856
7.30819
7.13171
6.95658
6.78312
6.61182
6.44301
6.27701
6.1142
5.95478
5.79902
5.64702
5.49897
5.35488
5.21494
5.07913
4.94762
4.82035
4.69757
4.57917
4.46542
4.35623
4.25181
4.15217
4.05737
3.96765
3.88287
3.80338
3.72911
3.66035
3.59718
3.5399
3.48864
3.44381
3.40563
3.3745
3.35129
3.33562
3.33378
3.335
3.33905
3.34841
3.36756
3.39724
3.43435
3.47765
3.52603
3.57828
3.63305
3.68902
3.7448
3.79912
3.85087
3.89919
3.94346
3.98327
4.01846
4.04902
4.07505
4.09675
4.11433
4.12803
4.13799
4.14445
4.14666
4.14639
4.14537
4.14297
4.13782
4.12932
4.11861
4.10616
4.09205
4.07647
4.05943
4.04113
4.02165
4.00113
3.9797
3.95746
3.93478
3.91176
3.88975
3.86797
3.85718
9.87462
9.70587
9.61443
9.50635
9.37085
9.21847
9.05796
8.89306
8.72502
8.55423
8.38103
8.20587
8.02923
7.85163
7.67357
7.49552
7.31798
7.14133
6.96603
6.79241
6.62101
6.45201
6.28578
6.1227
5.96301
5.80694
5.65462
5.5062
5.3617
5.22131
5.085
4.95296
4.82511
4.70174
4.58272
4.46835
4.35849
4.25338
4.15304
4.05748
3.96697
3.88134
3.80096
3.72574
3.65596
3.59172
3.5333
3.48085
3.43479
3.39539
3.36304
3.33873
3.32212
3.31964
3.32081
3.32484
3.33439
3.35398
3.38516
3.42439
3.47028
3.52156
3.57672
3.63422
3.69245
3.74998
3.80549
3.85796
3.90661
3.95094
3.99063
4.0256
4.05587
4.08158
4.10292
4.12013
4.13346
4.14302
4.14912
4.15077
4.15047
4.14934
4.14664
4.141
4.13249
4.12151
4.10891
4.09459
4.07894
4.06182
4.04337
4.02381
4.00322
3.9817
3.95937
3.93661
3.91351
3.89142
3.86959
3.85886
9.8803
9.70801
9.61441
9.5068
9.37243
9.22103
9.06125
8.8969
8.72929
8.55882
8.38587
8.21089
8.03437
7.85684
7.67883
7.50082
7.3233
7.14665
6.97134
6.79769
6.62604
6.45685
6.2905
6.12731
5.96749
5.81128
5.6588
5.51021
5.36551
5.2249
5.08833
4.95602
4.82788
4.70421
4.58486
4.47014
4.35992
4.25443
4.15369
4.05772
3.96677
3.88068
3.79981
3.72408
3.65377
3.58896
3.52996
3.47689
3.4302
3.39015
3.35717
3.33226
3.31513
3.31221
3.31342
3.31756
3.32724
3.34715
3.37911
3.41947
3.46673
3.51953
3.57619
3.63508
3.69444
3.75281
3.80887
3.86166
3.91043
3.95475
3.99437
4.02922
4.05933
4.08488
4.10604
4.12307
4.13619
4.14557
4.15146
4.15282
4.15248
4.15129
4.14851
4.1427
4.13391
4.12284
4.11022
4.09583
4.08011
4.06292
4.04442
4.02483
4.0042
3.98263
3.96026
3.93747
3.91433
3.8922
3.87034
3.85949
)
;

boundaryField
{
    inlet
    {
        type            fixedValue;
        value           uniform 1;
    }
    outlet
    {
        type            waveTransmissive;
        gamma           1.4;
        fieldInf        1;
        lInf            3;
        value           nonuniform List<scalar> 
40
(
3.15801
3.16382
3.17495
3.19046
3.21135
3.23688
3.26698
3.30026
3.33526
3.37073
3.40553
3.43914
3.47085
3.50128
3.53079
3.55924
3.58671
3.61166
3.63454
3.65561
3.67551
3.69424
3.71188
3.72839
3.74377
3.75797
3.77105
3.78298
3.79365
3.8032
3.81174
3.81917
3.82588
3.83176
3.83672
3.84071
3.8439
3.84627
3.84795
3.84858
)
;
    }
    bottom
    {
        type            symmetryPlane;
    }
    top
    {
        type            symmetryPlane;
    }
    obstacle
    {
        type            zeroGradient;
    }
    defaultFaces
    {
        type            empty;
    }
}


// ************************************************************************* //
