/*--------------------------------*- C++ -*----------------------------------*\
| =========                 |                                                 |
| \\      /  F ield         | OpenFOAM: The Open Source CFD Toolbox           |
|  \\    /   O peration     | Version:  2412                                  |
|   \\  /    A nd           | Website:  www.openfoam.com                      |
|    \\/     M anipulation  |                                                 |
\*---------------------------------------------------------------------------*/
FoamFile
{
    version     2.0;
    format      ascii;
    arch        "LSB;label=32;scalar=64";
    class       volScalarField;
    location    "10";
    object      T;
}
// * * * * * * * * * * * * * * * * * * * * * * * * * * * * * * * * * * * * * //

dimensions      [0 0 0 1 0 0 0];

internalField   nonuniform List<scalar> 
5250
(
1.00001
1.00003
1.00009
1.00017
1.00055
1.001
1.00312
1.00597
1.01681
1.03896
1.09361
1.26651
1.7147
2.48398
2.72595
2.72348
2.72365
2.72981
2.74327
2.75795
2.77002
2.77821
2.78549
2.79056
2.79473
1.00001
1.00003
1.00009
1.00017
1.00054
1.00098
1.00308
1.0059
1.01643
1.03876
1.09211
1.26495
1.70242
2.47868
2.72457
2.72328
2.72339
2.7294
2.74261
2.75696
2.76889
2.77687
2.7839
2.78798
2.79164
1.00001
1.00003
1.00009
1.00016
1.00052
1.00095
1.00292
1.00576
1.01558
1.03844
1.08903
1.26192
1.67652
2.46692
2.72009
2.72266
2.7227
2.72836
2.74108
2.75501
2.76667
2.77413
2.78151
2.78554
2.7877
1.00001
1.00002
1.00008
1.00015
1.00049
1.00091
1.00272
1.00555
1.01461
1.03757
1.08515
1.25626
1.64242
2.4455
2.71077
2.72129
2.72099
2.726
2.73896
2.75031
2.76281
2.77026
2.77498
2.78084
2.78326
1.00001
1.00002
1.00008
1.00014
1.00046
1.00086
1.00253
1.00528
1.01361
1.036
1.08069
1.24751
1.60248
2.41061
2.69632
2.71908
2.7184
2.72192
2.73461
2.74663
2.75493
2.76348
2.76965
2.77132
2.77291
1.00001
1.00002
1.00007
1.00013
1.00043
1.0008
1.00233
1.00494
1.01259
1.03369
1.07504
1.23491
1.55288
2.36
2.67552
2.71561
2.71421
2.71546
2.72643
2.73899
2.74942
2.75328
2.75795
2.76258
2.76378
1.00001
1.00002
1.00007
1.00012
1.0004
1.00073
1.00215
1.00455
1.01158
1.03099
1.06895
1.21594
1.49731
2.29229
2.64701
2.71182
2.70978
2.70811
2.71919
2.72517
2.73649
2.74397
2.74633
2.74499
2.74349
1.00001
1.00002
1.00006
1.00011
1.00036
1.00067
1.00195
1.00411
1.01052
1.02792
1.06262
1.1934
1.44426
2.2024
2.60836
2.70567
2.70253
2.69956
2.71105
2.71754
2.72202
2.72395
2.728
2.72783
2.72227
1.00001
1.00002
1.00006
1.0001
1.00033
1.0006
1.00181
1.00362
1.00965
1.0241
1.05564
1.16755
1.3844
2.07525
2.56005
2.69457
2.69077
2.68224
2.69277
2.70209
2.70941
2.70868
2.70379
2.69297
2.67256
1.00001
1.00001
1.00005
1.00009
1.00027
1.00051
1.00148
1.00312
1.00799
1.02076
1.04717
1.14137
1.31987
1.90958
2.48846
2.67955
2.6775
2.66878
2.67635
2.67759
2.68186
2.68305
2.67544
2.65366
2.60094
1
1.00002
1.00003
1.0001
1.00019
1.00059
1.00112
1.00336
1.00677
1.01831
1.04403
1.10658
1.28897
1.85101
2.39951
2.63902
2.64261
2.64886
2.66337
2.66321
2.65953
2.65057
2.63029
2.58312
2.4243
1
1.00001
1.00004
1.00007
1.00021
1.00039
1.00122
1.00231
1.00665
1.01433
1.0365
1.09864
1.22676
1.64075
2.44157
2.60943
2.60882
2.61313
2.62372
2.63974
2.6386
2.62386
2.58861
2.53134
2.37626
1
1.00001
1.00003
1.00006
1.00019
1.00034
1.00109
1.00198
1.00607
1.01199
1.03254
1.08133
1.19105
1.54963
2.35272
2.57893
2.6077
2.59784
2.5986
2.60684
2.60678
2.59335
2.5517
2.49806
2.38045
1
1.00001
1.00003
1.00005
1.00016
1.00028
1.00089
1.00165
1.00481
1.01013
1.02587
1.06978
1.15332
1.47831
2.20356
2.5214
2.60482
2.59338
2.57678
2.57514
2.57236
2.562
2.52801
2.48136
2.38524
1
1.00001
1.00002
1.00004
1.00013
1.00024
1.00076
1.00138
1.00428
1.00823
1.0228
1.05456
1.12861
1.37121
2.00595
2.44398
2.59439
2.58312
2.57065
2.5499
2.53818
2.52565
2.50012
2.46729
2.39718
1
1.00001
1.00002
1.00003
1.00011
1.0002
1.00062
1.00112
1.00349
1.00659
1.01909
1.04114
1.10708
1.26999
1.80705
2.33059
2.55732
2.55566
2.55192
2.54028
2.51747
2.50112
2.46546
2.4401
2.39593
1
1
1.00001
1.00003
1.00009
1.00016
1.00049
1.00089
1.00276
1.00524
1.01477
1.03358
1.08066
1.22601
1.57994
2.2799
2.53057
2.5333
2.52516
2.51941
2.5038
2.48727
2.45841
2.41802
2.38672
1
1
1.00001
1.00002
1.00007
1.00012
1.00038
1.00069
1.00206
1.00417
1.01089
1.02747
1.06262
1.18848
1.43024
2.11673
2.47427
2.52668
2.50884
2.50296
2.48794
2.4707
2.44886
2.41457
2.37607
1
1
1.00001
1.00002
1.00005
1.00009
1.00029
1.00054
1.00162
1.00322
1.0086
1.02086
1.04882
1.14311
1.324
1.87491
2.35754
2.50835
2.50287
2.49165
2.48019
2.46203
2.4437
2.41797
2.38097
1
1
1.00001
1.00002
1.00003
1.0001
1.00018
1.00055
1.00103
1.00308
1.00607
1.01695
1.03765
1.0976
1.24029
1.72813
2.20772
2.45977
2.47874
2.47448
2.46363
2.4501
2.43259
2.41604
2.39298
1
1
1
1.00001
1.00002
1.00007
1.00013
1.00042
1.00077
1.00234
1.00453
1.01246
1.02894
1.06897
1.19152
1.48957
2.09625
2.40907
2.46824
2.46662
2.4597
2.44553
2.43109
2.41849
2.40449
1
1
1
1.00001
1.00002
1.00004
1.00013
1.00024
1.00073
1.0014
1.00394
1.00856
1.02157
1.05763
1.12998
1.37447
1.99927
2.28789
2.42412
2.44517
2.45022
2.44643
2.43696
2.42767
2.41634
1
1
1
1.00001
1.00001
1.00004
1.00007
1.00022
1.00042
1.00124
1.00244
1.00667
1.01513
1.03698
1.1004
1.23472
1.60508
2.24914
2.40211
2.41903
2.42957
2.43702
2.43961
2.43719
2.43044
1
1
1
1
1.00001
1.00002
1.00007
1.00013
1.00038
1.00074
1.00203
1.0045
1.01107
1.02964
1.06593
1.1934
1.46861
2.08096
2.38429
2.42695
2.42968
2.43814
2.44458
2.44336
2.43862
1
1
1
1
1.00001
1.00002
1.00004
1.00012
1.00023
1.0007
1.00133
1.00374
1.00817
1.0204
1.05486
1.12146
1.35962
1.90806
2.31064
2.45302
2.45149
2.44718
2.44933
2.44644
2.43987
1
1
1
1
1.00001
1.00002
1.00003
1.0001
1.00017
1.00055
1.001
1.00307
1.00588
1.0169
1.03617
1.09638
1.23049
1.71821
2.15019
2.42813
2.47687
2.47482
2.47167
2.4596
2.44359
1
1
1
1
1
1.00001
1.00003
1.00005
1.00016
1.0003
1.00088
1.00177
1.0047
1.01116
1.02655
1.07518
1.15991
1.49926
2.15969
2.40895
2.49415
2.49273
2.48742
2.47562
2.45391
1
1
1
1
1
1.00001
1.00002
1.00005
1.00009
1.00028
1.00055
1.00147
1.00339
1.00812
1.02223
1.04868
1.14851
1.33154
1.91981
2.37647
2.53773
2.53363
2.51504
2.49362
2.46445
1
1
1
1
1
1.00001
1.00002
1.00003
1.0001
1.00019
1.00058
1.00109
1.00329
1.00648
1.01813
1.04101
1.10346
1.26807
1.77648
2.30511
2.55372
2.55975
2.53918
2.51037
2.47459
1
1
1
1
1
1
1.00001
1.00003
1.00008
1.00015
1.00046
1.00086
1.00249
1.00529
1.01364
1.03558
1.0814
1.23657
1.61904
2.28874
2.57786
2.60303
2.57137
2.541
2.49881
1
1
1
1
1
1
1.00001
1.00003
1.00005
1.00016
1.0003
1.00093
1.0018
1.00505
1.01134
1.02821
1.07896
1.17264
1.53594
2.28675
2.56896
2.64186
2.60308
2.56934
2.52527
1
1
1
1
1
1
1.00001
1.00002
1.00005
1.00014
1.00026
1.00081
1.00154
1.00441
1.0097
1.02436
1.06758
1.14874
1.46543
2.20192
2.56928
2.67583
2.63008
2.58566
2.54057
1
1
1
1
1
1
1.00001
1.00002
1.00005
1.00009
1.00026
1.00054
1.00141
1.00345
1.00804
1.02279
1.04902
1.15494
1.34924
1.98317
2.55059
2.70714
2.66965
2.61744
2.5705
1
1
1
1
1
1
1.00001
1.00002
1.00004
1.00012
1.00021
1.00067
1.00124
1.00376
1.00749
1.02054
1.04914
1.11812
1.32931
1.93235
2.50017
2.70128
2.67055
2.62452
2.59235
1
1
1
1
1
1
1.00001
1.00002
1.00003
1.00011
1.00019
1.00062
1.00113
1.00352
1.00671
1.0194
1.04312
1.1098
1.29181
1.85651
2.49445
2.71132
2.67905
2.6423
2.61204
1
1
1
1
1
1
1.00001
1.00002
1.00003
1.0001
1.00017
1.00055
1.00101
1.0031
1.00614
1.01693
1.04088
1.09831
1.27653
1.78536
2.47527
2.71105
2.67547
2.65869
2.63005
1
1
1
1
1
1
1.00001
1.00001
1.00004
1.00007
1.00021
1.00039
1.00121
1.00231
1.00668
1.01448
1.03707
1.10063
1.23447
1.66303
2.5183
2.70058
2.69174
2.66506
2.63386
1
1
1
1
1
1
1.00001
1.00001
1.00003
1.00006
1.0002
1.00036
1.00112
1.00213
1.00621
1.0133
1.03453
1.09294
1.21675
1.62398
2.48427
2.70444
2.70273
2.67837
2.64366
1
1
1
1
1
1
1
1.00001
1.00002
1.00007
1.00013
1.00035
1.00079
1.00195
1.00524
1.01174
1.03474
1.07283
1.24051
1.57294
2.37068
2.70289
2.72082
2.69628
2.66356
1
1
1
1
1
1
1.00001
1.00001
1.00003
1.00005
1.00017
1.00031
1.00097
1.00188
1.00534
1.01194
1.03004
1.08437
1.18649
1.57704
2.38976
2.6805
2.72069
2.6979
2.66532
1
1
1
1
1
1
1
1.00001
1.00003
1.00005
1.00016
1.00029
1.00089
1.00173
1.00487
1.01113
1.02775
1.07916
1.17327
1.54919
2.35685
2.68559
2.7273
2.70209
2.66386
1
1
1
1
1
1
1
1.00001
1.00002
1.00005
1.00011
1.00029
1.00066
1.00161
1.0044
1.00978
1.02929
1.061
1.2038
1.4667
2.23526
2.69372
2.74482
2.71852
2.67451
1
1
1
1
1
1
1
1.00001
1.00002
1.00004
1.00012
1.00025
1.00067
1.0016
1.00384
1.01063
1.0237
1.0728
1.15122
1.51266
2.25261
2.67915
2.73998
2.71404
2.66994
1
1
1
1
1
1
1
1.00001
1.00002
1.00005
1.0001
1.0003
1.00059
1.00162
1.00382
1.0092
1.0261
1.05695
1.18266
1.42053
2.13314
2.69409
2.75209
2.72207
2.67155
1
1
1
1
1
1
1
1.00001
1.00002
1.00005
1.00009
1.00029
1.00056
1.00155
1.00359
1.00871
1.02464
1.05406
1.17312
1.39951
2.07329
2.68869
2.75357
2.72048
2.66795
1
1
1
1
1
1
1
1.00001
1.00002
1.00004
1.00012
1.00023
1.00071
1.00139
1.00385
1.00893
1.02179
1.06273
1.13561
1.44011
2.11695
2.69414
2.75131
2.71881
2.66599
1
1
1
1
1
1
1
1.00001
1.00002
1.00004
1.00013
1.00023
1.00074
1.00135
1.00418
1.0084
1.02247
1.05874
1.13345
1.41334
2.08998
2.70106
2.75314
2.72143
2.66846
1
1
1
1
1
1
1
1.00001
1.00002
1.00004
1.00012
1.00022
1.00069
1.00132
1.0038
1.00832
1.0209
1.058
1.12867
1.40387
2.06836
2.69928
2.7522
2.72256
2.67054
1
1
1
1
1
1
1
1.00001
1.00001
1.00004
1.00008
1.00025
1.00051
1.00132
1.00325
1.0075
1.02163
1.04643
1.14916
1.34058
1.95765
2.67411
2.75984
2.72971
2.67418
1
1
1
1
1
1
1
1.00001
1.00002
1.00004
1.00012
1.00022
1.00068
1.00128
1.00382
1.00796
1.0208
1.05512
1.12537
1.38075
2.04507
2.68595
2.75382
2.72673
2.67587
2.44914
2.758
2.98252
3.25955
3.23407
3.19801
3.18556
3.1814
3.17593
3.16864
3.16191
3.15898
3.15868
3.15839
3.15871
3.15954
3.16297
3.16655
3.17209
3.17683
3.18258
3.18672
3.19071
3.19391
3.19546
3.19599
3.19601
3.19296
3.19035
3.18461
3.17883
3.17292
3.16789
3.16389
3.15718
3.15006
3.14369
3.13352
3.12511
3.11617
3.10809
3.09759
3.08881
3.07668
3.06629
3.05493
3.04357
3.03098
3.02007
3.00727
2.99634
2.98377
2.97259
2.95998
2.9484
2.93606
2.92387
2.91162
2.89928
2.88704
2.87508
2.86262
2.85082
2.83837
2.82651
2.81424
2.80239
2.79036
2.77866
2.76686
2.75543
2.74385
2.73274
2.72148
2.71063
2.6998
2.68926
2.67882
2.66874
2.65875
2.64909
2.63984
2.63066
2.62219
2.61393
2.60614
2.59918
2.59242
2.58674
2.58178
2.57759
2.575
2.57336
2.57311
2.57323
2.57363
2.57518
2.57728
2.58211
2.58036
2.34735
2.52512
2.69093
3.01341
3.19723
3.28089
3.43025
3.5165
3.49627
3.49465
3.4918
3.49648
3.49742
3.49549
3.48883
3.4809
3.46915
3.4514
3.43116
3.41083
3.39075
3.37201
3.35985
3.34376
3.32612
3.30277
3.28527
3.25955
3.2377
3.21674
3.19068
3.17172
3.14758
3.12862
3.10417
3.08427
3.06139
3.04252
3.02083
3.0027
2.98319
2.96557
2.94749
2.92944
2.91145
2.8947
2.8779
2.862
2.84576
2.83078
2.81504
2.80098
2.78558
2.77181
2.75689
2.74321
2.72888
2.71545
2.70171
2.68869
2.67547
2.6629
2.65021
2.63808
2.62588
2.61418
2.60244
2.59106
2.57974
2.56864
2.55771
2.5469
2.53642
2.52594
2.51596
2.50593
2.49635
2.48696
2.47767
2.46894
2.46009
2.45184
2.44376
2.43593
2.42875
2.42163
2.4154
2.40941
2.40423
2.39987
2.39616
2.39384
2.39259
2.39241
2.39254
2.39288
2.39435
2.39623
2.40049
2.39842
2.32294
2.3581
2.45898
2.56095
2.725
2.90346
3.05188
3.24989
3.36608
3.43993
3.47504
3.5174
3.54175
3.56
3.56183
3.55435
3.53875
3.51121
3.47483
3.43804
3.40069
3.36228
3.32466
3.28116
3.24027
3.19584
3.15505
3.11109
3.07032
3.02854
2.98959
2.95241
2.91726
2.88482
2.85344
2.82375
2.79526
2.76915
2.74389
2.72138
2.69931
2.68037
2.66108
2.6437
2.62526
2.60954
2.59302
2.57899
2.56379
2.55067
2.53645
2.52385
2.51045
2.49839
2.48575
2.47423
2.46226
2.4513
2.43996
2.42953
2.41875
2.40877
2.39846
2.38884
2.37896
2.3696
2.36015
2.35098
2.34198
2.33301
2.32443
2.31573
2.30747
2.29914
2.29111
2.28323
2.27542
2.26799
2.26054
2.25345
2.24654
2.23979
2.2335
2.22718
2.22143
2.21589
2.21068
2.20627
2.20198
2.19879
2.19617
2.19443
2.19426
2.19444
2.19497
2.19554
2.19764
2.19978
2.20454
2.20329
2.32447
2.29513
2.32991
2.36752
2.4422
2.52825
2.62871
2.7219
2.82675
2.92489
2.9951
3.05021
3.08907
3.11047
3.12092
3.11896
3.11187
3.09707
3.07385
3.04633
3.01148
2.97497
2.93439
2.89452
2.8541
2.81601
2.77912
2.74425
2.71136
2.68076
2.65287
2.62693
2.60397
2.58261
2.56369
2.54716
2.53209
2.51875
2.50605
2.49487
2.48389
2.47464
2.46488
2.45586
2.4458
2.43686
2.42764
2.41923
2.41045
2.40213
2.39351
2.38519
2.37666
2.36837
2.35989
2.35164
2.3432
2.33501
2.32661
2.31848
2.31014
2.30204
2.29378
2.28566
2.2775
2.26934
2.2613
2.25314
2.24519
2.23716
2.22922
2.22147
2.21353
2.20605
2.19834
2.19095
2.18371
2.17636
2.16952
2.16234
2.15576
2.14906
2.14269
2.13678
2.13085
2.12577
2.12067
2.1164
2.11263
2.10934
2.10731
2.10574
2.10587
2.10623
2.10717
2.10789
2.1108
2.11335
2.11904
2.11917
2.3308
2.2948
2.27792
2.29405
2.31883
2.36111
2.40522
2.45798
2.49896
2.54237
2.57097
2.59858
2.61316
2.62577
2.62623
2.62216
2.61454
2.60427
2.59245
2.57823
2.56301
2.5476
2.53233
2.51785
2.50438
2.49206
2.48081
2.4707
2.46154
2.45345
2.44611
2.43969
2.43376
2.42855
2.42344
2.41891
2.41409
2.40976
2.40468
2.40016
2.39496
2.39065
2.38545
2.3803
2.37391
2.3677
2.36127
2.35495
2.3485
2.34189
2.33517
2.32828
2.32127
2.31422
2.30702
2.29992
2.29263
2.28542
2.27815
2.27076
2.26356
2.25605
2.24883
2.24132
2.23394
2.22653
2.21897
2.21167
2.20403
2.19678
2.18922
2.18189
2.17457
2.1671
2.15997
2.15244
2.14544
2.13808
2.13123
2.12438
2.1177
2.11148
2.10513
2.09953
2.09385
2.08878
2.08415
2.07975
2.07641
2.07315
2.07128
2.07006
2.07021
2.07059
2.07142
2.07258
2.07594
2.07884
2.0845
2.08573
2.33758
2.29683
2.2772
2.26832
2.27724
2.29373
2.312
2.33294
2.34944
2.36219
2.37189
2.37714
2.38134
2.38349
2.38336
2.38095
2.37901
2.37462
2.3738
2.37202
2.36903
2.36659
2.3638
2.36159
2.35996
2.35866
2.35786
2.35715
2.35678
2.35644
2.35619
2.35598
2.35553
2.3551
2.35415
2.35329
2.35151
2.34978
2.34701
2.3441
2.34076
2.33755
2.33404
2.32985
2.32491
2.31949
2.31397
2.30837
2.3026
2.29677
2.29069
2.28445
2.2781
2.27141
2.26488
2.25788
2.25118
2.24403
2.2371
2.2299
2.22271
2.21553
2.20815
2.201
2.19358
2.18639
2.1791
2.17183
2.16477
2.15747
2.15062
2.14339
2.13654
2.12953
2.12263
2.11597
2.10912
2.10278
2.09618
2.09014
2.084
2.07823
2.07274
2.06729
2.06255
2.05769
2.05376
2.04991
2.04692
2.04454
2.04285
2.04254
2.04282
2.04355
2.04421
2.04586
2.04937
2.05312
2.05838
2.05983
2.34834
2.30889
2.28171
2.26806
2.26708
2.27243
2.27703
2.28306
2.28464
2.28518
2.28174
2.27901
2.27486
2.27274
2.27076
2.26994
2.2681
2.26668
2.26697
2.26874
2.27109
2.27274
2.27501
2.2769
2.27942
2.28142
2.28415
2.28591
2.28843
2.28969
2.29156
2.29231
2.29302
2.29302
2.2928
2.29224
2.29099
2.28958
2.28727
2.28483
2.28191
2.27924
2.2762
2.27266
2.26838
2.26356
2.25869
2.25347
2.24839
2.2429
2.2375
2.23173
2.22588
2.21983
2.21357
2.2073
2.20078
2.19434
2.18771
2.18105
2.17437
2.16745
2.16073
2.15366
2.14685
2.1398
2.13286
2.12593
2.11887
2.11203
2.10487
2.09817
2.09112
2.08462
2.0778
2.07148
2.06502
2.05883
2.05285
2.04687
2.0414
2.0358
2.03083
2.02586
2.02139
2.01732
2.0135
2.01054
2.00775
2.00609
2.00498
2.00513
2.00553
2.00634
2.00735
2.00984
2.01335
2.01722
2.02227
2.02344
2.34859
2.31866
2.30165
2.2827
2.27113
2.26834
2.26571
2.26221
2.25546
2.24716
2.23898
2.22939
2.22231
2.21542
2.21209
2.20969
2.20885
2.20746
2.20773
2.2091
2.21295
2.2165
2.22012
2.22336
2.22684
2.22998
2.23342
2.23633
2.23951
2.24185
2.2444
2.24596
2.24778
2.2485
2.24965
2.24958
2.24932
2.24864
2.2474
2.2455
2.24351
2.24129
2.23902
2.23596
2.23227
2.22791
2.22319
2.21824
2.21293
2.20764
2.20194
2.19626
2.19025
2.18412
2.17793
2.17143
2.16512
2.15841
2.15197
2.1452
2.13859
2.13185
2.12508
2.11841
2.11153
2.10491
2.09801
2.09135
2.08448
2.07777
2.07106
2.06429
2.05775
2.05101
2.04464
2.03809
2.03188
2.02566
2.01964
2.01391
2.00819
2.00303
1.9978
1.99329
1.98881
1.98506
1.98163
1.97881
1.97669
1.97519
1.97483
1.97505
1.97571
1.97628
1.97781
1.98101
1.98455
1.98878
1.99343
1.99486
2.35295
2.3285
2.31051
2.29888
2.29063
2.27811
2.26755
2.25759
2.24564
2.23318
2.21978
2.20813
2.19663
2.18875
2.18179
2.17876
2.17617
2.17549
2.17429
2.17458
2.17548
2.17885
2.18158
2.18513
2.18794
2.1914
2.19422
2.19758
2.20026
2.20319
2.20541
2.20762
2.20916
2.21055
2.21128
2.21183
2.21171
2.21111
2.20997
2.20836
2.2063
2.20442
2.20208
2.19943
2.196
2.19215
2.18801
2.18338
2.17875
2.17364
2.16858
2.16316
2.15764
2.15201
2.14608
2.14028
2.13407
2.12809
2.12171
2.1155
2.10905
2.10259
2.09612
2.08949
2.08301
2.07633
2.06982
2.06331
2.05679
2.0505
2.04395
2.03781
2.03134
2.0253
2.01904
2.0131
2.00713
2.00136
1.99577
1.99027
1.98518
1.9801
1.97562
1.97119
1.96753
1.96403
1.96136
1.95914
1.95767
1.95711
1.95731
1.95791
1.95849
1.95973
1.96236
1.96587
1.9697
1.97358
1.97803
1.97911
2.36488
2.34316
2.32372
2.30963
2.29728
2.28689
2.27428
2.25956
2.24433
2.22959
2.21496
2.20143
2.18942
2.17906
2.17111
2.16495
2.16095
2.15783
2.156
2.15429
2.15351
2.15356
2.1551
2.15747
2.16017
2.16294
2.16569
2.16848
2.1711
2.17363
2.17585
2.1779
2.17954
2.18092
2.18186
2.18247
2.18246
2.18214
2.1812
2.17969
2.17795
2.17618
2.17412
2.1718
2.16863
2.16537
2.16138
2.15736
2.15277
2.14808
2.14311
2.13789
2.13266
2.12703
2.12156
2.11562
2.10989
2.10376
2.09774
2.09153
2.08524
2.07899
2.07247
2.06613
2.05948
2.05313
2.04653
2.04017
2.03371
2.02737
2.0211
2.01482
2.00875
2.00259
1.99675
1.99076
1.98518
1.97946
1.97417
1.96889
1.96391
1.95924
1.95477
1.95093
1.94725
1.94446
1.9419
1.9404
1.93933
1.93941
1.93974
1.94031
1.94122
1.9432
1.94667
1.94966
1.95375
1.95647
1.9608
1.96108
2.38502
2.36383
2.34372
2.32428
2.30685
2.29068
2.27517
2.26014
2.24418
2.22766
2.21226
2.19773
2.18472
2.17321
2.16334
2.15529
2.1488
2.14385
2.14017
2.13717
2.13538
2.13379
2.13356
2.13375
2.13554
2.13762
2.13968
2.14198
2.14382
2.14596
2.14756
2.14932
2.15048
2.15171
2.1523
2.15275
2.15266
2.15247
2.15154
2.1504
2.1489
2.14742
2.14581
2.1436
2.14105
2.13779
2.13436
2.13037
2.12617
2.1217
2.11695
2.11218
2.10706
2.10204
2.09666
2.09137
2.0858
2.08021
2.07449
2.06861
2.06277
2.05665
2.05068
2.04445
2.03841
2.03221
2.02608
2.02001
2.01384
2.00794
2.00183
1.99608
1.9901
1.98449
1.97874
1.9733
1.96791
1.9627
1.95779
1.95292
1.94854
1.94421
1.94053
1.93695
1.93424
1.93171
1.93022
1.92904
1.92907
1.92935
1.92996
1.93067
1.93299
1.93495
1.93892
1.94137
1.94535
1.94726
1.95117
1.95109
2.40069
2.38215
2.36139
2.34144
2.31997
2.30035
2.28052
2.26218
2.24543
2.22956
2.21401
2.19986
2.18612
2.17399
2.16255
2.15299
2.14442
2.13756
2.13126
2.12666
2.12259
2.11981
2.11738
2.11615
2.11509
2.11529
2.11636
2.11769
2.11912
2.12108
2.12262
2.12438
2.12564
2.12704
2.12777
2.12865
2.12884
2.12898
2.12861
2.12786
2.12669
2.12587
2.12449
2.12303
2.1207
2.11805
2.11494
2.11136
2.10765
2.10336
2.0992
2.09448
2.08996
2.08499
2.08008
2.07492
2.06957
2.06419
2.05843
2.05281
2.04673
2.04086
2.0347
2.02864
2.02252
2.01628
2.01023
2.00388
1.99792
1.9916
1.98573
1.97957
1.97379
1.9679
1.96225
1.95672
1.95136
1.94626
1.94137
1.93682
1.93252
1.92873
1.92524
1.92245
1.92
1.91846
1.91731
1.91729
1.91757
1.918
1.91889
1.92042
1.9236
1.926
1.92966
1.93187
1.93503
1.93647
1.93959
1.93913
2.41635
2.39794
2.37579
2.35344
2.33063
2.30868
2.28817
2.26871
2.25027
2.23361
2.21783
2.203
2.18931
2.17615
2.16424
2.15297
2.14314
2.13426
2.12677
2.11981
2.1141
2.10897
2.10512
2.10176
2.09977
2.09836
2.09813
2.09837
2.09952
2.10132
2.10292
2.10495
2.10634
2.10812
2.10909
2.11046
2.11086
2.11165
2.11151
2.11097
2.11033
2.10935
2.10834
2.10677
2.10462
2.10207
2.09899
2.09572
2.09181
2.08783
2.08326
2.07869
2.0737
2.06868
2.06345
2.05812
2.05277
2.04723
2.0418
2.03611
2.03059
2.02488
2.01929
2.01358
2.00789
2.00217
1.99638
1.99068
1.98485
1.97923
1.97345
1.96794
1.96234
1.95697
1.95166
1.94651
1.94159
1.93683
1.93238
1.92813
1.9244
1.9209
1.91813
1.91564
1.91409
1.9129
1.91282
1.9131
1.91348
1.91431
1.91648
1.91858
1.92204
1.92448
1.92756
1.92932
1.93164
1.93261
1.93504
1.93412
2.42782
2.41129
2.38982
2.36724
2.34399
2.32142
2.29993
2.27991
2.2612
2.24331
2.22702
2.21105
2.1964
2.1821
2.16895
2.15646
2.145
2.13462
2.12525
2.11708
2.10989
2.10378
2.09895
2.0949
2.09216
2.08999
2.08887
2.08827
2.08847
2.08887
2.09016
2.09162
2.09291
2.09434
2.09526
2.09635
2.09673
2.09729
2.09705
2.09652
2.09556
2.0946
2.09345
2.09183
2.08978
2.08712
2.08427
2.08083
2.07722
2.07314
2.06892
2.06442
2.05974
2.05497
2.04996
2.04499
2.03975
2.03457
2.02915
2.02375
2.0183
2.01274
2.00726
2.00158
1.99605
1.99031
1.98474
1.97902
1.97347
1.96784
1.96239
1.95695
1.95164
1.94651
1.94143
1.93669
1.93202
1.92777
1.92365
1.92008
1.91673
1.91411
1.91178
1.91035
1.90929
1.90929
1.90958
1.91
1.91095
1.91259
1.91552
1.91804
1.9211
1.92321
1.92544
1.92662
1.92797
1.92845
1.93009
1.92861
2.42847
2.41269
2.39347
2.37283
2.35202
2.3313
2.31171
2.29263
2.275
2.25761
2.24147
2.22528
2.21024
2.19514
2.18111
2.16736
2.15483
2.14284
2.13238
2.12242
2.1143
2.10655
2.10042
2.09463
2.09021
2.08627
2.08358
2.08137
2.08003
2.07904
2.07854
2.07855
2.07901
2.07957
2.08012
2.08051
2.08065
2.08054
2.08007
2.07921
2.07787
2.07676
2.07524
2.07369
2.07146
2.06905
2.06625
2.06317
2.05984
2.05615
2.05229
2.04811
2.04374
2.03916
2.03434
2.02946
2.02428
2.01916
2.01374
2.00851
2.00307
1.99778
1.99241
1.98707
1.98181
1.97643
1.97127
1.9659
1.9608
1.9555
1.95048
1.94535
1.94051
1.93563
1.93118
1.92666
1.92275
1.91876
1.91548
1.91231
1.90991
1.90781
1.90654
1.90571
1.9058
1.90609
1.90673
1.90774
1.90993
1.91223
1.91543
1.91763
1.9203
1.92169
1.92319
1.92374
1.92425
1.92433
1.92507
1.92327
2.42763
2.41013
2.39135
2.37203
2.35326
2.3349
2.31765
2.30084
2.28475
2.26891
2.25336
2.23797
2.22279
2.20796
2.19334
2.17938
2.16565
2.15299
2.14083
2.12985
2.1196
2.11018
2.10175
2.09416
2.08757
2.08167
2.07676
2.07258
2.06923
2.06656
2.06445
2.06291
2.06188
2.06125
2.06108
2.06086
2.06068
2.06018
2.05955
2.05835
2.05705
2.05566
2.05411
2.05248
2.05024
2.04793
2.04505
2.04214
2.03882
2.03531
2.0316
2.02749
2.02338
2.01879
2.0143
2.00938
2.00452
1.99947
1.99435
1.98935
1.98408
1.97918
1.97385
1.96901
1.96374
1.95893
1.9538
1.94902
1.94406
1.93933
1.9346
1.93
1.92559
1.92126
1.91727
1.91347
1.91
1.90684
1.90415
1.90191
1.90022
1.89911
1.89866
1.89882
1.8992
1.90003
1.90122
1.90364
1.90608
1.90896
1.91162
1.91344
1.91548
1.91603
1.91701
1.91688
1.91672
1.9164
1.91629
1.91457
2.4305
2.41016
2.39071
2.37174
2.35411
2.33698
2.32092
2.30533
2.29006
2.27497
2.25976
2.24469
2.22952
2.21449
2.19966
2.18509
2.17089
2.15733
2.14423
2.13197
2.1202
2.10941
2.09918
2.08989
2.08135
2.07354
2.06667
2.06055
2.05536
2.05107
2.04744
2.04461
2.04232
2.04098
2.0397
2.03892
2.0384
2.03782
2.03725
2.03623
2.03519
2.03383
2.03268
2.03107
2.02923
2.02698
2.02443
2.02178
2.01867
2.01557
2.01193
2.00826
2.00422
1.99997
1.99565
1.99091
1.98634
1.98129
1.97659
1.97147
1.96667
1.96161
1.95675
1.95181
1.94692
1.94216
1.9373
1.93273
1.92796
1.92361
1.91904
1.91495
1.91073
1.90703
1.90333
1.90017
1.89712
1.89472
1.89261
1.89126
1.89025
1.89017
1.89038
1.89086
1.89188
1.89337
1.89568
1.89864
1.90105
1.90408
1.90556
1.90765
1.90808
1.90895
1.9086
1.90833
1.90776
1.90717
1.90654
1.90483
2.43856
2.41416
2.3933
2.3743
2.35696
2.34054
2.32483
2.30955
2.29433
2.27927
2.26397
2.24867
2.23334
2.21797
2.20291
2.18792
2.17335
2.15912
2.14536
2.13211
2.11936
2.10732
2.09577
2.0851
2.07497
2.06598
2.05771
2.05027
2.0438
2.03822
2.03353
2.02961
2.02627
2.0239
2.02198
2.02076
2.0196
2.01895
2.01818
2.01764
2.0167
2.01583
2.01486
2.01365
2.01213
2.01018
2.00806
2.00563
2.0029
1.99999
1.9966
1.99319
1.9892
1.98529
1.98085
1.97648
1.97176
1.96711
1.9623
1.95753
1.95273
1.94793
1.94319
1.93841
1.93375
1.92904
1.9245
1.91994
1.91562
1.91126
1.90727
1.9032
1.89967
1.89607
1.89315
1.89016
1.88798
1.88598
1.88484
1.88404
1.88412
1.88444
1.88516
1.88618
1.88834
1.89059
1.89405
1.89624
1.89929
1.90079
1.90272
1.90325
1.90381
1.90355
1.90302
1.90251
1.90138
1.90021
1.8989
1.89721
2.44524
2.42065
2.39963
2.3808
2.36347
2.3472
2.33143
2.31586
2.30025
2.28474
2.26903
2.25332
2.23755
2.2218
2.20626
2.19083
2.17575
2.16087
2.14644
2.13247
2.11901
2.10617
2.09396
2.08249
2.07172
2.06162
2.05229
2.04378
2.03628
2.02938
2.02368
2.01842
2.01421
2.01051
2.008
2.00585
2.00446
2.00329
2.00247
2.0018
2.0011
2.00055
1.99974
1.99885
1.9976
1.99609
1.99435
1.99214
1.98989
1.98706
1.98423
1.98086
1.97738
1.97353
1.96946
1.96524
1.96075
1.95631
1.95158
1.94704
1.94221
1.93766
1.93284
1.92834
1.92361
1.91925
1.91469
1.91055
1.90628
1.90246
1.89856
1.89521
1.89185
1.88909
1.88637
1.88432
1.88255
1.88149
1.88089
1.881
1.88133
1.8821
1.88328
1.88584
1.88798
1.89152
1.89369
1.8967
1.89818
1.89999
1.90059
1.90103
1.90075
1.90047
1.8998
1.89899
1.89726
1.89572
1.89414
1.8925
2.46451
2.43707
2.41391
2.39358
2.3749
2.35729
2.34055
2.3244
2.30839
2.29254
2.27649
2.26048
2.2443
2.22829
2.21226
2.19651
2.18087
2.16553
2.15061
2.13601
2.12207
2.10841
2.09558
2.0831
2.07142
2.06042
2.05006
2.04065
2.03177
2.02396
2.01697
2.01101
2.00597
2.00147
1.99788
1.99502
1.99298
1.99133
1.99039
1.98973
1.98941
1.98894
1.98845
1.98775
1.98676
1.98563
1.98404
1.98233
1.98018
1.9778
1.97513
1.97204
1.96886
1.96513
1.96145
1.95721
1.95314
1.94856
1.94422
1.93945
1.93495
1.93016
1.92558
1.92089
1.91635
1.91183
1.90748
1.90324
1.89926
1.8954
1.89198
1.88868
1.88595
1.88339
1.88139
1.87986
1.87891
1.87867
1.87886
1.87923
1.88024
1.88163
1.88453
1.88674
1.89019
1.89235
1.89516
1.89664
1.89814
1.8988
1.89891
1.8987
1.89827
1.89769
1.89635
1.89504
1.89279
1.8909
1.88906
1.88731
2.49103
2.4646
2.44172
2.41941
2.39783
2.37689
2.35649
2.33759
2.31958
2.30215
2.28502
2.26807
2.25134
2.23473
2.21839
2.20223
2.18629
2.17062
2.15529
2.14042
2.12591
2.11196
2.09848
2.08561
2.07336
2.06174
2.05084
2.04067
2.0312
2.02267
2.0148
2.00804
2.00198
1.99698
1.99272
1.98976
1.98754
1.98625
1.98546
1.98486
1.9843
1.98376
1.98325
1.98261
1.98193
1.98099
1.97986
1.9784
1.97662
1.97454
1.97205
1.96928
1.96609
1.96265
1.95883
1.95488
1.95062
1.94634
1.94179
1.93731
1.93265
1.92812
1.92349
1.91901
1.91451
1.9102
1.90591
1.90189
1.89797
1.89441
1.89101
1.88815
1.88547
1.88335
1.8817
1.88065
1.88015
1.88017
1.88034
1.88131
1.88272
1.88562
1.88788
1.89111
1.89323
1.89574
1.89726
1.89846
1.89918
1.89909
1.8987
1.89831
1.89739
1.89635
1.89423
1.89253
1.88994
1.88793
1.88586
1.88421
2.51005
2.4879
2.46878
2.44953
2.42956
2.409
2.38858
2.3678
2.34753
2.32745
2.30814
2.28904
2.27063
2.25244
2.23485
2.21733
2.2005
2.18393
2.16809
2.15267
2.13786
2.12341
2.10947
2.09599
2.08319
2.07087
2.05955
2.04863
2.03891
2.02962
2.02158
2.01409
2.00779
2.00218
1.99739
1.99317
1.98977
1.98711
1.98479
1.98323
1.98206
1.98145
1.98087
1.98053
1.97999
1.97945
1.97856
1.97745
1.97592
1.97411
1.97184
1.96928
1.9663
1.96308
1.9595
1.95579
1.95175
1.94766
1.94332
1.93899
1.93452
1.9301
1.92566
1.92128
1.91696
1.91275
1.90864
1.90478
1.90099
1.89771
1.89447
1.89198
1.8894
1.88785
1.8864
1.88604
1.88569
1.8858
1.88707
1.88856
1.89138
1.89355
1.89639
1.89845
1.90053
1.90208
1.90296
1.90355
1.90339
1.90298
1.90232
1.90159
1.90002
1.89844
1.89602
1.89397
1.89122
1.8889
1.88675
1.88489
2.53578
2.5096
2.48765
2.46804
2.44903
2.43028
2.41142
2.39254
2.37357
2.35483
2.33598
2.31751
2.29906
2.28098
2.26302
2.24548
2.22805
2.2109
2.19388
2.17725
2.16113
2.14553
2.13067
2.1165
2.10307
2.09047
2.07834
2.06716
2.05632
2.04644
2.03713
2.02866
2.02113
2.01431
2.00847
2.00312
1.99883
1.99516
1.99222
1.98985
1.98785
1.98637
1.98501
1.9841
1.98302
1.98214
1.98092
1.97964
1.97803
1.97617
1.97398
1.97141
1.96856
1.96542
1.96207
1.95849
1.95471
1.95076
1.94664
1.94244
1.93815
1.93388
1.92959
1.92538
1.92126
1.91725
1.91347
1.90981
1.90655
1.90354
1.90105
1.89881
1.89736
1.89622
1.89582
1.89541
1.89578
1.89738
1.89887
1.9015
1.90357
1.90607
1.9081
1.90982
1.91125
1.91196
1.91228
1.91202
1.91137
1.91084
1.90971
1.90853
1.90634
1.9045
1.90182
1.89963
1.8967
1.89434
1.89206
1.8902
2.56695
2.54243
2.51763
2.49348
2.47062
2.449
2.4284
2.40845
2.38893
2.36987
2.35117
2.33282
2.31481
2.29704
2.27957
2.26239
2.24547
2.22877
2.2124
2.1964
2.181
2.16588
2.15129
2.13683
2.12287
2.10913
2.09593
2.08337
2.07148
2.06061
2.05036
2.04128
2.03266
2.02497
2.01789
2.01137
2.00533
1.99993
1.99543
1.99161
1.9885
1.98606
1.98395
1.98235
1.9807
1.97948
1.97795
1.97681
1.9752
1.97375
1.97189
1.97001
1.96783
1.96538
1.96283
1.95983
1.95697
1.9536
1.9505
1.94697
1.94366
1.94009
1.93667
1.93319
1.92982
1.92664
1.92346
1.92083
1.91806
1.91621
1.91405
1.9131
1.9119
1.91155
1.9113
1.91204
1.91382
1.91551
1.91784
1.92004
1.92208
1.92404
1.9254
1.92648
1.92702
1.92698
1.92642
1.92583
1.92477
1.92386
1.92199
1.92023
1.91765
1.91549
1.91252
1.91007
1.90694
1.90442
1.90201
1.90012
2.59124
2.57218
2.55154
2.52912
2.50602
2.48295
2.46052
2.43883
2.4179
2.39757
2.37776
2.35829
2.33935
2.32077
2.30279
2.28519
2.26811
2.25115
2.2346
2.21781
2.20155
2.18522
2.16959
2.15417
2.13973
2.12564
2.11255
2.09992
2.08784
2.07624
2.06484
2.05392
2.04327
2.0333
2.02402
2.01557
2.00819
2.00159
1.99625
1.99152
1.98781
1.98454
1.98208
1.97987
1.9783
1.97684
1.97576
1.97472
1.97369
1.97266
1.97139
1.97014
1.9684
1.9668
1.96463
1.96265
1.95998
1.95751
1.95443
1.95161
1.94826
1.94518
1.94182
1.93867
1.93574
1.93279
1.93051
1.92831
1.92702
1.92596
1.92565
1.92566
1.926
1.92671
1.92863
1.93119
1.93362
1.93628
1.93894
1.94111
1.94327
1.94474
1.94583
1.94634
1.94628
1.9457
1.94467
1.94386
1.94255
1.94098
1.93874
1.93655
1.93385
1.9314
1.92836
1.92575
1.92257
1.91994
1.91748
1.91552
2.60879
2.59114
2.57396
2.55556
2.53585
2.51533
2.49452
2.4737
2.4526
2.43183
2.41097
2.39074
2.37071
2.35136
2.33222
2.3136
2.29502
2.27684
2.25877
2.24113
2.22399
2.20749
2.19149
2.17595
2.16077
2.1458
2.13118
2.11677
2.10272
2.08933
2.07645
2.06472
2.05374
2.04413
2.03525
2.02762
2.02053
2.01413
2.00831
2.00301
1.99843
1.99431
1.99112
1.98847
1.98665
1.98521
1.98438
1.98376
1.98318
1.98277
1.98191
1.98122
1.97978
1.97866
1.97645
1.97482
1.97208
1.97006
1.96682
1.9643
1.96066
1.95784
1.95427
1.95146
1.9485
1.94619
1.94421
1.94281
1.94166
1.94103
1.94054
1.94072
1.94172
1.94312
1.94561
1.94785
1.95043
1.95301
1.95516
1.95747
1.95889
1.96021
1.96073
1.96079
1.96012
1.95951
1.95834
1.9574
1.9554
1.9538
1.95111
1.94907
1.94607
1.94374
1.94048
1.938
1.93463
1.93219
1.92958
1.92788
2.61295
2.59841
2.58527
2.5708
2.55523
2.53811
2.52048
2.50242
2.48418
2.46568
2.4468
2.42758
2.40807
2.38841
2.36891
2.34971
2.33098
2.31275
2.2949
2.27737
2.25984
2.24266
2.2252
2.20837
2.19143
2.17535
2.15964
2.14497
2.13102
2.11821
2.10625
2.0951
2.08449
2.07438
2.06458
2.05531
2.04622
2.0379
2.02984
2.02292
2.01682
2.01172
2.00759
2.00424
2.00153
1.99931
1.99758
1.99615
1.99511
1.99414
1.99328
1.9925
1.99161
1.99075
1.98962
1.9885
1.98689
1.98518
1.9829
1.98056
1.9778
1.97491
1.97189
1.96863
1.96551
1.96246
1.95956
1.95725
1.95498
1.95378
1.9531
1.95379
1.95468
1.95672
1.95823
1.96081
1.96291
1.96515
1.96722
1.96855
1.97002
1.97043
1.97079
1.97028
1.96955
1.96886
1.96758
1.96656
1.96436
1.96298
1.96016
1.95856
1.95532
1.95357
1.95
1.94817
1.94456
1.94265
1.94001
1.93882
2.6196
2.60428
2.59165
2.57806
2.56322
2.54767
2.53188
2.51581
2.49923
2.48218
2.46485
2.44727
2.42992
2.41269
2.39563
2.37849
2.36116
2.34324
2.32505
2.30629
2.28766
2.26921
2.25144
2.23445
2.2183
2.20308
2.18852
2.17462
2.16112
2.14793
2.13479
2.12196
2.10939
2.09714
2.08535
2.07417
2.06366
2.05396
2.04508
2.03711
2.0298
2.02333
2.01752
2.01252
2.00825
2.00485
2.00214
2.00013
1.99866
1.99773
1.99715
1.9969
1.99667
1.99643
1.99593
1.99524
1.99426
1.99286
1.99133
1.98928
1.98743
1.98529
1.98315
1.98131
1.97909
1.97753
1.97531
1.97453
1.97302
1.97329
1.97383
1.97477
1.97686
1.97835
1.98123
1.9831
1.98578
1.98761
1.98942
1.99076
1.99132
1.99181
1.99147
1.99068
1.99015
1.98908
1.9882
1.98623
1.98492
1.98235
1.98044
1.97797
1.97532
1.97328
1.97005
1.96841
1.96506
1.96383
1.96128
1.9612
2.63769
2.62056
2.60692
2.59328
2.5788
2.56336
2.54723
2.53106
2.51464
2.49844
2.48215
2.46582
2.44904
2.43175
2.41349
2.39473
2.37541
2.35612
2.33717
2.31888
2.3012
2.28444
2.26818
2.2525
2.23714
2.22185
2.20683
2.19174
2.17689
2.16226
2.14792
2.13406
2.12071
2.10784
2.09568
2.08402
2.07305
2.06251
2.05275
2.04344
2.0349
2.02708
2.02002
2.01386
2.00869
2.00452
2.00117
1.99872
1.99696
1.99612
1.99557
1.99549
1.99547
1.9954
1.99512
1.99445
1.99363
1.99251
1.99142
1.9902
1.98913
1.98816
1.98734
1.98662
1.98665
1.987
1.98774
1.98907
1.99192
1.99392
1.99752
2.00035
2.00407
2.00744
2.01067
2.01398
2.01616
2.01862
2.0199
2.02099
2.02135
2.02117
2.02051
2.01942
2.01873
2.01729
2.01617
2.01384
2.01238
2.00965
2.00813
2.0052
2.00362
2.00057
1.99894
1.99604
1.99416
1.99186
1.99015
1.98914
2.64178
2.62747
2.61605
2.60401
2.59122
2.57737
2.563
2.54849
2.53401
2.51907
2.50329
2.48634
2.46817
2.44937
2.43009
2.41113
2.39245
2.37447
2.35686
2.33984
2.32278
2.30607
2.28912
2.27244
2.25571
2.23922
2.22305
2.20712
2.19176
2.17667
2.16205
2.14777
2.13388
2.12025
2.10708
2.09425
2.08196
2.07023
2.05919
2.04875
2.03903
2.03023
2.02213
2.01527
2.00942
2.00464
2.0011
1.99853
1.99681
1.9958
1.99517
1.99464
1.99427
1.99399
1.9936
1.993
1.99236
1.99181
1.99148
1.99147
1.99159
1.99204
1.9928
1.99415
1.99622
1.99857
2.00152
2.00489
2.00858
2.01279
2.01676
2.02124
2.02492
2.02919
2.03207
2.0355
2.03757
2.03949
2.04072
2.04132
2.04155
2.04115
2.0403
2.03975
2.03863
2.03766
2.03598
2.03417
2.03267
2.03032
2.02902
2.02647
2.02509
2.02229
2.02074
2.0175
2.0157
2.01202
2.01036
2.00682
2.63962
2.62557
2.6146
2.60341
2.59129
2.57894
2.56662
2.55415
2.5408
2.52617
2.51031
2.49351
2.47603
2.4585
2.44095
2.4238
2.40659
2.38966
2.37235
2.35515
2.33742
2.32
2.30237
2.28522
2.26828
2.25176
2.23566
2.21978
2.20429
2.18888
2.17382
2.15899
2.14441
2.13032
2.11665
2.10342
2.09069
2.07854
2.06677
2.05566
2.04524
2.03584
2.02725
2.02007
2.01361
2.00855
2.00425
2.00073
1.99819
1.99589
1.99445
1.99337
1.99257
1.99242
1.99244
1.99257
1.99294
1.99391
1.99483
1.99643
1.99808
2.00029
2.00264
2.00546
2.00846
2.01193
2.01575
2.01999
2.02444
2.02934
2.03361
2.03881
2.04236
2.04686
2.04972
2.05265
2.05466
2.0561
2.05712
2.05709
2.05689
2.05606
2.05496
2.0541
2.05275
2.05177
2.04994
2.04884
2.04692
2.04575
2.04377
2.042
2.0401
2.03722
2.03511
2.03084
2.02833
2.02312
2.02073
2.01548
2.64836
2.63286
2.62045
2.60844
2.59576
2.58368
2.5708
2.55724
2.54279
2.52765
2.51164
2.49532
2.47899
2.46285
2.44672
2.43032
2.4134
2.39616
2.37848
2.36092
2.3433
2.32614
2.30915
2.29257
2.27619
2.25985
2.24381
2.22757
2.21181
2.19594
2.18064
2.1655
2.15079
2.13647
2.12239
2.10863
2.0952
2.0823
2.06969
2.05804
2.04712
2.03728
2.02851
2.02062
2.01361
2.00748
2.00215
1.99772
1.99378
1.99072
1.98852
1.98685
1.98676
1.98704
1.98752
1.9886
1.98998
1.99198
1.99438
1.99662
1.9995
2.00242
2.00584
2.00953
2.01363
2.01819
2.02291
2.02833
2.03346
2.0391
2.04419
2.04926
2.05368
2.05785
2.06088
2.06388
2.06568
2.06697
2.068
2.06798
2.06784
2.06728
2.06686
2.06644
2.06576
2.06516
2.06397
2.06319
2.06155
2.06042
2.05805
2.05618
2.05284
2.0498
2.0458
2.04145
2.03723
2.03187
2.02877
2.02347
2.64643
2.63349
2.6223
2.61065
2.59798
2.58497
2.57163
2.55815
2.54407
2.52949
2.51465
2.49952
2.48411
2.46802
2.4515
2.4345
2.41739
2.40021
2.38333
2.36654
2.35004
2.33352
2.31712
2.30056
2.28418
2.26756
2.25141
2.23504
2.21946
2.20361
2.18854
2.17319
2.15841
2.1435
2.1289
2.11451
2.10064
2.08712
2.07444
2.06237
2.05096
2.04034
2.03035
2.0214
2.01321
2.00583
1.9994
1.99357
1.98912
1.98536
1.98305
1.98148
1.98154
1.98189
1.98281
1.98357
1.98544
1.98784
1.99067
1.99374
1.99721
2.00092
2.00523
2.00973
2.01496
2.02029
2.02619
2.03224
2.03827
2.04451
2.05005
2.05564
2.0603
2.06453
2.06796
2.0707
2.07258
2.07421
2.07501
2.07538
2.07584
2.07579
2.07589
2.07605
2.07591
2.07551
2.07459
2.07371
2.0718
2.07012
2.06706
2.06447
2.06043
2.05687
2.05213
2.04783
2.04308
2.03855
2.03528
2.03138
2.64491
2.63173
2.6203
2.60773
2.59454
2.58162
2.56945
2.55706
2.54432
2.53065
2.51659
2.50136
2.48547
2.46888
2.45204
2.43526
2.4188
2.40244
2.38643
2.37021
2.35401
2.33752
2.32096
2.30431
2.28792
2.27159
2.25583
2.23993
2.22482
2.20918
2.19442
2.17891
2.16417
2.14874
2.13407
2.11912
2.10482
2.09064
2.07719
2.06407
2.05176
2.04014
2.029
2.01901
2.00945
2.00128
1.99391
1.98792
1.98317
1.97949
1.97717
1.97558
1.97567
1.97605
1.97695
1.97757
1.97926
1.98226
1.98492
1.98871
1.99241
1.99694
2.00189
2.00731
2.01346
2.01966
2.02652
2.03306
2.03997
2.04629
2.05237
2.05794
2.06266
2.0671
2.0705
2.07365
2.07602
2.07814
2.0795
2.08088
2.08164
2.08218
2.08327
2.08342
2.08323
2.08272
2.08151
2.08025
2.07782
2.07565
2.07219
2.06919
2.06505
2.06141
2.05702
2.05305
2.04882
2.04496
2.04201
2.03888
2.64372
2.63278
2.62298
2.61114
2.59857
2.58578
2.57366
2.56089
2.54794
2.53349
2.51843
2.50242
2.48588
2.46923
2.45235
2.43583
2.41948
2.40326
2.38727
2.37117
2.35523
2.33931
2.32366
2.30806
2.29268
2.27721
2.26185
2.24616
2.23074
2.21466
2.1992
2.1829
2.16745
2.15124
2.13602
2.12024
2.1055
2.0903
2.07613
2.06213
2.04886
2.03655
2.02482
2.01443
2.00463
1.9964
1.98901
1.98291
1.97803
1.97391
1.97117
1.96925
1.96884
1.96907
1.96964
1.97
1.97144
1.97421
1.97724
1.98117
1.98552
1.9907
1.99647
2.00292
2.00985
2.01716
2.0247
2.03219
2.03947
2.0464
2.05274
2.05857
2.06365
2.06823
2.07208
2.07553
2.07825
2.08089
2.08251
2.08433
2.08519
2.08622
2.0872
2.08719
2.08687
2.08622
2.08469
2.0835
2.08101
2.07904
2.076
2.07319
2.06986
2.06641
2.06297
2.05897
2.05564
2.05142
2.04901
2.04531
2.643
2.63478
2.62971
2.62185
2.61163
2.59853
2.5848
2.56962
2.55489
2.53915
2.5234
2.50757
2.49115
2.47507
2.45826
2.44167
2.4248
2.40816
2.39185
2.37586
2.36061
2.34513
2.33039
2.31497
2.29999
2.28444
2.269
2.25323
2.23745
2.22137
2.20524
2.18882
2.17256
2.15586
2.13974
2.12302
2.10737
2.09136
2.07663
2.0623
2.0486
2.03631
2.0242
2.01387
2.00403
1.99559
1.98805
1.98158
1.97614
1.97164
1.96807
1.96563
1.96437
1.96416
1.96422
1.96433
1.96567
1.96841
1.97217
1.97649
1.98188
1.98754
1.99414
2.00095
2.00841
2.01604
2.02386
2.03169
2.03936
2.04661
2.05369
2.05995
2.06601
2.07126
2.07601
2.08017
2.08365
2.08661
2.08875
2.0903
2.09119
2.09187
2.0918
2.09137
2.09013
2.08905
2.0867
2.08521
2.0822
2.08022
2.07726
2.07443
2.07165
2.06807
2.06525
2.06096
2.05816
2.05347
2.05132
2.04701
2.64616
2.63873
2.63342
2.62394
2.61162
2.59677
2.58204
2.56697
2.55287
2.53847
2.52392
2.50933
2.49346
2.47775
2.46076
2.44398
2.42679
2.40998
2.39342
2.37733
2.36175
2.34608
2.33116
2.31569
2.30085
2.28549
2.27057
2.25512
2.23994
2.22411
2.20832
2.19202
2.17565
2.15894
2.14261
2.12592
2.11036
2.09462
2.08004
2.06634
2.05292
2.04142
2.02975
2.01971
2.01001
2.00131
1.99306
1.98604
1.97904
1.97371
1.9688
1.96538
1.9632
1.96256
1.96213
1.96215
1.96348
1.96641
1.97052
1.97559
1.98149
1.9878
1.99489
2.00197
2.00954
2.01701
2.02454
2.03221
2.03961
2.04719
2.05453
2.06166
2.06859
2.0751
2.08086
2.08636
2.09061
2.09403
2.09672
2.09792
2.09808
2.09796
2.09727
2.09595
2.09313
2.09128
2.08766
2.08556
2.08172
2.07949
2.07584
2.07297
2.06993
2.06608
2.06329
2.05872
2.05596
2.05094
2.04874
2.04417
2.64985
2.64361
2.63725
2.62572
2.61161
2.59615
2.58191
2.56803
2.55508
2.54189
2.52807
2.51407
2.49843
2.48288
2.46577
2.44881
2.43115
2.41399
2.39673
2.38032
2.36431
2.34885
2.33423
2.31962
2.30555
2.29103
2.27641
2.26083
2.24505
2.2282
2.21144
2.1939
2.177
2.1597
2.14366
2.12746
2.11285
2.09841
2.08493
2.0724
2.05958
2.04835
2.03643
2.02575
2.015
2.00522
1.99546
1.98746
1.97913
1.97298
1.96713
1.96315
1.9605
1.95973
1.95931
1.95939
1.96082
1.96405
1.96842
1.97408
1.98033
1.98726
1.99462
2.00205
2.00977
2.01722
2.02485
2.0323
2.03977
2.04722
2.05473
2.06194
2.0693
2.07606
2.08237
2.08825
2.09276
2.09652
2.09927
2.10034
2.10043
2.10025
2.09937
2.09776
2.09462
2.09263
2.08877
2.08653
2.08244
2.08018
2.07616
2.07341
2.07
2.06602
2.06316
2.05838
2.05552
2.05046
2.04825
2.04371
2.65079
2.6424
2.63389
2.62172
2.60797
2.59348
2.57955
2.56519
2.5513
2.53746
2.52272
2.50761
2.49054
2.47376
2.4558
2.43861
2.42067
2.40356
2.38612
2.37028
2.35525
2.34185
2.32956
2.31762
2.3056
2.29263
2.27843
2.26264
2.24582
2.22769
2.20965
2.19093
2.17359
2.15595
2.14039
2.12472
2.1107
2.09711
2.08389
2.07182
2.05897
2.04755
2.03534
2.02415
2.01296
2.00264
1.99255
1.9841
1.97576
1.96941
1.96387
1.95991
1.95776
1.95731
1.95748
1.95782
1.95963
1.96343
1.96861
1.97479
1.98161
1.98925
1.99687
2.00504
2.01275
2.02067
2.02814
2.03562
2.04286
2.05019
2.0572
2.06438
2.07094
2.07752
2.0833
2.0886
2.09323
2.09665
2.0994
2.10115
2.10188
2.10202
2.1016
2.10069
2.0985
2.09684
2.09347
2.09153
2.08759
2.08543
2.08125
2.07831
2.07468
2.07014
2.06713
2.06161
2.05858
2.05295
2.05051
2.04542
2.65512
2.64692
2.63687
2.62399
2.61035
2.59697
2.58394
2.57072
2.55753
2.54433
2.52968
2.51475
2.49811
2.48186
2.46448
2.44747
2.42947
2.41197
2.39417
2.37796
2.36257
2.34879
2.33603
2.32341
2.31072
2.29691
2.28212
2.26585
2.24891
2.23091
2.21319
2.19508
2.17816
2.16112
2.14583
2.1303
2.1164
2.10235
2.08894
2.07614
2.06264
2.05055
2.03744
2.02559
2.01365
2.00273
1.99206
1.98327
1.97444
1.96781
1.962
1.95767
1.95535
1.95454
1.95455
1.95469
1.9563
1.95983
1.9648
1.9709
1.97761
1.98527
1.99287
2.00103
2.00873
2.01668
2.02431
2.03205
2.03968
2.04744
2.05499
2.06269
2.06983
2.07692
2.0831
2.08879
2.09351
2.09705
2.09978
2.10135
2.10185
2.10184
2.10143
2.10031
2.09788
2.09623
2.09288
2.09094
2.08699
2.08484
2.08061
2.07782
2.07399
2.06972
2.06653
2.06123
2.05817
2.0527
2.05032
2.04544
)
;

boundaryField
{
    inlet
    {
        type            fixedValue;
        value           uniform 1;
    }
    outlet
    {
        type            zeroGradient;
    }
    bottom
    {
        type            symmetryPlane;
    }
    top
    {
        type            symmetryPlane;
    }
    obstacle
    {
        type            zeroGradient;
    }
    defaultFaces
    {
        type            empty;
    }
}


// ************************************************************************* //
