/*--------------------------------*- C++ -*----------------------------------*\
| =========                 |                                                 |
| \\      /  F ield         | OpenFOAM: The Open Source CFD Toolbox           |
|  \\    /   O peration     | Version:  2412                                  |
|   \\  /    A nd           | Website:  www.openfoam.com                      |
|    \\/     M anipulation  |                                                 |
\*---------------------------------------------------------------------------*/
FoamFile
{
    version     2.0;
    format      ascii;
    arch        "LSB;label=32;scalar=64";
    class       volScalarField;
    location    "7.5";
    object      Ma;
}
// * * * * * * * * * * * * * * * * * * * * * * * * * * * * * * * * * * * * * //

dimensions      [0 0 0 0 0 0 0];

internalField   nonuniform List<scalar> 
5250
(
2.99999
2.99996
2.99984
2.99968
2.99901
2.99806
2.99442
2.98837
2.9685
2.92424
2.81554
2.51584
1.95995
0.941471
0.414243
0.33007
0.341525
0.334064
0.299465
0.24626
0.197581
0.15714
0.11646
0.072172
0.0393714
2.99999
2.99996
2.99984
2.99968
2.99903
2.99809
2.99451
2.98854
2.96898
2.9253
2.81795
2.52106
1.97158
0.952409
0.422056
0.33036
0.34211
0.335239
0.301146
0.249023
0.201796
0.162987
0.12477
0.0857617
0.0619689
2.99999
2.99996
2.99985
2.99969
2.99906
2.99815
2.99469
2.98888
2.96999
2.9275
2.82305
2.53223
1.99679
0.978028
0.440898
0.332821
0.345738
0.340817
0.308318
0.258855
0.21472
0.17937
0.146054
0.115095
0.0989255
2.99999
2.99996
2.99985
2.99971
2.9991
2.99824
2.99495
2.98938
2.9714
2.93075
2.83108
2.55149
2.03843
1.02343
0.473058
0.33869
0.353611
0.35185
0.321392
0.275427
0.234899
0.203658
0.175712
0.151354
0.139427
2.99999
2.99996
2.99986
2.99972
2.99915
2.99834
2.99524
2.99001
2.97307
2.93487
2.84084
2.57704
2.08921
1.09041
0.516086
0.34594
0.364341
0.367097
0.339179
0.297108
0.260653
0.233623
0.210652
0.191516
0.182452
2.99999
2.99997
2.99987
2.99974
2.99922
2.99846
2.99559
2.99076
2.97504
2.9399
2.85255
2.60911
2.15192
1.18318
0.571198
0.356148
0.379307
0.387462
0.362054
0.323993
0.29149
0.268806
0.250707
0.236574
0.230655
2.99999
2.99997
2.99988
2.99977
2.99928
2.99859
2.99592
2.99161
2.97711
2.94618
2.86641
2.64855
2.22967
1.307
0.639809
0.373338
0.401115
0.414296
0.390778
0.357136
0.328121
0.309756
0.296941
0.288609
0.287736
2.99999
2.99997
2.9999
2.99979
2.99935
2.99874
2.99629
2.99254
2.97937
2.95318
2.8818
2.69297
2.31933
1.45824
0.721984
0.405089
0.434422
0.449353
0.427078
0.39718
0.371688
0.357355
0.350203
0.349866
0.359184
2.99999
2.99998
2.99991
2.99981
2.99943
2.99889
2.99671
2.99351
2.98173
2.96047
2.89735
2.7406
2.41666
1.66445
0.820299
0.455518
0.482642
0.49386
0.473654
0.445571
0.422898
0.412841
0.412703
0.425142
0.457342
3
2.99998
2.99992
2.99984
2.99951
2.99903
2.99716
2.99432
2.98409
2.9656
2.90981
2.77542
2.48115
1.80216
0.898983
0.494366
0.517248
0.529541
0.520881
0.497561
0.479631
0.474456
0.486378
0.524912
0.620786
3
2.99998
2.99995
2.99984
2.99967
2.99907
2.99804
2.99474
2.98779
2.96911
2.92162
2.8155
2.5061
1.93827
0.977985
0.554645
0.53566
0.551607
0.555934
0.544602
0.53602
0.540366
0.570053
0.645035
0.806893
3
2.99999
2.99994
2.99988
2.99963
2.99926
2.99784
2.99566
2.9879
2.97378
2.93116
2.82916
2.60381
2.01578
1.16129
0.637483
0.551379
0.569098
0.583051
0.584625
0.587424
0.60435
0.649385
0.740327
0.900573
3
2.99999
2.99995
2.9999
2.99968
2.99937
2.99812
2.99632
2.98946
2.97796
2.94087
2.85624
2.66088
2.14279
1.33308
0.728274
0.567371
0.586142
0.607986
0.6206
0.63411
0.661273
0.713649
0.800768
0.931328
3
2.99999
2.99996
2.99991
2.99972
2.99945
2.99837
2.99684
2.99069
2.98147
2.94851
2.88406
2.715
2.29615
1.54078
0.837314
0.598604
0.613892
0.635981
0.65625
0.676503
0.710413
0.763187
0.84007
0.946833
3
3
2.99997
2.99993
2.99977
2.99955
2.99866
2.9974
2.99238
2.9849
2.95763
2.90876
2.7658
2.45144
1.77296
0.960981
0.65287
0.65647
0.673431
0.693982
0.715914
0.749738
0.803223
0.870732
0.960334
3
3
2.99998
2.99994
2.99982
2.99964
2.99893
2.99793
2.99393
2.98796
2.9665
2.92625
2.81599
2.53902
1.98922
1.07553
0.712912
0.692648
0.710207
0.730349
0.752593
0.784391
0.833154
0.897258
0.973594
3
3
2.99998
2.99996
2.99986
2.99972
2.99917
2.99839
2.99539
2.99056
2.97446
2.94045
2.85315
2.61849
2.17436
1.26914
0.816123
0.720725
0.736004
0.756287
0.783733
0.815276
0.85884
0.917037
0.986024
3
3
2.99999
2.99997
2.99989
2.99978
2.99934
2.99873
2.99625
2.99258
2.97943
2.95446
2.88436
2.70374
2.3441
1.52043
0.955045
0.762096
0.76254
0.78049
0.809404
0.843374
0.883569
0.935239
0.996529
3.00001
3
2.99999
2.99998
2.99992
2.99983
2.9995
2.99903
2.99715
2.99438
2.9841
2.96664
2.91248
2.78922
2.50882
1.8943
1.12239
0.831849
0.806026
0.815743
0.839068
0.870411
0.907731
0.953704
1.00835
3.00001
3
3
2.99998
2.99995
2.99985
2.9997
2.99912
2.99826
2.99511
2.98978
2.97274
2.93566
2.84336
2.60085
2.12387
1.2768
0.904433
0.839899
0.849987
0.869995
0.89923
0.931566
0.971527
1.01936
3.00001
3
3
2.99999
2.99997
2.99989
2.99977
2.99932
2.99868
2.99615
2.99234
2.9788
2.95349
2.88163
2.7017
2.33183
1.56128
1.03698
0.882466
0.880787
0.896832
0.924701
0.958009
0.992866
1.03265
3.00001
3.00001
3
3
2.99997
2.99994
2.9998
2.9996
2.99883
2.99766
2.99339
2.98637
2.96312
2.91807
2.79199
2.52012
1.88298
1.21287
0.950386
0.918321
0.926602
0.949347
0.980775
1.01476
1.05025
3.00001
3.00001
3
3
2.99999
2.99995
2.99989
2.99967
2.99933
2.9981
2.99611
2.98952
2.97639
2.94038
2.85039
2.66072
2.14727
1.40165
1.03033
0.959031
0.960876
0.976989
1.00268
1.03315
1.06669
3.00001
3.00001
3
3
2.99999
2.99997
2.99991
2.99981
2.99944
2.99887
2.9969
2.9933
2.98254
2.95791
2.89761
2.73573
2.41699
1.69872
1.16802
1.0052
0.994575
1.00638
1.0266
1.05267
1.08276
3.00001
3.00001
3.00001
3
3
2.99998
2.99995
2.99983
2.99965
2.99899
2.998
2.9943
2.98839
2.96834
2.93084
2.82459
2.59269
2.04905
1.35579
1.07595
1.03076
1.03497
1.0527
1.0761
1.10145
3.00001
3.00001
3.00001
3
3
2.99999
2.99996
2.99988
2.99976
2.9993
2.99862
2.99601
2.99212
2.97798
2.95331
2.8808
2.71307
2.34292
1.63892
1.19674
1.07189
1.06408
1.07377
1.09596
1.12353
3.00001
3.00001
3.00001
3.00001
3
3
2.99997
2.99994
2.99981
2.99961
2.99889
2.99778
2.99378
2.98724
2.96575
2.92483
2.80949
2.56873
1.98419
1.38149
1.13854
1.09779
1.09991
1.11553
1.13915
3.00001
3.00001
3.00001
3.00001
3
3
2.99999
2.99995
2.9999
2.9997
2.9994
2.9983
2.99658
2.99074
2.97982
2.94864
2.87372
2.71182
2.27441
1.60277
1.228
1.13932
1.12987
1.13646
1.15336
3.00001
3.00001
3.00001
3.00001
3
3
2.99999
2.99998
2.99992
2.99984
2.99952
2.99906
2.99732
2.99463
2.98541
2.96836
2.91985
2.80296
2.55946
1.97247
1.40634
1.1926
1.16269
1.16113
1.17309
3.00001
3.00001
3.00001
3.00001
3.00001
3
3
2.99999
2.99995
2.9999
2.99969
2.99939
2.99823
2.99653
2.99031
2.97981
2.9473
2.87386
2.71122
2.27662
1.62832
1.27596
1.19367
1.18635
1.19272
3.00001
3.00001
3.00001
3.00001
3.00001
3
3
2.99999
2.99998
2.99992
2.99984
2.99953
2.99907
2.99735
2.9947
2.98559
2.96897
2.92112
2.80775
2.56904
2.00012
1.45612
1.24561
1.21233
1.20949
3.00001
3.00001
3.00001
3.00001
3.00001
3.00001
3
3
2.99999
2.99995
2.9999
2.99969
2.9994
2.99827
2.99662
2.99055
2.9805
2.94888
2.87899
2.72179
2.30658
1.67788
1.33492
1.24303
1.22696
3.00001
3.00001
3.00001
3.00001
3.00001
3.00001
3
3
2.99999
2.99998
2.99993
2.99985
2.99955
2.99911
2.99748
2.99495
2.98618
2.97086
2.92566
2.82634
2.59141
2.10681
1.50768
1.29053
1.24731
3.00001
3.00001
3.00001
3.00001
3.00001
3.00001
3.00001
3
3
2.99998
2.99996
2.99988
2.99976
2.99931
2.99864
2.99616
2.99234
2.97908
2.95547
2.88799
2.73379
2.39478
1.75891
1.37945
1.25903
3.00001
3.00001
3.00001
3.00001
3.00001
3.00001
3.00001
3
3
2.99999
2.99998
2.99993
2.99985
2.99956
2.99915
2.99756
2.99524
2.98668
2.97305
2.92898
2.84325
2.6233
2.16575
1.56418
1.29117
3.00001
3.00001
3.00001
3.00001
3.00001
3.00001
3.00001
3.00001
3
3
2.99999
2.99996
2.99991
2.99972
2.99945
2.99842
2.99693
2.99131
2.98265
2.95324
2.89729
2.75315
2.41137
1.79898
1.33998
3.00001
3.00001
3.00001
3.00001
3.00001
3.00001
3.00001
3.00001
3
3
2.99999
2.99998
2.99993
2.99985
2.99955
2.99912
2.99747
2.99502
2.98602
2.97142
2.92456
2.82917
2.59037
2.09306
1.40253
3.00001
3.00001
3.00001
3.00001
3.00001
3.00001
3.00001
3.00001
3.00001
3
3
2.99999
2.99995
2.99989
2.99966
2.99933
2.99806
2.9962
2.98915
2.97787
2.94066
2.86167
2.67091
2.19939
1.45023
3.00001
3.00001
3.00001
3.00001
3.00001
3.00001
3.00001
3.00001
3.00001
3
3
2.99999
2.99997
2.99989
2.99978
2.99937
2.99872
2.99652
2.99224
2.98013
2.9503
2.88098
2.67818
2.29335
1.44451
3.00001
3.00001
3.00001
3.00001
3.00001
3.00001
3.00001
3.00001
3.00001
3
3
2.99999
2.99996
2.99991
2.99973
2.99947
2.99842
2.99688
2.99095
2.98133
2.94899
2.87955
2.70588
2.26315
1.46182
3.00001
3.00001
3.00001
3.00001
3.00001
3.00001
3.00001
3.00001
3.00001
3
3
2.99999
2.99996
2.99992
2.99975
2.9995
2.99851
2.99704
2.99136
2.98218
2.95097
2.88407
2.71486
2.27971
1.47533
3.00001
3.00001
3.00001
3.00001
3.00001
3.00001
3.00001
3.00001
3.00001
3
3
2.99999
2.99998
2.99991
2.99982
2.99947
2.99891
2.99703
2.99321
2.98254
2.95582
2.89325
2.70869
2.35053
1.50959
3.00001
3.00001
3.00001
3.00001
3.00001
3.00001
3.00001
3.00001
3.00001
3.00001
3
2.99999
2.99997
2.99993
2.99977
2.99954
2.99866
2.99726
2.99234
2.98318
2.95534
2.8888
2.73242
2.32027
1.54995
3.00001
3.00001
3.00001
3.00001
3.00001
3.00001
3.00001
3.00001
3.00001
3
3
2.99999
2.99998
2.99991
2.99982
2.99947
2.99894
2.99696
2.99358
2.98272
2.95865
2.89689
2.72811
2.38973
1.60213
3.00001
3.00001
3.00001
3.00001
3.00001
3.00001
3.00001
3.00001
3.00001
3
3
2.99999
2.99998
2.99991
2.99982
2.99947
2.99895
2.99696
2.9937
2.98289
2.95986
2.89909
2.73576
2.40517
1.64255
3.00001
3.00001
3.00001
3.00001
3.00001
3.00001
3.00001
3.00001
3.00001
3.00001
3
2.99999
2.99997
2.99993
2.99977
2.99955
2.99864
2.99732
2.99217
2.98404
2.95576
2.8984
2.74679
2.37272
1.63132
3.00001
3.00001
3.00001
3.00001
3.00001
3.00001
3.00001
3.00001
3.00001
3.00001
3
2.99999
2.99997
2.99993
2.99977
2.99955
2.99863
2.99734
2.99212
2.98425
2.95554
2.90178
2.7494
2.38903
1.65099
3.00001
3.00001
3.00001
3.00001
3.00001
3.00001
3.00001
3.00001
3.00001
3.00001
3
2.99999
2.99997
2.99993
2.99978
2.99955
2.99867
2.99737
2.99233
2.98438
2.95671
2.90099
2.75305
2.38701
1.65839
3.00001
3.00001
3.00001
3.00001
3.00001
3.00001
3.00001
3.00001
3.00001
3
3
2.99999
2.99998
2.99992
2.99984
2.99951
2.99901
2.99726
2.99395
2.98418
2.96098
2.90422
2.74626
2.4309
1.69592
3.00001
3.00001
3.00001
3.00001
3.00001
3.00001
3.00001
3.00001
3.00001
3.00001
3
2.99999
2.99997
2.99993
2.99978
2.99956
2.9987
2.99742
2.99248
2.98464
2.95757
2.90207
2.75674
2.39374
1.67239
0.973166
0.797787
0.353645
0.269294
0.255128
0.381386
0.42523
0.454351
0.488227
0.528427
0.565412
0.597687
0.627304
0.656568
0.685109
0.713976
0.735669
0.746188
0.748978
0.746849
0.735434
0.711775
0.67783
0.636839
0.592847
0.547929
0.503946
0.460676
0.419358
0.379815
0.342015
0.305537
0.270191
0.235721
0.201122
0.16767
0.135553
0.104414
0.0744178
0.0454905
0.0221098
0.0228392
0.047477
0.0730691
0.0985541
0.122949
0.146556
0.16857
0.190082
0.212352
0.234673
0.256066
0.276726
0.296765
0.316401
0.335527
0.354334
0.372674
0.390747
0.40842
0.425837
0.442936
0.459795
0.476352
0.492741
0.508809
0.524759
0.54043
0.555977
0.571305
0.586518
0.601537
0.616438
0.631209
0.645788
0.660357
0.674619
0.688977
0.702965
0.717056
0.730805
0.744587
0.758077
0.771558
0.784738
0.797936
0.810781
0.823689
0.836185
0.848762
0.860872
0.87303
0.884643
0.896187
0.907001
0.917546
0.92686
0.935411
0.941513
0.946261
0.983518
0.868904
0.641332
0.410915
0.320067
0.184004
0.0674645
0.114638
0.19724
0.267635
0.317868
0.353501
0.386386
0.420373
0.453344
0.484829
0.511303
0.52526
0.527964
0.523879
0.509682
0.482843
0.445633
0.402319
0.357395
0.312813
0.270107
0.228276
0.189295
0.152677
0.118279
0.0864122
0.0585197
0.0412521
0.0443965
0.064511
0.0895696
0.115648
0.141657
0.167065
0.19159
0.214653
0.237347
0.259877
0.28212
0.303756
0.324871
0.344783
0.364027
0.383646
0.403643
0.422773
0.441281
0.459213
0.476814
0.49403
0.510905
0.527453
0.543672
0.559615
0.575247
0.590686
0.605785
0.620792
0.635433
0.650071
0.664332
0.678616
0.692522
0.706504
0.720054
0.733799
0.746999
0.760549
0.773438
0.786785
0.79943
0.812534
0.824978
0.837814
0.850048
0.862628
0.874614
0.886961
0.898664
0.910785
0.922196
0.934068
0.945198
0.956767
0.967589
0.978789
0.989223
0.999925
1.00976
1.01964
1.02818
1.0362
1.04175
1.046
1.00246
0.980224
0.880235
0.769125
0.664959
0.555555
0.441237
0.335077
0.246105
0.166525
0.0970758
0.0593895
0.102339
0.151743
0.196091
0.235059
0.266432
0.281983
0.280098
0.267332
0.252472
0.225069
0.189138
0.151754
0.116117
0.0876022
0.0731266
0.0750149
0.0921466
0.115328
0.141359
0.167762
0.194036
0.219762
0.244217
0.268457
0.292413
0.315781
0.338596
0.360657
0.381963
0.402341
0.422274
0.441837
0.461062
0.479919
0.498225
0.51575
0.532381
0.549335
0.566528
0.583651
0.599827
0.615756
0.631173
0.646493
0.661429
0.676222
0.690663
0.704968
0.718977
0.732855
0.746493
0.759981
0.773296
0.78642
0.799438
0.81226
0.825005
0.837564
0.850056
0.862385
0.874659
0.886767
0.898859
0.910737
0.922676
0.934326
0.946099
0.957512
0.96907
0.980241
0.991548
1.00248
1.01353
1.02421
1.03498
1.04538
1.05588
1.06597
1.07624
1.08604
1.09607
1.10547
1.11496
1.12356
1.13185
1.13874
1.1443
1.14749
1.02306
1.0491
1.02095
0.966122
0.900302
0.819483
0.735805
0.645008
0.564526
0.487182
0.412846
0.341742
0.277944
0.221397
0.168917
0.118747
0.0732718
0.0312396
0.00360602
0.02555
0.0498673
0.0877312
0.133922
0.171099
0.204977
0.235979
0.264414
0.290185
0.315572
0.340382
0.364412
0.387854
0.410434
0.432219
0.452769
0.472873
0.492174
0.511194
0.529347
0.54716
0.564095
0.58066
0.596546
0.612314
0.627671
0.642929
0.657793
0.672039
0.685588
0.699048
0.713129
0.727244
0.74096
0.7541
0.767133
0.779817
0.792528
0.804897
0.817316
0.829384
0.841524
0.85333
0.865226
0.876834
0.888501
0.899982
0.911428
0.922841
0.934092
0.94546
0.956567
0.967867
0.978871
0.990061
1.00098
1.01203
1.02286
1.03376
1.04448
1.05521
1.06578
1.07635
1.08675
1.09714
1.10736
1.11758
1.12765
1.13774
1.14773
1.15766
1.16748
1.17714
1.18666
1.19593
1.2049
1.21347
1.22132
1.22839
1.23373
1.23724
1.03865
1.08267
1.09551
1.0766
1.04411
0.996996
0.940515
0.880072
0.816447
0.754421
0.687483
0.622285
0.561203
0.505697
0.454498
0.407102
0.365802
0.331051
0.313687
0.313264
0.330469
0.357334
0.39029
0.42406
0.454677
0.481531
0.504654
0.52552
0.54545
0.564585
0.583018
0.600759
0.617775
0.633907
0.649206
0.663832
0.677848
0.691572
0.704714
0.717609
0.729898
0.741952
0.753616
0.765191
0.776562
0.787992
0.79926
0.810239
0.820504
0.830796
0.841484
0.85284
0.863815
0.874676
0.885147
0.89574
0.906077
0.916625
0.926886
0.93739
0.947535
0.957987
0.968013
0.978429
0.988363
0.998754
1.00862
1.01897
1.02876
1.03902
1.04876
1.05894
1.06867
1.07876
1.08852
1.09852
1.10828
1.1182
1.12791
1.13774
1.14736
1.15706
1.16658
1.17622
1.18574
1.19533
1.20482
1.21427
1.22366
1.23295
1.24222
1.25131
1.26033
1.26911
1.27766
1.28589
1.29345
1.30039
1.30569
1.30918
1.04823
1.10198
1.13045
1.13972
1.1297
1.10821
1.07639
1.03922
0.997341
0.951978
0.904387
0.853498
0.803555
0.752027
0.701281
0.652799
0.609686
0.575734
0.556355
0.556165
0.570952
0.596234
0.62758
0.660325
0.689771
0.713362
0.730847
0.744519
0.756831
0.768204
0.778981
0.789278
0.798814
0.807919
0.816381
0.824519
0.832363
0.840148
0.847651
0.85532
0.862667
0.870295
0.877613
0.885308
0.892899
0.900884
0.908938
0.917003
0.924595
0.932186
0.940226
0.949005
0.958043
0.966931
0.975745
0.98447
0.993312
1.00212
1.0111
1.02003
1.02909
1.03813
1.04718
1.05633
1.06537
1.07463
1.08369
1.09307
1.1022
1.11166
1.12087
1.13036
1.13963
1.14911
1.15842
1.16787
1.17718
1.18659
1.19586
1.20521
1.21445
1.22382
1.23304
1.24237
1.25147
1.26072
1.26971
1.27885
1.28773
1.29675
1.30547
1.31432
1.32279
1.33141
1.33945
1.34762
1.35484
1.36191
1.36717
1.3709
1.05494
1.11258
1.1515
1.1735
1.18238
1.17786
1.16431
1.14457
1.11964
1.09085
1.05902
1.02406
0.984871
0.943424
0.898314
0.854808
0.812522
0.780355
0.758711
0.755789
0.769133
0.797084
0.831729
0.866422
0.895587
0.916252
0.927118
0.931168
0.932366
0.932936
0.934323
0.93622
0.938477
0.940859
0.943393
0.946012
0.94886
0.951905
0.95529
0.95904
0.963097
0.967435
0.972149
0.97705
0.982473
0.988037
0.994248
1.00043
1.00655
1.01253
1.01894
1.02611
1.03379
1.04163
1.04935
1.05722
1.06497
1.073
1.08087
1.08909
1.09707
1.10547
1.11355
1.1221
1.13028
1.13898
1.14725
1.15607
1.16445
1.17335
1.18185
1.19078
1.1994
1.20833
1.21704
1.22596
1.23471
1.24363
1.25242
1.26137
1.27019
1.27909
1.28785
1.29669
1.30542
1.3142
1.3229
1.33158
1.34021
1.34876
1.35727
1.36565
1.37395
1.38211
1.39004
1.39781
1.40502
1.41181
1.41725
1.42077
1.05977
1.11673
1.16228
1.19267
1.21282
1.22101
1.22181
1.21428
1.20251
1.18635
1.16626
1.14239
1.1125
1.07854
1.03862
0.999192
0.960374
0.925773
0.90109
0.898028
0.91348
0.942469
0.978017
1.01246
1.04017
1.05971
1.06917
1.07026
1.06397
1.05617
1.0496
1.04508
1.04209
1.04037
1.03951
1.03916
1.03951
1.04018
1.04139
1.04305
1.04516
1.04781
1.05076
1.05437
1.05822
1.0627
1.06747
1.07265
1.07769
1.08267
1.0879
1.09377
1.10035
1.10713
1.11404
1.12092
1.12788
1.13487
1.14199
1.14924
1.15659
1.16414
1.17173
1.17955
1.18734
1.19537
1.20337
1.21156
1.21974
1.22803
1.23636
1.24472
1.25318
1.26158
1.27012
1.27855
1.2872
1.29571
1.30441
1.3129
1.32158
1.33005
1.33871
1.34716
1.35578
1.36417
1.37273
1.38104
1.38951
1.39773
1.40604
1.41415
1.42224
1.4302
1.43794
1.4456
1.45273
1.45956
1.46514
1.4688
1.06598
1.11978
1.16698
1.20338
1.2297
1.24762
1.25645
1.26037
1.25738
1.25039
1.2385
1.22198
1.1972
1.16655
1.13152
1.09398
1.05219
1.01185
0.990408
0.992801
1.00997
1.03908
1.07697
1.11351
1.14122
1.15908
1.17179
1.1763
1.17296
1.16333
1.15175
1.14155
1.13338
1.12748
1.12328
1.12032
1.11843
1.11697
1.11632
1.11592
1.11624
1.11703
1.11831
1.1201
1.12242
1.12519
1.12841
1.13218
1.13596
1.13978
1.14363
1.14818
1.15335
1.15914
1.165
1.17119
1.17729
1.18374
1.19007
1.19682
1.2034
1.21045
1.21728
1.22458
1.23164
1.23916
1.24644
1.25417
1.26168
1.26957
1.2773
1.28533
1.29324
1.3014
1.3095
1.31783
1.32604
1.3344
1.34263
1.35106
1.3593
1.36777
1.37602
1.38451
1.39274
1.4012
1.4094
1.41778
1.42591
1.4342
1.44223
1.45042
1.45827
1.46633
1.47391
1.48172
1.48877
1.49584
1.50149
1.50545
1.07218
1.12305
1.1699
1.20912
1.23998
1.26328
1.27921
1.28872
1.2934
1.29227
1.28536
1.2708
1.24807
1.21923
1.1859
1.14412
1.09343
1.05475
1.0427
1.04994
1.06897
1.10174
1.14177
1.18048
1.2089
1.22841
1.24049
1.24851
1.25013
1.24541
1.2353
1.22245
1.20915
1.19811
1.18921
1.18298
1.17806
1.17476
1.17206
1.17034
1.16914
1.16864
1.16858
1.16919
1.17026
1.17186
1.17396
1.1767
1.17976
1.18287
1.18604
1.18967
1.19397
1.19897
1.20424
1.20983
1.21546
1.22141
1.22732
1.23362
1.23984
1.24651
1.25302
1.26003
1.26683
1.27411
1.28117
1.28868
1.29599
1.30372
1.31127
1.31918
1.32696
1.33504
1.34297
1.35109
1.35907
1.36722
1.37526
1.38344
1.39153
1.39972
1.40785
1.41601
1.42415
1.43226
1.44038
1.44842
1.45649
1.46446
1.47241
1.48029
1.48807
1.49584
1.50336
1.51092
1.51796
1.52485
1.53059
1.53444
1.07922
1.12641
1.17123
1.21167
1.24499
1.27228
1.29264
1.30702
1.31533
1.31803
1.31201
1.29612
1.27324
1.24541
1.20627
1.1525
1.09919
1.07296
1.07073
1.08134
1.10585
1.14227
1.18434
1.22134
1.25134
1.27319
1.28751
1.2969
1.30334
1.30439
1.30062
1.29256
1.28033
1.26606
1.25329
1.24254
1.23444
1.22821
1.22391
1.22063
1.21859
1.217
1.21625
1.21584
1.21608
1.21681
1.21806
1.21996
1.22234
1.22499
1.22757
1.23048
1.23393
1.23821
1.24285
1.24792
1.25312
1.25864
1.2642
1.27006
1.27596
1.28216
1.28841
1.29492
1.3015
1.3083
1.3152
1.32228
1.3295
1.33684
1.34436
1.35193
1.35971
1.36739
1.37526
1.38299
1.39095
1.39874
1.40677
1.41464
1.42273
1.43065
1.43877
1.44671
1.45482
1.46275
1.47082
1.47871
1.48672
1.49455
1.50246
1.51025
1.518
1.52572
1.53323
1.54079
1.54786
1.55481
1.56064
1.56464
1.08962
1.13181
1.17336
1.21274
1.24702
1.27616
1.2993
1.31682
1.32688
1.3299
1.32072
1.30318
1.28013
1.24655
1.19431
1.13248
1.09156
1.07999
1.08471
1.10109
1.13119
1.17173
1.21066
1.24529
1.27441
1.29834
1.31644
1.32926
1.3379
1.34356
1.34548
1.34371
1.3378
1.327
1.31273
1.29842
1.28586
1.27561
1.26804
1.26246
1.25861
1.25573
1.25389
1.25246
1.25187
1.25161
1.25215
1.25318
1.25479
1.25693
1.25905
1.26146
1.26414
1.26775
1.27183
1.27654
1.28131
1.28658
1.29177
1.29741
1.30294
1.30894
1.31483
1.32118
1.32744
1.33413
1.34076
1.34777
1.35476
1.36206
1.3694
1.37692
1.38441
1.39201
1.39962
1.4073
1.41501
1.42277
1.43057
1.4384
1.44624
1.45411
1.46198
1.46988
1.47774
1.48566
1.4935
1.50141
1.5092
1.51708
1.5248
1.53263
1.54021
1.54795
1.55532
1.56285
1.56981
1.5767
1.58247
1.58643
1.10255
1.14084
1.17777
1.21445
1.24782
1.27707
1.30083
1.31885
1.32872
1.32672
1.31408
1.2956
1.26637
1.21825
1.15396
1.10261
1.08215
1.08243
1.09176
1.11465
1.14987
1.18865
1.22446
1.25626
1.28456
1.30905
1.33001
1.34682
1.35986
1.36852
1.37427
1.37722
1.3773
1.37356
1.36477
1.35191
1.3375
1.32418
1.31277
1.30397
1.29727
1.2927
1.28948
1.28752
1.28627
1.28571
1.28573
1.28635
1.2875
1.28929
1.29132
1.29343
1.29567
1.29858
1.30214
1.30637
1.31082
1.31572
1.32069
1.32604
1.33142
1.33716
1.34294
1.34907
1.35525
1.36174
1.3683
1.37513
1.38203
1.38918
1.39637
1.40365
1.41099
1.41837
1.42587
1.43335
1.44099
1.44856
1.4563
1.46395
1.47174
1.47941
1.48721
1.49487
1.50264
1.5103
1.51802
1.52567
1.53333
1.54098
1.54854
1.55615
1.56356
1.57107
1.57825
1.58552
1.59229
1.59889
1.6045
1.60825
1.11524
1.15039
1.18515
1.21852
1.2491
1.27682
1.29882
1.31445
1.31852
1.31079
1.29554
1.27064
1.22698
1.16424
1.10696
1.0788
1.07459
1.08064
1.09839
1.12805
1.16355
1.19786
1.22955
1.25859
1.28556
1.31017
1.33267
1.35228
1.36913
1.38251
1.39259
1.39883
1.40275
1.40423
1.40287
1.39703
1.38681
1.37365
1.36038
1.34802
1.33796
1.33005
1.32464
1.32085
1.3186
1.31731
1.31673
1.31687
1.31755
1.3188
1.32048
1.32237
1.32423
1.32656
1.32943
1.33316
1.3372
1.34174
1.34644
1.35154
1.35675
1.36229
1.36794
1.37385
1.3799
1.38617
1.3926
1.39922
1.40605
1.41296
1.42001
1.42709
1.43431
1.44154
1.44893
1.45629
1.46382
1.47129
1.47893
1.48645
1.49415
1.50169
1.50941
1.51695
1.52462
1.53215
1.53976
1.54728
1.5548
1.56231
1.56972
1.57719
1.58445
1.59181
1.59884
1.60594
1.61254
1.61893
1.62431
1.62794
1.12929
1.16007
1.19152
1.22253
1.25096
1.2753
1.29362
1.30174
1.29791
1.28477
1.26351
1.22415
1.16391
1.10438
1.07163
1.06396
1.06799
1.08149
1.10644
1.13873
1.17027
1.20011
1.22822
1.25518
1.28087
1.30555
1.32872
1.35025
1.36968
1.38677
1.40118
1.41257
1.42054
1.42556
1.42843
1.42932
1.42655
1.41938
1.4083
1.39556
1.38279
1.37175
1.36273
1.35624
1.35177
1.34904
1.34765
1.34704
1.34731
1.34809
1.34939
1.35111
1.35274
1.35468
1.35696
1.36013
1.36377
1.36799
1.37239
1.37723
1.38219
1.38748
1.39291
1.39858
1.40443
1.41049
1.41676
1.42326
1.42992
1.43667
1.44356
1.45052
1.45759
1.46471
1.47195
1.47918
1.48656
1.49389
1.50138
1.50876
1.51631
1.52372
1.53127
1.53869
1.54619
1.55359
1.56103
1.56843
1.57578
1.58315
1.59039
1.59769
1.60477
1.61191
1.6187
1.62552
1.6318
1.63785
1.64282
1.64622
1.14788
1.17224
1.19897
1.2262
1.25087
1.27117
1.28213
1.28073
1.26885
1.24964
1.21318
1.15582
1.09559
1.06048
1.05088
1.0538
1.06439
1.08611
1.11538
1.14442
1.17157
1.19777
1.22321
1.24855
1.27341
1.29812
1.32166
1.34451
1.36553
1.38536
1.40272
1.41832
1.43096
1.44077
1.44725
1.45139
1.45402
1.45446
1.45048
1.44185
1.43054
1.41795
1.40625
1.39599
1.38827
1.38268
1.37923
1.37742
1.37664
1.37696
1.37786
1.37931
1.38082
1.38251
1.38427
1.38679
1.3898
1.39359
1.39758
1.40213
1.4068
1.41191
1.4171
1.42264
1.42828
1.43424
1.44036
1.44671
1.45311
1.4597
1.46634
1.47315
1.48002
1.487
1.49407
1.50118
1.50839
1.5156
1.52291
1.53017
1.53753
1.54482
1.55218
1.55947
1.56677
1.57404
1.58126
1.58852
1.59565
1.60286
1.60986
1.61697
1.62375
1.63064
1.63708
1.64352
1.64931
1.6548
1.6591
1.66205
1.16336
1.18696
1.20891
1.2302
1.24943
1.26091
1.26085
1.24997
1.23202
1.19762
1.14277
1.0839
1.04865
1.03802
1.0404
1.04978
1.06915
1.09582
1.12168
1.14632
1.16997
1.19358
1.21752
1.24172
1.26623
1.29046
1.31438
1.33756
1.35994
1.38111
1.40085
1.41893
1.43488
1.44894
1.46011
1.46871
1.4742
1.47889
1.48092
1.48055
1.47506
1.46575
1.4539
1.44203
1.43077
1.42191
1.41505
1.4108
1.40818
1.40726
1.40724
1.40817
1.40946
1.41099
1.41246
1.41444
1.41683
1.42019
1.42375
1.42797
1.43231
1.43716
1.4421
1.44745
1.45292
1.45877
1.46471
1.47091
1.47714
1.48358
1.49004
1.49668
1.50334
1.51013
1.51696
1.52389
1.53088
1.53793
1.54506
1.55219
1.5594
1.56657
1.57379
1.58094
1.58809
1.59518
1.60222
1.60922
1.61614
1.62304
1.6298
1.63654
1.64305
1.64949
1.65554
1.66136
1.66653
1.67116
1.6746
1.67697
1.17702
1.19887
1.21866
1.2344
1.24385
1.24266
1.23102
1.21273
1.17832
1.12451
1.06763
1.03386
1.02373
1.02624
1.03587
1.05464
1.07905
1.1027
1.12483
1.14595
1.16746
1.18922
1.21226
1.23539
1.25942
1.28303
1.307
1.33023
1.3533
1.37521
1.39643
1.41627
1.43495
1.45202
1.46737
1.48025
1.49046
1.49809
1.50378
1.50798
1.50942
1.50789
1.50125
1.49077
1.47913
1.46715
1.45702
1.4486
1.44316
1.43937
1.43793
1.43738
1.43827
1.43964
1.44094
1.44254
1.4444
1.44712
1.45017
1.45392
1.45783
1.46228
1.46689
1.47196
1.4772
1.48286
1.48859
1.49459
1.50062
1.50688
1.51317
1.51963
1.52614
1.53276
1.53948
1.5462
1.5531
1.5599
1.56693
1.5738
1.58091
1.5878
1.59492
1.60182
1.60887
1.61574
1.62265
1.62944
1.63617
1.64283
1.64931
1.65573
1.66184
1.6678
1.67327
1.67837
1.68263
1.68629
1.68878
1.69067
1.19084
1.20921
1.22364
1.23235
1.22909
1.21601
1.1958
1.15939
1.10471
1.04978
1.01834
1.00928
1.01224
1.02325
1.04256
1.06569
1.08758
1.10752
1.12656
1.14545
1.1654
1.1861
1.2082
1.23064
1.254
1.27722
1.30095
1.32417
1.34749
1.36996
1.39222
1.41332
1.43379
1.45281
1.4706
1.48656
1.50099
1.51233
1.52185
1.52887
1.53473
1.53772
1.53859
1.53572
1.52784
1.51682
1.50495
1.49361
1.48392
1.47675
1.47179
1.46941
1.46831
1.46897
1.47012
1.47148
1.4729
1.47497
1.47754
1.48079
1.48435
1.48834
1.49267
1.49733
1.50243
1.5077
1.51325
1.51888
1.52476
1.53068
1.53684
1.54302
1.54941
1.55578
1.56235
1.56885
1.57557
1.58216
1.58901
1.59565
1.60257
1.60923
1.61614
1.62277
1.6296
1.63615
1.64284
1.64928
1.65576
1.66204
1.66816
1.67417
1.67971
1.68512
1.68968
1.69388
1.69691
1.69966
1.70072
1.70201
1.2052
1.21943
1.22594
1.22006
1.20494
1.18188
1.14228
1.08466
1.03074
1.00155
0.994207
0.99797
1.01127
1.03265
1.05551
1.07612
1.09457
1.11161
1.12871
1.14633
1.16532
1.18531
1.20654
1.22835
1.25092
1.27378
1.29695
1.32018
1.34333
1.36622
1.38872
1.41058
1.43185
1.45217
1.4716
1.48985
1.50678
1.52191
1.53526
1.54571
1.55461
1.56153
1.56686
1.56889
1.56899
1.56453
1.55553
1.5443
1.53227
1.52154
1.51263
1.50647
1.50258
1.50109
1.50106
1.50211
1.50327
1.50478
1.50674
1.50941
1.51256
1.51606
1.52004
1.52428
1.52906
1.53395
1.53923
1.54456
1.55021
1.55588
1.56184
1.56779
1.574
1.58014
1.58654
1.59279
1.59933
1.60564
1.61227
1.61861
1.62527
1.63162
1.63823
1.64454
1.65101
1.65727
1.6635
1.66969
1.67556
1.68157
1.68696
1.69247
1.69712
1.70163
1.70493
1.70784
1.70963
1.71055
1.70983
1.71048
1.21653
1.22401
1.21831
1.19975
1.17184
1.12707
1.0649
1.01063
0.984254
0.979291
0.984168
1.00036
1.02438
1.04746
1.06761
1.0849
1.10082
1.11629
1.13237
1.14936
1.16755
1.1869
1.20713
1.22833
1.24997
1.27233
1.29476
1.31768
1.34031
1.36322
1.38559
1.40796
1.42964
1.45108
1.47159
1.49156
1.51024
1.52803
1.54417
1.55858
1.57081
1.5809
1.58956
1.59628
1.60068
1.60204
1.6009
1.5948
1.58489
1.57337
1.56175
1.55142
1.54358
1.53812
1.53539
1.53437
1.53498
1.53599
1.53726
1.53903
1.54166
1.5447
1.54838
1.55228
1.55675
1.56126
1.56628
1.57128
1.57674
1.58211
1.58789
1.59353
1.59953
1.60537
1.61153
1.6175
1.62378
1.62986
1.6362
1.64235
1.6487
1.65488
1.66115
1.66726
1.67337
1.67933
1.68521
1.69087
1.69643
1.70153
1.70657
1.71075
1.71467
1.71734
1.7195
1.72057
1.72037
1.71879
1.71607
1.71602
1.22309
1.2169
1.19902
1.16676
1.11452
1.04749
0.99201
0.967577
0.964589
0.970861
0.989929
1.01645
1.04027
1.06011
1.07691
1.09189
1.10632
1.12104
1.13652
1.15316
1.17085
1.18972
1.2094
1.22998
1.25103
1.27281
1.29473
1.31723
1.33961
1.36232
1.3847
1.40725
1.42924
1.45124
1.47239
1.49344
1.51328
1.53293
1.55083
1.56821
1.58333
1.59718
1.60824
1.61844
1.62658
1.63256
1.63526
1.63603
1.63338
1.6259
1.61493
1.6029
1.59134
1.58152
1.57434
1.56972
1.56771
1.56732
1.56819
1.56915
1.57076
1.57309
1.57648
1.58003
1.58418
1.58831
1.59297
1.59764
1.60278
1.60794
1.61346
1.61896
1.62476
1.63048
1.63645
1.64232
1.64838
1.65437
1.66045
1.6665
1.67253
1.67854
1.68444
1.69033
1.69601
1.70163
1.70705
1.71215
1.71716
1.72148
1.72554
1.72865
1.73095
1.73225
1.73254
1.73149
1.72888
1.72521
1.71821
1.71539
1.22577
1.20143
1.1611
1.09865
1.02661
0.974056
0.952037
0.951372
0.96105
0.983027
1.0108
1.03562
1.05574
1.0721
1.08645
1.10005
1.11368
1.12804
1.14323
1.15954
1.17679
1.19505
1.21409
1.23396
1.25437
1.27547
1.29694
1.31885
1.34098
1.36325
1.38567
1.40793
1.43026
1.45216
1.47406
1.49534
1.51645
1.53669
1.55646
1.5751
1.59282
1.60896
1.62348
1.63603
1.64657
1.65628
1.66327
1.66805
1.66928
1.66871
1.66377
1.65456
1.64275
1.63015
1.61874
1.60946
1.60299
1.59937
1.59804
1.59843
1.5992
1.60048
1.60289
1.60613
1.60998
1.6139
1.61831
1.6228
1.62773
1.6327
1.63802
1.64331
1.64889
1.65441
1.66018
1.66587
1.67174
1.6776
1.68349
1.68948
1.69526
1.70129
1.70686
1.71273
1.718
1.72344
1.72829
1.73299
1.7371
1.74062
1.74325
1.74486
1.74548
1.74506
1.7428
1.73981
1.73453
1.72599
1.712
1.70438
1.21054
1.15712
1.07962
1.00255
0.953386
0.936151
0.938261
0.953498
0.979435
1.00776
1.03273
1.0531
1.06955
1.08375
1.0968
1.10998
1.12345
1.13767
1.15273
1.16859
1.1855
1.20301
1.22159
1.24063
1.26061
1.28092
1.30198
1.32319
1.34498
1.36674
1.3889
1.41092
1.43313
1.45514
1.47716
1.49885
1.52031
1.54121
1.56163
1.58109
1.5999
1.61733
1.63397
1.64849
1.66194
1.67278
1.68312
1.69108
1.69694
1.69903
1.69933
1.69696
1.68991
1.67887
1.66644
1.65365
1.6428
1.6344
1.62921
1.62669
1.62633
1.62698
1.62821
1.63019
1.63342
1.63705
1.64115
1.64549
1.65007
1.65491
1.6599
1.66515
1.67049
1.676
1.68157
1.68725
1.69295
1.69873
1.70446
1.71024
1.71594
1.7216
1.72715
1.73257
1.73776
1.74271
1.7472
1.75129
1.75447
1.75689
1.75795
1.75818
1.75726
1.75471
1.75095
1.74377
1.73238
1.71738
1.69869
1.68882
1.1796
1.06991
0.97219
0.922112
0.910181
0.917826
0.941984
0.975083
1.00435
1.0293
1.0496
1.06618
1.08029
1.09334
1.10619
1.11941
1.13322
1.14752
1.16263
1.17825
1.1948
1.2119
1.2298
1.24836
1.2675
1.28727
1.30749
1.32824
1.34939
1.37088
1.39266
1.41458
1.43662
1.45865
1.4805
1.50212
1.5234
1.54428
1.56469
1.58451
1.60366
1.62204
1.63941
1.6558
1.6707
1.68414
1.69559
1.70587
1.71466
1.72157
1.72494
1.72541
1.72428
1.71979
1.71067
1.69837
1.68506
1.67276
1.66255
1.65558
1.65151
1.65033
1.65081
1.65164
1.65341
1.65629
1.66013
1.66442
1.66879
1.67354
1.67832
1.68347
1.68866
1.69407
1.69957
1.70509
1.7108
1.7163
1.72211
1.7275
1.73324
1.73845
1.74393
1.74878
1.75375
1.75792
1.76189
1.76471
1.76678
1.76742
1.76731
1.7657
1.76308
1.75776
1.74914
1.73546
1.71837
1.69993
1.67961
1.67013
1.09987
0.932954
0.871692
0.868264
0.886791
0.921876
0.963115
0.996789
1.02355
1.04479
1.06177
1.07647
1.08997
1.10318
1.11652
1.13026
1.1445
1.15915
1.17431
1.1899
1.20611
1.22287
1.24016
1.25816
1.27667
1.29589
1.31552
1.33574
1.35629
1.37717
1.39831
1.41952
1.44088
1.46213
1.4834
1.50446
1.52526
1.54577
1.56588
1.58557
1.60469
1.62327
1.64096
1.6581
1.67389
1.68892
1.70213
1.71404
1.72413
1.73335
1.74043
1.74468
1.74567
1.74496
1.74204
1.73536
1.72458
1.71171
1.69838
1.68686
1.67806
1.67252
1.67013
1.67004
1.67105
1.67265
1.67547
1.67941
1.6838
1.68864
1.69347
1.69866
1.70377
1.70925
1.71463
1.72029
1.72585
1.73154
1.73712
1.74265
1.74806
1.75328
1.75827
1.76291
1.76711
1.77056
1.77323
1.77456
1.77481
1.7742
1.77235
1.76831
1.76154
1.75037
1.73493
1.71669
1.69656
1.67796
1.66025
1.65332
0.958612
0.767115
0.775964
0.816912
0.872296
0.927534
0.970296
1.00257
1.02704
1.04618
1.06257
1.07772
1.09229
1.10669
1.12121
1.13587
1.1508
1.16591
1.18142
1.19721
1.21349
1.23027
1.24755
1.26539
1.28362
1.30246
1.32161
1.34128
1.36119
1.38144
1.40187
1.42242
1.44306
1.46365
1.48417
1.50455
1.52466
1.54456
1.56401
1.58316
1.60172
1.6199
1.63733
1.65429
1.67027
1.68557
1.6997
1.71257
1.72425
1.73419
1.74387
1.75133
1.75742
1.75918
1.75883
1.7568
1.75202
1.74338
1.73124
1.71759
1.70512
1.69442
1.6876
1.68359
1.68298
1.68388
1.68558
1.68816
1.69212
1.69706
1.70227
1.70772
1.71311
1.71875
1.72435
1.73009
1.73582
1.74154
1.74717
1.75271
1.75793
1.76306
1.76753
1.77176
1.77502
1.77743
1.77843
1.7785
1.77771
1.77533
1.77005
1.76133
1.74771
1.73099
1.71146
1.6918
1.6729
1.65807
1.6458
1.64209
0.771203
0.564886
0.653444
0.75129
0.837678
0.900297
0.944682
0.977864
1.00333
1.02478
1.04439
1.06312
1.08117
1.09863
1.11565
1.13233
1.14896
1.1654
1.18192
1.19853
1.21545
1.23269
1.25025
1.26813
1.28622
1.3047
1.32338
1.34244
1.36164
1.38111
1.40065
1.42028
1.43992
1.45948
1.47895
1.49823
1.51728
1.53612
1.55452
1.57284
1.59046
1.60819
1.6249
1.64182
1.65746
1.67324
1.68751
1.70173
1.71425
1.72612
1.73643
1.74605
1.75434
1.7606
1.76418
1.76465
1.76311
1.75978
1.75336
1.74305
1.72966
1.71655
1.70461
1.69648
1.69128
1.69003
1.69062
1.69261
1.69548
1.69954
1.70478
1.7105
1.71632
1.72232
1.7282
1.73422
1.74011
1.74601
1.7518
1.75728
1.76261
1.76723
1.77151
1.77462
1.77681
1.77746
1.77748
1.77633
1.77276
1.76621
1.75467
1.74019
1.72162
1.70239
1.68262
1.66588
1.652
1.64293
1.63646
1.63559
0.649054
0.380577
0.525689
0.668908
0.766744
0.832379
0.880488
0.918045
0.949408
0.977539
1.0034
1.02751
1.05013
1.07148
1.09166
1.11094
1.12975
1.14811
1.16644
1.18453
1.20269
1.22079
1.23911
1.2575
1.27592
1.2944
1.31291
1.33169
1.35036
1.36939
1.38815
1.40718
1.42587
1.44467
1.46313
1.48156
1.49968
1.51771
1.53547
1.55308
1.57047
1.58753
1.60442
1.62071
1.63692
1.65223
1.66753
1.68161
1.69568
1.70809
1.72034
1.73053
1.74078
1.74923
1.7563
1.76079
1.76227
1.76137
1.759
1.7543
1.74634
1.73448
1.72121
1.70878
1.69943
1.69329
1.69122
1.6915
1.69396
1.69691
1.7009
1.70616
1.71226
1.71863
1.72486
1.73118
1.73729
1.74335
1.74919
1.75462
1.75967
1.76383
1.7671
1.76903
1.76983
1.76983
1.76801
1.76308
1.75445
1.74164
1.7252
1.70633
1.68698
1.66881
1.65371
1.64239
1.63478
1.63104
1.62853
1.62954
0.56675
0.240406
0.425922
0.573516
0.665322
0.730539
0.782895
0.827455
0.867128
0.903164
0.936389
0.967093
0.995478
1.02192
1.0469
1.07028
1.09249
1.1137
1.13428
1.15439
1.17403
1.19353
1.21265
1.23195
1.25095
1.27012
1.2888
1.30784
1.32636
1.34524
1.36359
1.38213
1.40032
1.41843
1.43643
1.45416
1.47192
1.48943
1.50688
1.52415
1.54124
1.55806
1.57474
1.59088
1.60702
1.62234
1.63778
1.65213
1.66661
1.67976
1.6929
1.70441
1.71579
1.72561
1.73546
1.74276
1.74897
1.75175
1.75269
1.75106
1.74817
1.74268
1.73298
1.72073
1.70805
1.69802
1.69098
1.68777
1.6875
1.68959
1.69276
1.69673
1.70188
1.70805
1.71437
1.72088
1.72701
1.73313
1.73873
1.74374
1.74812
1.75109
1.75335
1.75429
1.75409
1.75129
1.74494
1.73439
1.71994
1.70231
1.6833
1.66463
1.64826
1.63541
1.62625
1.62095
1.61813
1.61767
1.61714
1.61927
0.557568
0.1916
0.370095
0.496624
0.573277
0.631797
0.683889
0.732188
0.776589
0.817478
0.855056
0.889928
0.922253
0.95239
0.980472
1.00725
1.03259
1.05719
1.0805
1.10339
1.12519
1.14687
1.16771
1.18861
1.20892
1.22929
1.24892
1.26859
1.28772
1.30684
1.32561
1.34418
1.36262
1.38059
1.3987
1.41618
1.43395
1.45118
1.46849
1.48559
1.50243
1.51922
1.53566
1.55192
1.56782
1.58351
1.59864
1.61381
1.62806
1.64259
1.65594
1.6696
1.68172
1.69424
1.7049
1.71613
1.72456
1.73284
1.73741
1.74072
1.74031
1.73896
1.73561
1.72858
1.71753
1.70447
1.69362
1.68498
1.68087
1.67929
1.68095
1.68421
1.68774
1.69274
1.6982
1.70471
1.71066
1.71654
1.72149
1.72553
1.72845
1.73066
1.73126
1.73008
1.72597
1.71758
1.70526
1.68907
1.67096
1.65215
1.63495
1.62061
1.60997
1.60313
1.59933
1.59801
1.59826
1.59901
1.59959
1.60216
0.624568
0.23596
0.376977
0.479553
0.532656
0.572996
0.613649
0.655424
0.696352
0.735629
0.773198
0.808858
0.842871
0.875027
0.905565
0.934655
0.962533
0.989281
1.01517
1.04005
1.06428
1.08762
1.11045
1.13257
1.15431
1.17567
1.19662
1.21699
1.23701
1.25658
1.27579
1.29464
1.31316
1.33145
1.34944
1.36737
1.38499
1.40273
1.41996
1.43751
1.4543
1.47136
1.48783
1.50413
1.52032
1.53601
1.5519
1.56721
1.58269
1.5979
1.61315
1.62807
1.64294
1.65697
1.67098
1.68401
1.69682
1.70774
1.71724
1.72461
1.72829
1.73036
1.72957
1.72717
1.72157
1.71085
1.69871
1.68554
1.67635
1.67019
1.6676
1.66822
1.67053
1.6741
1.67815
1.68289
1.68799
1.6926
1.69618
1.69936
1.70076
1.70079
1.69855
1.69248
1.68269
1.66817
1.6511
1.63193
1.61375
1.59734
1.58469
1.57561
1.56996
1.56732
1.56624
1.5671
1.56815
1.56936
1.57027
1.57335
0.607265
0.211391
0.364016
0.464601
0.509186
0.53847
0.568796
0.601826
0.635878
0.669905
0.703656
0.737032
0.769622
0.801548
0.832348
0.862275
0.891233
0.9192
0.94644
0.972663
0.998245
1.02289
1.04694
1.07014
1.09287
1.1148
1.13647
1.15741
1.17792
1.19795
1.21758
1.23697
1.25599
1.27491
1.29352
1.312
1.33024
1.34824
1.36608
1.3836
1.40106
1.4182
1.43545
1.45243
1.46984
1.48681
1.50445
1.5218
1.5396
1.55716
1.57481
1.592
1.60913
1.62558
1.64181
1.65705
1.6719
1.68535
1.69753
1.70767
1.71528
1.72012
1.72104
1.72051
1.71803
1.71264
1.70175
1.68868
1.67442
1.66409
1.65569
1.65261
1.65084
1.65246
1.65468
1.65764
1.66079
1.66358
1.66489
1.6649
1.66368
1.65959
1.65164
1.63879
1.62285
1.60381
1.58463
1.56629
1.55111
1.53943
1.5315
1.52686
1.52462
1.52416
1.52518
1.52688
1.52837
1.53043
1.53189
1.53597
0.67359
0.253589
0.384526
0.479353
0.51627
0.5353
0.555484
0.579013
0.60458
0.631074
0.658291
0.686219
0.714607
0.74321
0.771916
0.800272
0.828466
0.856049
0.883135
0.909659
0.935321
0.960573
0.984815
1.00873
1.03175
1.0545
1.07657
1.09845
1.11967
1.1407
1.16124
1.18159
1.20152
1.22126
1.24067
1.25978
1.2788
1.2974
1.31621
1.3346
1.35339
1.37187
1.39079
1.40958
1.42866
1.44778
1.467
1.48627
1.50537
1.52456
1.54323
1.562
1.57991
1.5977
1.61435
1.63052
1.64529
1.6595
1.67194
1.68331
1.69241
1.69981
1.70407
1.70548
1.70469
1.70316
1.69866
1.68955
1.6752
1.66172
1.6487
1.63992
1.63342
1.63083
1.62891
1.62908
1.62889
1.62837
1.62603
1.62241
1.61608
1.60584
1.59154
1.57369
1.55422
1.53462
1.51716
1.50312
1.49275
1.4863
1.48235
1.48118
1.48117
1.48258
1.48435
1.4871
1.4892
1.49234
1.49432
1.49941
0.697437
0.268916
0.393329
0.487537
0.52287
0.538004
0.552784
0.570537
0.590183
0.611149
0.63319
0.656326
0.680431
0.705301
0.730796
0.756579
0.782514
0.808433
0.83413
0.859671
0.884825
0.909661
0.934156
0.958177
0.981968
1.00524
1.02831
1.05092
1.07331
1.09516
1.11676
1.13785
1.15871
1.17913
1.19937
1.21928
1.23908
1.25871
1.27828
1.29791
1.31745
1.33728
1.3568
1.37685
1.39639
1.41662
1.43605
1.45614
1.47542
1.49495
1.51377
1.53248
1.55051
1.56815
1.58504
1.60141
1.61692
1.63201
1.64602
1.65952
1.67141
1.68227
1.69072
1.69706
1.69944
1.69965
1.69889
1.69537
1.68628
1.67258
1.65693
1.64228
1.63026
1.62076
1.61429
1.60864
1.60392
1.59798
1.59083
1.58131
1.56799
1.55135
1.53178
1.51152
1.49192
1.47533
1.46224
1.45336
1.44771
1.44528
1.44437
1.44504
1.44632
1.44915
1.45152
1.45487
1.45726
1.46078
1.46286
1.46801
0.668809
0.248874
0.375172
0.469633
0.506715
0.523097
0.538418
0.556205
0.575476
0.595399
0.616238
0.638219
0.660897
0.684145
0.70786
0.731951
0.756221
0.780743
0.805213
0.829875
0.854384
0.879005
0.903422
0.927808
0.951919
0.975824
0.999375
1.02259
1.04542
1.06776
1.0897
1.11113
1.13223
1.15289
1.17333
1.19345
1.21352
1.23342
1.25343
1.27341
1.29359
1.31387
1.33429
1.35482
1.37522
1.39572
1.41585
1.43603
1.45568
1.47528
1.49432
1.51313
1.53149
1.54936
1.56704
1.58387
1.60074
1.61646
1.6323
1.64677
1.66103
1.6734
1.68504
1.69383
1.7007
1.70317
1.70346
1.70273
1.69905
1.68946
1.67474
1.65668
1.63933
1.62288
1.60963
1.59759
1.58622
1.57425
1.56048
1.54359
1.52395
1.50237
1.48084
1.46092
1.44443
1.43189
1.42329
1.41792
1.41516
1.41394
1.41377
1.41486
1.41625
1.41854
1.42089
1.42347
1.42559
1.42817
1.42967
1.43341
0.681738
0.25599
0.372294
0.462649
0.498518
0.514436
0.52918
0.54657
0.565956
0.586438
0.608148
0.631008
0.654154
0.677446
0.700847
0.72437
0.747922
0.771729
0.79561
0.819807
0.843995
0.868406
0.892625
0.916932
0.94091
0.964814
0.988333
1.01158
1.03436
1.05669
1.07845
1.09972
1.12046
1.14083
1.16088
1.18076
1.2006
1.22045
1.24055
1.26068
1.28119
1.30154
1.32235
1.34272
1.36359
1.38364
1.40428
1.42377
1.44398
1.46289
1.48245
1.50081
1.51956
1.53751
1.55539
1.57292
1.58991
1.60677
1.62282
1.63858
1.65342
1.6675
1.68017
1.69162
1.70051
1.70701
1.70907
1.70904
1.7078
1.70318
1.69203
1.67495
1.65396
1.63275
1.61115
1.5916
1.57165
1.55188
1.52982
1.5065
1.48207
1.45872
1.43785
1.42088
1.40804
1.39897
1.39301
1.3893
1.38705
1.38573
1.38529
1.38526
1.3858
1.38671
1.38807
1.3894
1.3906
1.39208
1.39297
1.39576
0.687635
0.258381
0.371694
0.462283
0.498305
0.51328
0.526378
0.542278
0.56103
0.58153
0.603867
0.627864
0.652
0.675932
0.699811
0.723488
0.74723
0.770952
0.794935
0.818992
0.843323
0.867539
0.891839
0.915797
0.939684
0.963219
0.986536
1.00952
1.03202
1.05413
1.07549
1.0965
1.11669
1.13679
1.15628
1.17602
1.19546
1.21534
1.23512
1.25531
1.27546
1.29586
1.31622
1.33663
1.35688
1.37706
1.39694
1.41673
1.43616
1.45544
1.47447
1.49333
1.51201
1.53048
1.54868
1.56671
1.58428
1.60164
1.6184
1.63484
1.65032
1.66552
1.67904
1.69204
1.70261
1.71146
1.71647
1.71777
1.71731
1.71469
1.70788
1.69365
1.67255
1.64734
1.61909
1.59029
1.56044
1.53111
1.50109
1.47263
1.44628
1.42397
1.40609
1.39277
1.38329
1.3767
1.37228
1.3692
1.36703
1.36547
1.3645
1.36379
1.36365
1.36378
1.36439
1.36503
1.36561
1.36655
1.36709
1.36956
0.748563
0.305189
0.404359
0.491498
0.525642
0.538004
0.546152
0.556365
0.56978
0.585741
0.604972
0.626405
0.648296
0.670462
0.693119
0.715897
0.739193
0.762577
0.786545
0.810528
0.835006
0.859167
0.883637
0.907522
0.931548
0.955042
0.978476
1.00157
1.02429
1.04673
1.06847
1.09001
1.11072
1.13143
1.15143
1.17169
1.19148
1.21175
1.23174
1.25228
1.2726
1.29334
1.31382
1.33452
1.35489
1.37541
1.39542
1.41568
1.43521
1.45517
1.47421
1.49377
1.5124
1.53141
1.54965
1.56802
1.58576
1.60336
1.62045
1.63699
1.65323
1.66831
1.68304
1.69615
1.70828
1.71793
1.72558
1.72808
1.72785
1.72655
1.72201
1.711
1.69217
1.66555
1.63242
1.59562
1.55625
1.5179
1.48146
1.45002
1.42387
1.40379
1.38891
1.37823
1.37077
1.36535
1.36153
1.35861
1.35631
1.35452
1.35314
1.35209
1.35147
1.3512
1.35137
1.35163
1.35188
1.35254
1.35284
1.35512
0.699352
0.266209
0.373718
0.463161
0.499479
0.514619
0.526754
0.540971
0.558526
0.578223
0.600382
0.624695
0.648997
0.673083
0.697169
0.720979
0.744978
0.768754
0.792899
0.816893
0.841283
0.865332
0.889626
0.913313
0.937146
0.960376
0.98363
1.0064
1.0289
1.05095
1.07237
1.09338
1.11364
1.13373
1.15325
1.17295
1.19237
1.21223
1.23198
1.25224
1.27235
1.29289
1.31312
1.33364
1.3537
1.37396
1.39367
1.41359
1.43289
1.45248
1.47138
1.49066
1.50918
1.52808
1.54624
1.56464
1.58231
1.60006
1.6171
1.63386
1.65014
1.66538
1.68052
1.69366
1.70661
1.71664
1.7255
1.72919
1.72951
1.72874
1.72509
1.71664
1.69943
1.67316
1.63838
1.59707
1.55214
1.50836
1.4689
1.4367
1.41159
1.3933
1.38015
1.37083
1.3642
1.35926
1.35556
1.35266
1.35038
1.34854
1.34712
1.34608
1.34553
1.34536
1.34557
1.34598
1.34626
1.347
1.34732
1.34971
)
;

boundaryField
{
    inlet
    {
        type            calculated;
        value           uniform 3.00001;
    }
    outlet
    {
        type            calculated;
        value           nonuniform List<scalar> 
40
(
0.946261
1.046
1.14749
1.23724
1.30918
1.3709
1.42077
1.4688
1.50545
1.53444
1.56464
1.58643
1.60825
1.62794
1.64622
1.66205
1.67697
1.69067
1.70201
1.71048
1.71602
1.71539
1.70438
1.68882
1.67013
1.65332
1.64209
1.63559
1.62954
1.61927
1.60216
1.57335
1.53597
1.49941
1.46801
1.43341
1.39576
1.36956
1.35512
1.34971
)
;
    }
    bottom
    {
        type            symmetryPlane;
    }
    top
    {
        type            symmetryPlane;
    }
    obstacle
    {
        type            calculated;
        value           uniform 0;
    }
    defaultFaces
    {
        type            empty;
    }
}


// ************************************************************************* //
