/*--------------------------------*- C++ -*----------------------------------*\
| =========                 |                                                 |
| \\      /  F ield         | OpenFOAM: The Open Source CFD Toolbox           |
|  \\    /   O peration     | Version:  2412                                  |
|   \\  /    A nd           | Website:  www.openfoam.com                      |
|    \\/     M anipulation  |                                                 |
\*---------------------------------------------------------------------------*/
FoamFile
{
    version     2.0;
    format      ascii;
    arch        "LSB;label=32;scalar=64";
    class       volScalarField;
    location    "7";
    object      Ma;
}
// * * * * * * * * * * * * * * * * * * * * * * * * * * * * * * * * * * * * * //

dimensions      [0 0 0 0 0 0 0];

internalField   nonuniform List<scalar> 
5250
(
2.99999
2.99996
2.99985
2.9997
2.99908
2.99819
2.99482
2.98911
2.97063
2.92892
2.82641
2.54002
2.01371
0.993881
0.440634
0.315259
0.332008
0.328466
0.294365
0.241333
0.193
0.153317
0.113866
0.0707264
0.0384472
2.99999
2.99996
2.99985
2.9997
2.99909
2.99822
2.9949
2.98928
2.9711
2.92999
2.82908
2.54639
2.027
1.00805
0.450407
0.316374
0.333844
0.331197
0.297586
0.245571
0.198477
0.16011
0.122687
0.0842977
0.0606807
2.99999
2.99996
2.99986
2.99971
2.99912
2.99828
2.99506
2.98961
2.97203
2.93218
2.83456
2.55985
2.05559
1.04104
0.4728
0.319937
0.339187
0.338725
0.306358
0.256654
0.212249
0.176987
0.144112
0.113392
0.0972089
2.99999
2.99996
2.99986
2.99973
2.99916
2.99836
2.99528
2.99009
2.97327
2.93533
2.84188
2.57958
2.09366
1.09499
0.50657
0.325021
0.347789
0.351037
0.32055
0.274028
0.233051
0.201613
0.173767
0.149327
0.137285
2.99999
2.99997
2.99987
2.99974
2.99921
2.99846
2.99557
2.99071
2.97491
2.9395
2.8516
2.60621
2.14589
1.17248
0.552333
0.333009
0.360492
0.368399
0.339957
0.29698
0.25952
0.231942
0.20873
0.189358
0.180014
2.99999
2.99997
2.99988
2.99976
2.99927
2.99857
2.99586
2.99145
2.97674
2.94485
2.86357
2.64008
2.21268
1.27765
0.611112
0.346913
0.379013
0.391842
0.36523
0.326078
0.292014
0.268172
0.249383
0.234478
0.228088
2.99999
2.99997
2.99989
2.99978
2.99933
2.99869
2.99618
2.99227
2.97871
2.9512
2.87733
2.68005
2.29258
1.41356
0.683703
0.373172
0.407492
0.423327
0.397921
0.362101
0.330754
0.310417
0.296336
0.286899
0.285268
2.99999
2.99998
2.9999
2.9998
2.9994
2.99883
2.99654
2.99314
2.98087
2.95783
2.89196
2.72295
2.38137
1.57489
0.771334
0.418452
0.450153
0.464902
0.440738
0.407662
0.378212
0.360838
0.351415
0.348956
0.357239
3
2.99998
2.99992
2.99983
2.99947
2.99896
2.99693
2.99396
2.98286
2.96354
2.90419
2.76211
2.45618
1.75391
0.852753
0.456668
0.487724
0.502418
0.485619
0.456915
0.431835
0.418912
0.415996
0.425889
0.45654
3
2.99998
2.99993
2.99985
2.99954
2.99909
2.99731
2.99466
2.98483
2.96786
2.91437
2.79158
2.50804
1.85326
0.94895
0.509336
0.515495
0.528566
0.525748
0.505663
0.488359
0.481889
0.491204
0.527018
0.621655
3
2.99998
2.99996
2.99986
2.9997
2.99916
2.9982
2.99521
2.98856
2.97143
2.92684
2.82754
2.53312
1.99871
1.0271
0.573606
0.52669
0.545545
0.555292
0.548509
0.542422
0.547313
0.576096
0.649696
0.810615
3
2.99999
2.99995
2.99989
2.99965
2.99931
2.99799
2.99595
2.98881
2.97528
2.93588
2.83891
2.62761
2.05634
1.21753
0.658259
0.54085
0.561211
0.580324
0.586129
0.59133
0.609381
0.654564
0.745615
0.908038
3
2.99999
2.99995
2.9999
2.9997
2.99941
2.99823
2.99654
2.99004
2.97932
2.94416
2.8652
2.6797
2.19322
1.39849
0.753622
0.5618
0.581879
0.605677
0.620914
0.636891
0.665677
0.718896
0.806869
0.940038
3
2.99999
2.99996
2.99992
2.99974
2.99949
2.99847
2.99703
2.99126
2.9826
2.95141
2.89267
2.73164
2.34726
1.61245
0.868296
0.603657
0.616936
0.637182
0.656575
0.677739
0.713126
0.768155
0.84627
0.955415
3
3
2.99997
2.99993
2.99979
2.99958
2.99874
2.99756
2.99284
2.98582
2.9601
2.91439
2.7793
2.48321
1.82934
0.989289
0.662169
0.659023
0.675376
0.695519
0.71722
0.751785
0.806779
0.87661
0.968523
3
3
2.99998
2.99995
2.99983
2.99967
2.999
2.99807
2.99437
2.98876
2.96907
2.93032
2.82716
2.56098
2.04421
1.1218
0.733978
0.692198
0.709064
0.729463
0.753173
0.785858
0.835676
0.900853
0.980897
3
3
2.99998
2.99996
2.99987
2.99974
2.99922
2.99848
2.99561
2.99113
2.9758
2.94454
2.8619
2.64272
2.22163
1.3374
0.846263
0.723069
0.735719
0.755418
0.783412
0.816781
0.861988
0.920275
0.990762
3.00001
3
2.99999
2.99997
2.9999
2.9998
2.99938
2.99881
2.99649
2.99307
2.9807
2.95783
2.89209
2.72537
2.3889
1.59646
0.997249
0.774491
0.768191
0.782139
0.809564
0.844388
0.886946
0.939354
1.00117
3.00001
3
2.99999
2.99998
2.99992
2.99985
2.99953
2.99909
2.99733
2.99475
2.985
2.96899
2.91739
2.80489
2.53784
1.94704
1.16411
0.848884
0.813888
0.820902
0.842411
0.872779
0.910243
0.957175
1.01224
3.00001
3
3
2.99998
2.99996
2.99986
2.99973
2.99921
2.99841
2.99562
2.99059
2.97536
2.94029
2.85572
2.62453
2.18563
1.3348
0.934655
0.848546
0.855573
0.874369
0.902635
0.934139
0.974237
1.02264
3.00001
3
3
2.99999
2.99997
2.9999
2.99979
2.99937
2.99878
2.99642
2.99291
2.98018
2.95732
2.89029
2.72775
2.38292
1.65339
1.07584
0.896858
0.889563
0.903068
0.929118
0.961543
0.995319
1.03556
3.00001
3.00001
3
3
2.99997
2.99994
2.99982
2.99963
2.99892
2.99784
2.99387
2.98739
2.96573
2.92469
2.80556
2.5599
1.94342
1.2649
0.971858
0.927744
0.933281
0.953794
0.984627
1.0173
1.05344
3.00001
3.00001
3
3
2.99999
2.99995
2.9999
2.99969
2.99939
2.99826
2.99644
2.99044
2.97835
2.94553
2.86319
2.68773
2.20526
1.47725
1.06932
0.971758
0.966326
0.979611
1.00504
1.03633
1.0702
3.00001
3.00001
3
3
2.99999
2.99997
2.99991
2.99982
2.99948
2.99897
2.99713
2.99394
2.98403
2.96252
2.9078
2.76511
2.47807
1.81201
1.22117
1.02244
1.00184
1.00987
1.02993
1.05736
1.08768
3.00001
3.00001
3.00001
3
3
2.99998
2.99995
2.99984
2.99969
2.99909
2.99819
2.99483
2.98953
2.97134
2.93752
2.84255
2.62642
2.13612
1.41459
1.09658
1.03676
1.03899
1.05522
1.08067
1.10725
3.00001
3.00001
3.00001
3
3
2.99999
2.99997
2.99989
2.99979
2.99936
2.99876
2.9964
2.99289
2.9801
2.95802
2.89205
2.7403
2.40545
1.72993
1.23165
1.08145
1.06985
1.07972
1.10195
1.13074
3.00001
3.00001
3.00001
3.00001
3
3
2.99998
2.99994
2.99983
2.99965
2.99899
2.99798
2.99433
2.98835
2.96865
2.93197
2.82397
2.61038
2.04729
1.43494
1.15754
1.10576
1.10685
1.12254
1.14734
3.00001
3.00001
3.00001
3.00001
3
3
2.99999
2.99996
2.99991
2.99972
2.99945
2.99843
2.99687
2.99139
2.98175
2.95259
2.8862
2.73565
2.34747
1.68473
1.27405
1.15408
1.13817
1.145
1.16302
3.00001
3.00001
3.00001
3.00001
3.00001
3
2.99999
2.99998
2.99993
2.99985
2.99956
2.99914
2.99754
2.99511
2.98651
2.9717
2.92691
2.82762
2.60138
2.0982
1.4545
1.21492
1.17539
1.17286
1.18509
3.00001
3.00001
3.00001
3.00001
3.00001
3
3
2.99999
2.99995
2.99991
2.99971
2.99944
2.99837
2.99682
2.99098
2.98178
2.95136
2.88826
2.73645
2.35568
1.71218
1.31559
1.20863
1.19887
1.20585
3.00001
3.00001
3.00001
3.00001
3.00001
3.00001
3
2.99999
2.99998
2.99993
2.99985
2.99957
2.99915
2.99758
2.99521
2.98673
2.97245
2.92875
2.83474
2.6118
2.13344
1.50881
1.26993
1.22993
1.22819
3.00001
3.00001
3.00001
3.00001
3.00001
3.00001
3
3
2.99999
2.99996
2.99991
2.99972
2.99945
2.99842
2.99693
2.99124
2.98254
2.95298
2.895
2.74919
2.39386
1.76861
1.37751
1.26414
1.25008
3.00001
3.00001
3.00001
3.00001
3.00001
3.00001
3.00001
3
2.99999
2.99998
2.99993
2.99986
2.9996
2.9992
2.99775
2.99553
2.98772
2.97437
2.9338
2.84561
2.64057
2.18203
1.56508
1.32724
1.28294
3.00001
3.00001
3.00001
3.00001
3.00001
3.00001
3.00001
3
3
2.99999
2.99997
2.9999
2.99979
2.9994
2.99882
2.99666
2.99336
2.98188
2.96163
2.90258
2.76871
2.47551
1.87554
1.45276
1.31614
3.00001
3.00001
3.00001
3.00001
3.00001
3.00001
3.00001
3.00001
3
3
2.99998
2.99994
2.99987
2.99963
2.99927
2.9979
2.99594
2.98851
2.97713
2.93908
2.86476
2.6816
2.25776
1.66613
1.38923
3.00001
3.00001
3.00001
3.00001
3.00001
3.00001
3.00001
3.00001
3
3
2.99999
2.99997
2.99993
2.99978
2.99956
2.99873
2.99753
2.99304
2.98617
2.96266
2.91956
2.80325
2.5411
1.99808
1.53256
3.00001
3.00001
3.00001
3.00001
3.00001
3.00001
3.00001
3.00001
3.00001
3
3
2.99999
2.99995
2.99989
2.99968
2.99937
2.99821
2.99646
2.99031
2.9799
2.94803
2.8781
2.72158
2.3273
1.73533
3.00001
3.00001
3.00001
3.00001
3.00001
3.00001
3.00001
3.00001
3.00001
3.00001
3
2.99999
2.99997
2.99993
2.99979
2.99959
2.99882
2.9977
2.9935
2.98708
2.96492
2.92569
2.81187
2.58222
2.0397
3.00001
3.00001
3.00001
3.00001
3.00001
3.00001
3.00001
3.00001
3.00001
3.00001
3
3
2.99999
2.99995
2.99989
2.99966
2.99933
2.9981
2.99622
2.98962
2.97812
2.9431
2.8649
2.68538
2.25
3.00001
3.00001
3.00001
3.00001
3.00001
3.00001
3.00001
3.00001
3.00001
3.00001
3
3
2.99999
2.99997
2.99989
2.99978
2.99935
2.99872
2.99636
2.99253
2.97998
2.95404
2.88619
2.70923
2.3624
3.00001
3.00001
3.00001
3.00001
3.00001
3.00001
3.00001
3.00001
3.00001
3.00001
3
3
2.99999
2.99997
2.99991
2.99981
2.99943
2.99887
2.99678
2.99334
2.98201
2.95805
2.89507
2.72695
2.38995
3.00001
3.00001
3.00001
3.00001
3.00001
3.00001
3.00001
3.00001
3.00001
3.00001
3.00001
3
2.99999
2.99997
2.99993
2.99977
2.99954
2.99867
2.9973
2.99243
2.9836
2.95629
2.89306
2.7417
2.35246
3.00001
3.00001
3.00001
3.00001
3.00001
3.00001
3.00001
3.00001
3.00001
3.00001
3
3
2.99999
2.99998
2.99992
2.99983
2.9995
2.99899
2.9972
2.99378
2.98378
2.9598
2.90179
2.73799
2.41368
3.00001
3.00001
3.00001
3.00001
3.00001
3.00001
3.00001
3.00001
3.00001
3.00001
3.00001
3
2.99999
2.99997
2.99993
2.99978
2.99956
2.99867
2.99738
2.99232
2.98435
2.95664
2.90061
2.75239
2.38518
3.00001
3.00001
3.00001
3.00001
3.00001
3.00001
3.00001
3.00001
3.00001
3.00001
3.00001
3
2.99999
2.99997
2.99993
2.99978
2.99957
2.9987
2.99745
2.99251
2.98478
2.95782
2.90316
2.75868
2.39875
3.00001
3.00001
3.00001
3.00001
3.00001
3.00001
3.00001
3.00001
3.00001
3.00001
3
3
2.99999
2.99998
2.99992
2.99983
2.99949
2.99899
2.99703
2.99402
2.98348
2.96297
2.9047
2.75607
2.44401
3.00001
3.00001
3.00001
3.00001
3.00001
3.00001
3.00001
3.00001
3.00001
3.00001
3
3
2.99999
2.99998
2.99992
2.99983
2.99948
2.99899
2.99699
2.99409
2.98304
2.96419
2.90471
2.76508
2.45328
3.00001
3.00001
3.00001
3.00001
3.00001
3.00001
3.00001
3.00001
3.00001
3.00001
3
3
2.99999
2.99998
2.99992
2.99984
2.9995
2.99902
2.99712
2.99422
2.98385
2.96456
2.90748
2.76638
2.4616
3.00001
3.00001
3.00001
3.00001
3.00001
3.00001
3.00001
3.00001
3.00001
3.00001
3.00001
3
3
2.99997
2.99994
2.9998
2.9996
2.99884
2.99765
2.99345
2.98567
2.96217
2.90605
2.77461
2.42157
3.00001
3.00001
3.00001
3.00001
3.00001
3.00001
3.00001
3.00001
3.00001
3.00001
3
3
2.99999
2.99998
2.99992
2.99984
2.99951
2.99903
2.99715
2.99427
2.98399
2.96487
2.90819
2.7684
2.46546
0.984225
0.830182
0.40034
0.268259
0.231271
0.364568
0.413447
0.443324
0.477152
0.51842
0.557475
0.591396
0.623528
0.655461
0.686613
0.71497
0.741413
0.766442
0.784804
0.792406
0.793761
0.789416
0.773368
0.744287
0.704336
0.658088
0.609207
0.560045
0.511851
0.464956
0.420002
0.37752
0.337042
0.298513
0.26134
0.225256
0.189598
0.155294
0.122413
0.0908752
0.0606748
0.0325722
0.0156126
0.0355379
0.0609514
0.0871358
0.112382
0.13649
0.159173
0.180836
0.203352
0.226038
0.247833
0.268688
0.289003
0.30875
0.328125
0.347045
0.36562
0.383801
0.401664
0.419187
0.436434
0.453372
0.47007
0.486477
0.50268
0.518617
0.534392
0.549911
0.56532
0.580455
0.595536
0.610334
0.625103
0.639611
0.654059
0.668308
0.682438
0.696414
0.710263
0.72393
0.73753
0.750874
0.764216
0.777256
0.79031
0.803067
0.815804
0.828255
0.840627
0.852671
0.864566
0.875984
0.887085
0.897392
0.906935
0.91507
0.92132
0.925841
0.996064
0.893894
0.667091
0.409632
0.328774
0.199332
0.0855455
0.0979594
0.179371
0.251501
0.30383
0.341542
0.376286
0.412727
0.449358
0.482567
0.512482
0.539931
0.562161
0.57264
0.573464
0.566927
0.548254
0.515839
0.472241
0.423555
0.373765
0.324749
0.277869
0.232622
0.190359
0.151399
0.115398
0.082765
0.0559156
0.0428333
0.0527284
0.0745754
0.100481
0.12679
0.152884
0.178102
0.202149
0.225045
0.247505
0.269837
0.291804
0.313141
0.333383
0.352671
0.372311
0.392337
0.411678
0.430221
0.448237
0.465821
0.483072
0.499934
0.516521
0.532739
0.548737
0.564395
0.579873
0.595031
0.610058
0.624767
0.639431
0.653747
0.668109
0.682076
0.696154
0.709816
0.7236
0.737005
0.750489
0.763671
0.776875
0.789839
0.8028
0.815529
0.828268
0.840752
0.853252
0.865499
0.877722
0.889752
0.901662
0.913483
0.925068
0.936653
0.947891
0.959155
0.969948
0.9807
0.990777
1.00062
1.0094
1.01739
1.02308
1.02752
1.01389
0.996791
0.901659
0.776231
0.672141
0.563852
0.451781
0.347198
0.258053
0.179463
0.109582
0.0615473
0.0912011
0.138334
0.184279
0.225348
0.260941
0.290754
0.314015
0.325469
0.323555
0.311716
0.293874
0.259733
0.216863
0.173998
0.13348
0.100513
0.0814427
0.0800517
0.0957893
0.119313
0.146658
0.174492
0.201686
0.228194
0.253298
0.277768
0.301943
0.325471
0.348362
0.37038
0.391618
0.411896
0.431766
0.451183
0.470353
0.488946
0.506785
0.52353
0.540414
0.557588
0.574764
0.590927
0.606859
0.622133
0.637422
0.652091
0.666818
0.680958
0.695165
0.708827
0.72258
0.735834
0.749144
0.762027
0.774972
0.787615
0.800256
0.812702
0.825032
0.837309
0.849329
0.861462
0.873209
0.8852
0.896725
0.908551
0.919877
0.931509
0.942624
0.95405
0.964931
0.976158
0.986795
0.997828
1.00823
1.01905
1.02923
1.03979
1.04971
1.0599
1.06952
1.07923
1.08845
1.09735
1.10547
1.11251
1.11785
1.1213
1.03342
1.06219
1.0363
0.976528
0.907237
0.827093
0.741264
0.65327
0.572993
0.497261
0.423213
0.354617
0.291045
0.234959
0.182881
0.13486
0.0900646
0.0507046
0.0275379
0.0460082
0.0618134
0.0402951
0.0447759
0.0777079
0.120486
0.155552
0.191472
0.225365
0.256663
0.2851
0.31214
0.338209
0.363467
0.387596
0.410869
0.43294
0.454069
0.474369
0.494274
0.513486
0.532253
0.550232
0.567713
0.584405
0.600881
0.616836
0.632761
0.648217
0.663215
0.67717
0.691062
0.705317
0.719916
0.733883
0.747431
0.760617
0.773621
0.786422
0.799049
0.811477
0.823738
0.835859
0.847804
0.85962
0.87127
0.882878
0.894282
0.905699
0.916846
0.928098
0.939023
0.950122
0.960879
0.971818
0.982469
0.993218
1.00381
1.01434
1.0249
1.03518
1.04569
1.05575
1.06618
1.07603
1.08634
1.09601
1.10617
1.11566
1.12568
1.13498
1.14491
1.1541
1.16391
1.17281
1.18212
1.19035
1.19851
1.20523
1.21072
1.21404
1.04802
1.09357
1.10714
1.0866
1.0515
1.0031
0.946124
0.884896
0.821609
0.760413
0.695479
0.63195
0.5729
0.518826
0.468006
0.420088
0.374403
0.331379
0.294292
0.264301
0.251946
0.260089
0.284683
0.320142
0.36027
0.398679
0.433307
0.463198
0.489364
0.512675
0.534
0.553934
0.572814
0.590965
0.608283
0.624757
0.640447
0.655542
0.670205
0.684462
0.69832
0.711741
0.724712
0.737288
0.749609
0.76175
0.773818
0.785826
0.797462
0.808468
0.819165
0.830278
0.841869
0.853441
0.864576
0.875501
0.886266
0.896944
0.907597
0.918094
0.928646
0.938935
0.949372
0.959475
0.969807
0.979753
0.989971
0.999785
1.00989
1.01961
1.02961
1.03927
1.0492
1.05883
1.06868
1.0783
1.08806
1.09766
1.10731
1.11689
1.1264
1.13593
1.14531
1.15477
1.164
1.17339
1.18251
1.19191
1.20101
1.21044
1.21943
1.22874
1.23747
1.24652
1.25481
1.26328
1.27063
1.27778
1.28285
1.28666
1.05736
1.11184
1.14049
1.14885
1.13696
1.11432
1.08159
1.04374
1.00132
0.956742
0.909899
0.861263
0.812831
0.764555
0.717758
0.670664
0.62496
0.581654
0.543391
0.51424
0.501311
0.50522
0.524919
0.556357
0.593963
0.631521
0.664288
0.689848
0.709688
0.725116
0.738356
0.750201
0.761667
0.772657
0.783353
0.793334
0.802955
0.812044
0.821042
0.829834
0.838635
0.847287
0.855913
0.864371
0.872886
0.881355
0.890053
0.898805
0.907629
0.915931
0.924093
0.932402
0.941502
0.950874
0.960145
0.969207
0.978191
0.987188
0.996144
1.00521
1.01417
1.02331
1.03226
1.04148
1.0504
1.05973
1.06861
1.07802
1.08684
1.0963
1.10508
1.11456
1.12332
1.1328
1.1416
1.15102
1.15987
1.16922
1.17807
1.18731
1.19614
1.20526
1.21404
1.22305
1.23184
1.24086
1.24973
1.25868
1.26751
1.27632
1.28508
1.29369
1.30229
1.3106
1.31885
1.32664
1.33407
1.3407
1.34602
1.34939
1.06203
1.12083
1.16045
1.18171
1.18949
1.18381
1.16951
1.14916
1.12399
1.09575
1.06489
1.03181
0.99628
0.959408
0.91977
0.879704
0.836394
0.79436
0.755413
0.725069
0.706499
0.704824
0.722517
0.756879
0.79681
0.835963
0.868669
0.892885
0.906143
0.912043
0.914361
0.91592
0.91789
0.920815
0.923885
0.92728
0.930712
0.934361
0.938238
0.942463
0.946917
0.951762
0.956743
0.962158
0.967591
0.973535
0.979456
0.986039
0.992497
0.999252
1.00539
1.01212
1.01914
1.0272
1.03502
1.04308
1.05081
1.05879
1.06659
1.07464
1.0826
1.09078
1.09887
1.10715
1.11534
1.1237
1.13198
1.14039
1.14875
1.15722
1.16567
1.17417
1.18272
1.19125
1.1999
1.20846
1.21718
1.22577
1.23451
1.2431
1.25182
1.26043
1.26914
1.27783
1.28651
1.29519
1.30377
1.31242
1.32091
1.32952
1.33792
1.34644
1.35467
1.36301
1.37093
1.37889
1.38611
1.39307
1.39844
1.4022
1.06563
1.12373
1.16968
1.20043
1.21924
1.2272
1.22676
1.21931
1.20753
1.19227
1.17404
1.15337
1.12899
1.10268
1.07175
1.03747
0.997534
0.958054
0.919707
0.885152
0.857861
0.854017
0.873398
0.907669
0.9497
0.989507
1.02098
1.04381
1.05661
1.05946
1.05377
1.04592
1.03894
1.03438
1.03146
1.03027
1.02997
1.03064
1.0318
1.03338
1.03549
1.03801
1.04098
1.0442
1.04791
1.05186
1.05642
1.06122
1.06669
1.072
1.07735
1.08244
1.0883
1.09464
1.10167
1.10851
1.11556
1.12241
1.12952
1.13653
1.14385
1.15114
1.15869
1.16624
1.17398
1.18171
1.18955
1.19743
1.20532
1.21331
1.22126
1.22937
1.23742
1.24565
1.25381
1.26214
1.27039
1.27875
1.28703
1.2954
1.30376
1.31215
1.32052
1.32885
1.3372
1.34548
1.35382
1.36204
1.37033
1.37846
1.38665
1.39467
1.40271
1.41056
1.41834
1.42587
1.43308
1.43975
1.44533
1.44885
1.0708
1.12563
1.17327
1.21017
1.23615
1.25344
1.26214
1.26569
1.26348
1.25812
1.24933
1.23827
1.22268
1.2046
1.17884
1.14808
1.1113
1.07431
1.03246
0.986911
0.957672
0.957722
0.978939
1.0127
1.05495
1.09699
1.12984
1.15185
1.16752
1.17405
1.17196
1.16189
1.14887
1.13708
1.12764
1.12126
1.1169
1.11451
1.11285
1.11216
1.11179
1.11206
1.11274
1.11393
1.1156
1.11782
1.12054
1.12379
1.12748
1.13157
1.13553
1.1395
1.1437
1.14864
1.15424
1.1601
1.16611
1.17217
1.17839
1.18469
1.19117
1.1978
1.20457
1.21151
1.21851
1.2257
1.23287
1.24023
1.24757
1.25511
1.26265
1.27037
1.27814
1.28604
1.29402
1.30204
1.31015
1.31827
1.32651
1.3347
1.34293
1.35114
1.35934
1.36758
1.37576
1.38402
1.39218
1.40044
1.40857
1.41679
1.42487
1.43303
1.44099
1.44904
1.45678
1.46459
1.47181
1.47888
1.48461
1.4886
1.07579
1.1279
1.17502
1.21499
1.24597
1.26945
1.2851
1.29576
1.30075
1.30326
1.30139
1.2965
1.28739
1.27286
1.24964
1.21983
1.18705
1.1459
1.09265
1.04079
1.01904
1.02482
1.04627
1.08185
1.12563
1.17054
1.20457
1.22858
1.24323
1.25374
1.25694
1.25364
1.24268
1.2276
1.21213
1.19895
1.18885
1.18145
1.1764
1.17277
1.17051
1.16882
1.16811
1.1676
1.16797
1.1688
1.17015
1.17211
1.17456
1.17763
1.18082
1.184
1.18724
1.19113
1.19571
1.20092
1.20624
1.21185
1.2175
1.22346
1.22944
1.23573
1.24202
1.2486
1.25512
1.26194
1.26867
1.2757
1.28264
1.28989
1.29705
1.30451
1.31191
1.31958
1.32718
1.33502
1.34279
1.35073
1.35854
1.3665
1.37432
1.38233
1.39018
1.39823
1.40611
1.41418
1.42207
1.43014
1.43802
1.44607
1.45392
1.46193
1.46968
1.47761
1.48517
1.4929
1.50003
1.5071
1.51289
1.51691
1.08227
1.13058
1.17594
1.21692
1.2507
1.27867
1.29941
1.31533
1.32607
1.33311
1.33672
1.33597
1.32978
1.31446
1.29202
1.26412
1.22775
1.17502
1.10946
1.06417
1.05395
1.06498
1.0895
1.12709
1.17441
1.21688
1.25253
1.27847
1.29642
1.30765
1.31586
1.31832
1.31559
1.30682
1.29263
1.27559
1.25957
1.24621
1.23603
1.2288
1.22382
1.22045
1.21828
1.21676
1.21611
1.2158
1.21617
1.21705
1.21846
1.22045
1.22291
1.22546
1.22809
1.23102
1.23475
1.23919
1.24411
1.24921
1.25459
1.26007
1.26577
1.27159
1.27756
1.28369
1.28991
1.29633
1.30281
1.30952
1.31629
1.3233
1.33037
1.33766
1.34502
1.35252
1.36011
1.36778
1.37547
1.38319
1.39091
1.39867
1.40644
1.41426
1.42208
1.42995
1.43781
1.44569
1.45358
1.46146
1.46934
1.47719
1.48504
1.49282
1.50057
1.50825
1.51583
1.52328
1.53048
1.53728
1.54325
1.547
1.09235
1.13556
1.17809
1.21818
1.25314
1.28325
1.30779
1.32741
1.34235
1.35309
1.35925
1.36063
1.35277
1.33618
1.31327
1.2826
1.23421
1.1647
1.09975
1.07312
1.07498
1.0894
1.11846
1.16013
1.20504
1.2453
1.27919
1.30738
1.32866
1.34438
1.3545
1.3617
1.36437
1.36327
1.35724
1.34494
1.32802
1.31031
1.29439
1.2814
1.27172
1.26479
1.26023
1.25717
1.25535
1.25408
1.25359
1.25348
1.25406
1.25513
1.25683
1.2589
1.2611
1.26338
1.26624
1.26982
1.27413
1.27874
1.28359
1.28864
1.29384
1.29925
1.30479
1.31059
1.3165
1.32268
1.32895
1.33547
1.34206
1.3489
1.3558
1.36294
1.37012
1.37752
1.38489
1.3924
1.39985
1.40745
1.41499
1.42268
1.43031
1.43811
1.44582
1.45369
1.46146
1.46938
1.47718
1.48512
1.49292
1.50087
1.50863
1.51659
1.52426
1.53218
1.5397
1.54747
1.55465
1.56186
1.56788
1.57213
1.10669
1.14449
1.18267
1.2205
1.25487
1.28587
1.31189
1.33434
1.3514
1.36498
1.37193
1.37119
1.35992
1.34272
1.31615
1.27434
1.20567
1.12912
1.08563
1.07723
1.08531
1.10597
1.14065
1.18317
1.2239
1.26026
1.29268
1.3206
1.34465
1.36397
1.37924
1.38959
1.39622
1.4001
1.40068
1.39719
1.38788
1.37304
1.35524
1.33781
1.32266
1.31078
1.30216
1.29641
1.29262
1.29041
1.289
1.28841
1.28825
1.28878
1.28982
1.29144
1.29337
1.29533
1.29749
1.3003
1.30388
1.3081
1.31259
1.31739
1.32234
1.32759
1.33293
1.33855
1.34422
1.35018
1.35619
1.3625
1.36885
1.37552
1.38222
1.38923
1.39623
1.40345
1.41059
1.41792
1.42519
1.43262
1.43999
1.44751
1.45499
1.46259
1.47015
1.47783
1.48545
1.49318
1.50083
1.50856
1.51619
1.52391
1.5315
1.53918
1.54669
1.5543
1.56166
1.56911
1.57618
1.58307
1.58908
1.59305
1.12074
1.1562
1.19106
1.22571
1.2579
1.28828
1.31437
1.33738
1.3553
1.36842
1.37363
1.36769
1.35368
1.33248
1.29525
1.23155
1.15126
1.09417
1.07639
1.08011
1.09319
1.11966
1.15779
1.19681
1.23296
1.26601
1.29633
1.32372
1.34879
1.37055
1.38965
1.40465
1.41627
1.42351
1.42829
1.43042
1.42944
1.42376
1.41247
1.39631
1.37902
1.36252
1.34872
1.33813
1.33072
1.32584
1.32289
1.32118
1.32048
1.32028
1.32082
1.32182
1.32336
1.32503
1.32689
1.32894
1.33181
1.33537
1.3395
1.34386
1.34853
1.35336
1.35842
1.36365
1.36908
1.3747
1.38052
1.38656
1.3928
1.39927
1.40595
1.4128
1.41975
1.42679
1.4339
1.44107
1.44831
1.45559
1.46295
1.47034
1.47783
1.48533
1.49292
1.50051
1.50817
1.51581
1.52349
1.53116
1.53881
1.54648
1.55407
1.5617
1.56919
1.57678
1.58411
1.59156
1.59859
1.60553
1.61153
1.61561
1.13609
1.16759
1.19973
1.23221
1.26297
1.29179
1.3173
1.33902
1.3562
1.36566
1.36381
1.35269
1.33445
1.30185
1.24373
1.16326
1.09831
1.07185
1.07111
1.07988
1.10098
1.13295
1.16901
1.20308
1.23488
1.26492
1.29302
1.32005
1.34509
1.36863
1.38984
1.40883
1.42509
1.43831
1.44744
1.45345
1.45694
1.45838
1.45615
1.44872
1.4362
1.41982
1.40292
1.38738
1.3745
1.36496
1.35835
1.35445
1.35214
1.3513
1.3511
1.35168
1.35275
1.35416
1.35571
1.35732
1.35933
1.36206
1.36556
1.3695
1.37375
1.37827
1.38302
1.388
1.39317
1.39858
1.40418
1.41004
1.41609
1.42244
1.42891
1.43557
1.44229
1.44917
1.45608
1.46312
1.47017
1.47732
1.48449
1.49175
1.49904
1.50642
1.51381
1.52131
1.52879
1.53637
1.5439
1.55154
1.55905
1.5667
1.57417
1.58179
1.58915
1.5967
1.60389
1.6113
1.61819
1.6251
1.63098
1.63513
1.15587
1.18215
1.2101
1.2393
1.2678
1.29485
1.31898
1.33863
1.35199
1.35343
1.34462
1.3284
1.29929
1.24516
1.16666
1.09721
1.0649
1.06045
1.06701
1.08399
1.11152
1.14382
1.17468
1.20404
1.23214
1.25984
1.28662
1.31318
1.33831
1.36301
1.38561
1.40733
1.42634
1.44374
1.45798
1.46937
1.4769
1.48164
1.48481
1.48573
1.48222
1.47312
1.45893
1.44231
1.42557
1.41082
1.39917
1.39074
1.38554
1.38239
1.38121
1.3808
1.38142
1.38253
1.38389
1.38531
1.38677
1.38876
1.39142
1.39489
1.3987
1.40293
1.40738
1.41218
1.41713
1.4224
1.4278
1.43354
1.43941
1.44562
1.45184
1.45835
1.46483
1.47157
1.47825
1.48516
1.492
1.49905
1.50604
1.51321
1.52034
1.52763
1.53486
1.54225
1.54955
1.557
1.56432
1.57181
1.57912
1.58662
1.59388
1.60138
1.60853
1.616
1.62297
1.6303
1.63694
1.64375
1.64941
1.65352
1.1733
1.19845
1.22358
1.24906
1.27411
1.29821
1.31903
1.33458
1.33933
1.33243
1.31766
1.29068
1.23931
1.16298
1.09228
1.05682
1.05004
1.05526
1.06946
1.09359
1.12249
1.15043
1.17683
1.20275
1.22825
1.25419
1.27987
1.30575
1.33105
1.35594
1.37972
1.40262
1.42377
1.44365
1.46106
1.47672
1.4892
1.49908
1.50546
1.51042
1.51307
1.51316
1.5082
1.49735
1.48244
1.46564
1.44957
1.43573
1.42525
1.41815
1.41382
1.4119
1.41117
1.41173
1.41279
1.41415
1.41535
1.41689
1.41883
1.42169
1.425
1.42888
1.43296
1.43752
1.4422
1.44731
1.45249
1.4581
1.46377
1.46981
1.4758
1.48216
1.48843
1.49504
1.50151
1.5083
1.51493
1.52186
1.52864
1.53569
1.5426
1.54975
1.55676
1.56399
1.57106
1.57833
1.58543
1.59271
1.59978
1.60704
1.61403
1.62125
1.62811
1.63528
1.64194
1.64898
1.6553
1.66181
1.66714
1.67109
1.18831
1.213
1.23632
1.26014
1.28238
1.30228
1.31759
1.32321
1.31759
1.30318
1.27736
1.22817
1.15406
1.08379
1.04767
1.03994
1.04448
1.05727
1.07918
1.10551
1.13049
1.15426
1.17723
1.20055
1.22418
1.2486
1.27347
1.29865
1.32386
1.34853
1.37289
1.39617
1.41878
1.43995
1.46004
1.47835
1.49505
1.50948
1.52092
1.52975
1.53578
1.54086
1.54261
1.54167
1.53466
1.52247
1.50644
1.48979
1.47414
1.46146
1.45204
1.44615
1.44286
1.44166
1.44185
1.4428
1.44397
1.4453
1.44678
1.44899
1.45174
1.45515
1.45885
1.46309
1.46753
1.47245
1.47747
1.48297
1.48847
1.49436
1.50019
1.50641
1.51253
1.51901
1.52535
1.53202
1.53854
1.54533
1.55198
1.55887
1.56562
1.57258
1.57942
1.58644
1.59334
1.6004
1.60733
1.61438
1.62127
1.62828
1.63508
1.64203
1.64864
1.65549
1.66183
1.66846
1.67438
1.68039
1.68523
1.68874
1.20409
1.22652
1.24814
1.26894
1.28845
1.3034
1.30933
1.30377
1.28876
1.26253
1.21345
1.14081
1.07225
1.03686
1.02909
1.0335
1.04618
1.06743
1.09172
1.11433
1.13533
1.15586
1.17668
1.19828
1.22086
1.24435
1.26856
1.29302
1.31776
1.34217
1.36661
1.3902
1.41366
1.43579
1.45762
1.47768
1.49714
1.51423
1.53015
1.543
1.55359
1.5612
1.56752
1.5713
1.57239
1.56991
1.56102
1.54703
1.53077
1.51404
1.49938
1.48774
1.47979
1.4749
1.47277
1.47221
1.47303
1.47424
1.47541
1.47705
1.47916
1.48204
1.4853
1.48914
1.49327
1.49792
1.50282
1.5081
1.51344
1.51913
1.52481
1.53084
1.53679
1.54308
1.54925
1.55574
1.56209
1.56872
1.57525
1.58198
1.58864
1.59543
1.60219
1.60903
1.61585
1.6227
1.62952
1.63635
1.64309
1.64986
1.65644
1.66312
1.66947
1.67598
1.68199
1.68816
1.69359
1.69896
1.70313
1.70609
1.22116
1.24202
1.26046
1.27764
1.29062
1.29688
1.29066
1.27548
1.24793
1.19804
1.1257
1.05964
1.02629
1.01927
1.02387
1.03747
1.05872
1.08178
1.10252
1.12146
1.13968
1.15822
1.1777
1.19818
1.21995
1.24249
1.26595
1.28968
1.31395
1.33801
1.36235
1.38604
1.40973
1.43246
1.45499
1.47623
1.49704
1.51611
1.53436
1.55046
1.56515
1.57675
1.58637
1.59353
1.59948
1.60204
1.60253
1.59843
1.58798
1.57303
1.55642
1.5402
1.52629
1.51577
1.50887
1.50519
1.50385
1.50431
1.50535
1.50654
1.50804
1.51026
1.5131
1.51646
1.52024
1.52443
1.52899
1.53384
1.5389
1.54422
1.54968
1.55539
1.56116
1.56716
1.57319
1.57943
1.58566
1.5921
1.59849
1.60507
1.61158
1.61823
1.62481
1.6315
1.63812
1.64481
1.65143
1.65809
1.66464
1.6712
1.67759
1.68397
1.69007
1.69618
1.7018
1.70741
1.71222
1.71679
1.71998
1.72231
1.23948
1.25656
1.27478
1.28642
1.28857
1.27983
1.26287
1.23288
1.1807
1.10754
1.04474
1.01451
1.00923
1.01442
1.02977
1.05258
1.07495
1.09453
1.11177
1.12805
1.14453
1.16177
1.18034
1.20003
1.22104
1.24281
1.26554
1.28855
1.31212
1.33562
1.35936
1.38282
1.40622
1.4292
1.45184
1.47394
1.49543
1.51615
1.53596
1.55453
1.57181
1.58729
1.60071
1.61166
1.62068
1.62788
1.6332
1.63497
1.63442
1.62832
1.61643
1.60064
1.58371
1.56781
1.55481
1.54546
1.53979
1.53725
1.53686
1.53775
1.53867
1.54008
1.54216
1.54506
1.54832
1.55207
1.55606
1.56048
1.56511
1.57015
1.57526
1.58072
1.58618
1.59196
1.5977
1.60373
1.60973
1.61594
1.62215
1.62847
1.63482
1.64118
1.64762
1.654
1.66047
1.66683
1.67327
1.67959
1.6859
1.69216
1.69823
1.70432
1.70998
1.71573
1.72071
1.72571
1.72951
1.73303
1.73498
1.7368
1.25443
1.26708
1.28123
1.28574
1.27521
1.25571
1.22108
1.16373
1.08795
1.02795
1.0018
0.998858
1.00492
1.02261
1.04731
1.06957
1.08825
1.10424
1.11912
1.13388
1.14951
1.16609
1.18413
1.20322
1.22348
1.24454
1.26636
1.28872
1.31152
1.33461
1.35786
1.3812
1.40441
1.42763
1.45038
1.4731
1.49504
1.51682
1.5374
1.55783
1.57653
1.59488
1.61097
1.62601
1.6382
1.64875
1.65731
1.6642
1.66832
1.66937
1.66715
1.65891
1.64517
1.62866
1.61146
1.59617
1.58412
1.57605
1.57152
1.56991
1.57013
1.57084
1.5721
1.57407
1.57704
1.58026
1.58396
1.58784
1.59216
1.59672
1.60157
1.60665
1.61186
1.61733
1.62283
1.6286
1.63435
1.64036
1.64632
1.65246
1.65856
1.66474
1.67093
1.67709
1.68328
1.68938
1.69551
1.70149
1.70745
1.71327
1.71891
1.72447
1.72955
1.73457
1.73866
1.74253
1.74496
1.74716
1.74794
1.74906
1.27595
1.27844
1.28138
1.27363
1.25131
1.21277
1.14919
1.06968
1.01081
0.987461
0.987054
0.995311
1.01588
1.04223
1.06533
1.08387
1.09916
1.11283
1.12636
1.14037
1.1555
1.17173
1.18925
1.20785
1.22747
1.24796
1.26913
1.29093
1.31316
1.33581
1.35864
1.38173
1.40471
1.42789
1.4506
1.4735
1.49566
1.51789
1.53924
1.56048
1.58052
1.60032
1.61839
1.63601
1.65123
1.66546
1.67648
1.6868
1.69481
1.70074
1.70294
1.70315
1.69908
1.68866
1.67321
1.656
1.63888
1.62434
1.61331
1.60654
1.60315
1.60249
1.60301
1.60399
1.60566
1.60846
1.61169
1.6154
1.61931
1.62362
1.62811
1.63296
1.63794
1.64321
1.64853
1.65409
1.65965
1.66542
1.67116
1.67706
1.68291
1.68888
1.69477
1.70074
1.70659
1.71248
1.71816
1.72391
1.72926
1.73476
1.73964
1.74462
1.74875
1.75275
1.75547
1.7577
1.75868
1.75908
1.75792
1.75809
1.29259
1.28375
1.27279
1.24874
1.20404
1.13376
1.05194
0.99596
0.976498
0.977778
0.98978
1.01254
1.03943
1.06279
1.08153
1.09649
1.10971
1.12242
1.13557
1.14948
1.16437
1.18037
1.19726
1.2154
1.23416
1.25407
1.2744
1.29565
1.3172
1.33943
1.36174
1.38456
1.40719
1.43016
1.45282
1.47559
1.4981
1.52041
1.54251
1.56406
1.58532
1.60566
1.62545
1.64405
1.66158
1.67765
1.69209
1.70453
1.71502
1.72428
1.73129
1.73553
1.73638
1.73487
1.72809
1.7157
1.6989
1.68084
1.6639
1.65012
1.64059
1.63506
1.63321
1.63333
1.63396
1.63548
1.63804
1.64149
1.64528
1.64938
1.6536
1.65823
1.66292
1.66805
1.67313
1.67863
1.684
1.68975
1.69534
1.70122
1.70695
1.71286
1.71861
1.72448
1.73015
1.7359
1.74135
1.74681
1.75187
1.75676
1.76113
1.76507
1.76814
1.77039
1.77137
1.77165
1.77055
1.76825
1.76408
1.76309
1.31351
1.28401
1.25064
1.19212
1.10869
1.02922
0.980184
0.964256
0.967862
0.984775
1.01157
1.03883
1.06225
1.08097
1.0957
1.10852
1.12051
1.13301
1.14604
1.16017
1.17498
1.19084
1.20739
1.225
1.24341
1.2626
1.28266
1.30312
1.32445
1.34588
1.36803
1.3901
1.41267
1.4351
1.45777
1.48029
1.50279
1.52501
1.54702
1.56853
1.58969
1.61014
1.63012
1.64913
1.66757
1.68469
1.70108
1.71552
1.72892
1.73955
1.74969
1.75735
1.76338
1.76512
1.76499
1.76146
1.75226
1.73765
1.72017
1.7017
1.68578
1.67312
1.66539
1.6613
1.66066
1.66107
1.66222
1.66469
1.66812
1.67202
1.67607
1.68058
1.68507
1.69006
1.695
1.70035
1.70568
1.71123
1.71682
1.7225
1.72819
1.73391
1.73961
1.74528
1.75089
1.75639
1.76181
1.76683
1.77186
1.77602
1.78001
1.78277
1.78462
1.78521
1.78485
1.78286
1.77948
1.77415
1.7646
1.75958
1.34032
1.27074
1.1908
1.0841
0.99682
0.956215
0.948502
0.956101
0.979597
1.01098
1.03873
1.06199
1.08051
1.09521
1.10785
1.11979
1.1318
1.14443
1.15788
1.17217
1.18729
1.20313
1.21972
1.2369
1.25485
1.27339
1.29268
1.31246
1.33292
1.35379
1.37518
1.39682
1.41873
1.44076
1.46286
1.48492
1.50687
1.52865
1.55018
1.57135
1.59217
1.61256
1.63248
1.65182
1.67063
1.68865
1.70591
1.72212
1.73713
1.75054
1.7623
1.77218
1.78134
1.78827
1.7919
1.79227
1.79074
1.78531
1.77379
1.75722
1.73874
1.7206
1.70548
1.69471
1.68836
1.68636
1.68649
1.68727
1.68928
1.69252
1.69652
1.70086
1.7053
1.70994
1.71474
1.71975
1.72489
1.73028
1.73568
1.74128
1.74683
1.75247
1.75801
1.76351
1.76895
1.77405
1.77921
1.78369
1.78803
1.79146
1.79409
1.79535
1.79553
1.79458
1.79199
1.78787
1.78011
1.76872
1.75044
1.74064
1.38808
1.22726
1.06176
0.951687
0.915741
0.918446
0.936035
0.967941
1.00481
1.03553
1.05995
1.07878
1.09366
1.10666
1.11891
1.13117
1.14373
1.15688
1.17063
1.18506
1.20004
1.21566
1.23179
1.24853
1.26599
1.28407
1.30291
1.32227
1.34226
1.36256
1.38326
1.40419
1.42528
1.44654
1.46774
1.48907
1.51026
1.53144
1.55238
1.57318
1.59363
1.61381
1.63349
1.65286
1.67165
1.68995
1.70754
1.72445
1.74033
1.75536
1.76885
1.78106
1.7913
1.80074
1.80827
1.81345
1.81482
1.81395
1.81053
1.80251
1.78888
1.77109
1.75205
1.73486
1.72113
1.71247
1.7082
1.70764
1.70833
1.70998
1.71315
1.71726
1.72182
1.72647
1.73137
1.7364
1.74153
1.74695
1.75225
1.75798
1.76328
1.76906
1.77422
1.77976
1.78464
1.78962
1.79386
1.79786
1.80078
1.80288
1.80344
1.80316
1.80145
1.79843
1.79274
1.78282
1.76725
1.74846
1.72437
1.71213
1.49339
1.1249
0.892759
0.848242
0.864116
0.896744
0.942547
0.985063
1.02038
1.04778
1.06804
1.08367
1.09753
1.11093
1.12422
1.1378
1.15167
1.16587
1.18036
1.19524
1.21056
1.22633
1.24265
1.25933
1.27654
1.29411
1.31228
1.33082
1.34989
1.36936
1.38914
1.40933
1.42958
1.45019
1.47063
1.49134
1.51172
1.5322
1.55237
1.57243
1.59224
1.6118
1.63105
1.65003
1.66848
1.6866
1.70403
1.72095
1.7371
1.75251
1.76698
1.78044
1.79247
1.80332
1.81285
1.8213
1.82774
1.83059
1.83026
1.82789
1.82236
1.81211
1.79625
1.7774
1.75866
1.74254
1.73124
1.72479
1.72317
1.72376
1.7255
1.72804
1.73246
1.73722
1.74265
1.74775
1.75324
1.75865
1.7642
1.76989
1.77547
1.78116
1.78661
1.79191
1.79685
1.80138
1.80507
1.80805
1.80933
1.80948
1.80869
1.80662
1.80202
1.7941
1.78129
1.76339
1.74083
1.71775
1.69314
1.68228
1.55655
0.935693
0.68771
0.736249
0.797895
0.869439
0.929237
0.97523
1.00998
1.0363
1.05609
1.07315
1.08937
1.10553
1.12167
1.13772
1.15352
1.16916
1.18472
1.20033
1.21617
1.23223
1.24874
1.26547
1.28265
1.30001
1.31792
1.33606
1.35468
1.37353
1.39268
1.41202
1.43146
1.45105
1.47057
1.49019
1.50964
1.52907
1.54838
1.56746
1.58656
1.6052
1.62389
1.64197
1.65996
1.67734
1.69439
1.71098
1.72698
1.74265
1.75734
1.77175
1.78464
1.79709
1.80742
1.81749
1.82584
1.83305
1.83714
1.83829
1.83643
1.83285
1.82549
1.81309
1.79481
1.77573
1.75767
1.74411
1.73561
1.73222
1.73218
1.73386
1.73667
1.7406
1.74606
1.75157
1.75739
1.76314
1.76891
1.77473
1.7804
1.78614
1.79155
1.79672
1.80139
1.80517
1.80814
1.80927
1.80943
1.80873
1.80603
1.80002
1.78951
1.77417
1.75358
1.73049
1.70574
1.68429
1.66521
1.65828
1.6066
0.77847
0.476827
0.585021
0.698789
0.79735
0.867122
0.917606
0.956089
0.986255
1.01201
1.03544
1.05738
1.07834
1.09846
1.11794
1.13664
1.15472
1.17245
1.18992
1.20738
1.22468
1.24225
1.25975
1.27764
1.29536
1.31339
1.3314
1.34973
1.36805
1.38661
1.40511
1.42377
1.44236
1.46099
1.47959
1.49807
1.51658
1.53486
1.55313
1.57114
1.589
1.60658
1.62395
1.64095
1.65784
1.67427
1.69063
1.70645
1.72203
1.73704
1.75149
1.76537
1.77825
1.79053
1.80122
1.81165
1.82047
1.82897
1.83405
1.83707
1.8363
1.83383
1.82883
1.8198
1.8042
1.78534
1.76558
1.7502
1.73932
1.7344
1.73326
1.73522
1.73786
1.74192
1.74719
1.75357
1.75996
1.76634
1.77262
1.77863
1.78457
1.78991
1.79485
1.79879
1.80157
1.80281
1.80317
1.80207
1.7981
1.78991
1.7777
1.75903
1.73761
1.71308
1.6903
1.66972
1.65525
1.64431
1.64171
1.6139
0.704846
0.317144
0.45731
0.596002
0.691629
0.761536
0.816007
0.860742
0.899819
0.934859
0.966899
0.996319
1.02393
1.04975
1.07397
1.09669
1.1182
1.13877
1.15851
1.17779
1.19667
1.21547
1.23423
1.25301
1.27199
1.29063
1.30933
1.32767
1.34621
1.36437
1.38276
1.40076
1.41903
1.43686
1.45505
1.47265
1.49073
1.50803
1.5258
1.54278
1.5601
1.57678
1.59366
1.61009
1.62669
1.64283
1.65911
1.67481
1.69056
1.70564
1.72058
1.73493
1.74876
1.76227
1.77466
1.78671
1.79738
1.80805
1.81675
1.82422
1.82806
1.82979
1.8278
1.82437
1.81779
1.80516
1.78773
1.76731
1.75057
1.73723
1.7309
1.72802
1.72945
1.73235
1.7362
1.74129
1.74756
1.75409
1.76066
1.76671
1.77264
1.77746
1.78167
1.78433
1.78638
1.78693
1.78524
1.77985
1.77079
1.75518
1.73562
1.71252
1.68914
1.66779
1.65067
1.63856
1.6316
1.62758
1.62795
1.6075
0.654228
0.240922
0.384694
0.507652
0.587688
0.649672
0.703548
0.752505
0.797429
0.838453
0.876244
0.911239
0.943871
0.97446
1.00318
1.03035
1.0559
1.08003
1.10303
1.12506
1.14659
1.16735
1.18805
1.20801
1.22828
1.24776
1.26749
1.28622
1.30534
1.32358
1.3422
1.36012
1.37836
1.39608
1.41403
1.43155
1.44916
1.46635
1.48353
1.50047
1.51722
1.53411
1.55054
1.56752
1.58386
1.60068
1.61683
1.63317
1.64893
1.66473
1.67999
1.69517
1.71001
1.72442
1.73874
1.7522
1.76536
1.77729
1.78932
1.79921
1.80848
1.81405
1.81775
1.81689
1.81484
1.81011
1.80094
1.78448
1.76556
1.74623
1.7321
1.72328
1.71944
1.72015
1.72291
1.7268
1.73176
1.73716
1.74386
1.7493
1.75438
1.75781
1.76073
1.76218
1.76212
1.75921
1.7523
1.74043
1.72318
1.70221
1.67909
1.65728
1.63857
1.6248
1.61571
1.61074
1.609
1.6082
1.61011
1.65419
0.708359
0.270862
0.383963
0.478177
0.532046
0.575521
0.618958
0.662279
0.704358
0.744788
0.783339
0.82023
0.855221
0.888597
0.92024
0.95035
0.978936
1.00612
1.0321
1.05691
1.08084
1.10382
1.12617
1.14779
1.16892
1.1896
1.20982
1.22954
1.2487
1.26772
1.28624
1.30493
1.32309
1.34157
1.35943
1.37761
1.39514
1.41289
1.43017
1.44757
1.46473
1.48176
1.49886
1.51574
1.53288
1.5491
1.56588
1.58169
1.59845
1.61436
1.63115
1.64739
1.66412
1.68046
1.69687
1.71256
1.728
1.74253
1.7564
1.76955
1.7811
1.79119
1.79843
1.80295
1.80347
1.80193
1.79815
1.79061
1.77571
1.75707
1.73634
1.72134
1.70949
1.70541
1.7034
1.70602
1.70948
1.71409
1.71864
1.72326
1.72677
1.72926
1.72994
1.72865
1.72388
1.7141
1.6987
1.67931
1.65651
1.6342
1.61378
1.59809
1.58709
1.58084
1.57799
1.5777
1.57855
1.57921
1.58244
1.65537
0.686322
0.25573
0.36762
0.454802
0.497682
0.529874
0.562773
0.597369
0.632571
0.668225
0.703774
0.739009
0.773553
0.807119
0.839696
0.87102
0.901229
0.930149
0.957959
0.984535
1.01011
1.03453
1.05808
1.08067
1.10251
1.12365
1.14437
1.1647
1.18458
1.20434
1.22376
1.24317
1.26218
1.28112
1.29962
1.31789
1.33592
1.35369
1.37127
1.38857
1.40597
1.4233
1.44082
1.4582
1.47599
1.49409
1.51251
1.53125
1.5499
1.56894
1.58747
1.60643
1.62442
1.64275
1.66
1.67739
1.69368
1.70977
1.72446
1.73877
1.75153
1.76335
1.77305
1.78078
1.78536
1.78633
1.78499
1.78189
1.77491
1.76201
1.74267
1.72199
1.70411
1.69051
1.68353
1.67993
1.68055
1.68237
1.68475
1.68666
1.68738
1.68689
1.68418
1.67684
1.66476
1.64684
1.62511
1.60162
1.57966
1.56108
1.54764
1.53915
1.53473
1.53374
1.5344
1.53619
1.53905
1.54071
1.54595
1.67735
0.700361
0.262986
0.364314
0.445989
0.484138
0.509825
0.535138
0.562049
0.590427
0.619861
0.650349
0.681128
0.712296
0.743168
0.773816
0.803867
0.83324
0.861812
0.889486
0.916229
0.942046
0.966937
0.990991
1.01429
1.03692
1.05904
1.08065
1.10197
1.12291
1.1434
1.16354
1.18322
1.20254
1.22146
1.24014
1.25859
1.27698
1.29537
1.31399
1.3328
1.35189
1.37123
1.39077
1.41056
1.43037
1.45056
1.47055
1.49103
1.51087
1.53125
1.55073
1.5705
1.58957
1.60831
1.62674
1.64412
1.66144
1.67732
1.69312
1.7073
1.72145
1.73394
1.74594
1.75582
1.76423
1.76965
1.7714
1.77039
1.76791
1.76243
1.75
1.73118
1.70938
1.68919
1.67318
1.66272
1.65647
1.65336
1.65119
1.64895
1.64505
1.63958
1.62977
1.61505
1.59483
1.57228
1.54827
1.52766
1.51052
1.4994
1.49236
1.48954
1.48909
1.49001
1.49252
1.49461
1.49787
1.49976
1.50534
1.71815
0.770589
0.30912
0.390821
0.465533
0.502655
0.523899
0.541771
0.560786
0.581547
0.603997
0.628241
0.653433
0.679522
0.706093
0.73294
0.759945
0.786657
0.813264
0.839267
0.86502
0.890132
0.914903
0.939123
0.962951
0.986305
1.00924
1.03167
1.05366
1.0751
1.09601
1.11636
1.13628
1.15582
1.17515
1.19435
1.21358
1.23288
1.25235
1.27205
1.29203
1.31221
1.33267
1.3532
1.37396
1.39461
1.41533
1.43582
1.45613
1.47625
1.49583
1.5154
1.53413
1.55297
1.57093
1.58887
1.60631
1.62333
1.64018
1.65635
1.6724
1.68771
1.70254
1.71642
1.72937
1.74046
1.74992
1.75619
1.7585
1.75771
1.75578
1.7506
1.7383
1.71967
1.69652
1.67439
1.65533
1.64082
1.63035
1.62175
1.61315
1.60342
1.58996
1.57201
1.55018
1.52644
1.50341
1.48384
1.46875
1.45912
1.4534
1.45115
1.45059
1.45145
1.45303
1.45543
1.45733
1.46003
1.46153
1.46597
1.73912
0.790762
0.318296
0.393021
0.466031
0.508562
0.530033
0.544821
0.559981
0.576995
0.595669
0.616308
0.638796
0.66183
0.68559
0.709634
0.734132
0.758674
0.783454
0.808117
0.832878
0.857447
0.881998
0.906296
0.93038
0.954099
0.97738
1.00017
1.02234
1.04401
1.06501
1.08562
1.10569
1.1256
1.14527
1.16496
1.1847
1.2045
1.22453
1.2446
1.26495
1.2853
1.30581
1.3263
1.34678
1.36724
1.38746
1.4077
1.42754
1.44745
1.46688
1.48647
1.50549
1.52481
1.54347
1.56249
1.58086
1.59941
1.61742
1.63526
1.65258
1.66943
1.68561
1.701
1.71547
1.72852
1.7402
1.74958
1.75624
1.75851
1.75777
1.75606
1.75073
1.73799
1.71845
1.69277
1.66673
1.64279
1.62164
1.60326
1.58469
1.56533
1.54217
1.51737
1.49173
1.46866
1.44957
1.43578
1.42674
1.42151
1.41889
1.41785
1.41764
1.41832
1.41898
1.42028
1.42142
1.42271
1.42336
1.42616
1.75037
0.806411
0.328468
0.393564
0.462777
0.508304
0.531015
0.545247
0.558983
0.574477
0.591615
0.610783
0.632012
0.653948
0.676181
0.698931
0.721758
0.745114
0.768546
0.792501
0.816476
0.840779
0.864953
0.889202
0.913185
0.937005
0.960402
0.98344
1.00586
1.02787
1.04913
1.07005
1.09028
1.11043
1.13017
1.15005
1.16988
1.18995
1.21018
1.23052
1.25108
1.27157
1.29229
1.31274
1.33332
1.35355
1.37381
1.39383
1.41377
1.43357
1.45326
1.47284
1.49231
1.51174
1.53088
1.55026
1.56894
1.58814
1.60631
1.62499
1.64254
1.66027
1.6769
1.69323
1.70842
1.72281
1.73569
1.74715
1.7563
1.76231
1.76406
1.76324
1.76048
1.75403
1.73951
1.7174
1.68758
1.65622
1.62331
1.59206
1.56028
1.52885
1.4967
1.4671
1.44109
1.421
1.40631
1.39671
1.39068
1.3872
1.38501
1.38376
1.38306
1.38263
1.38258
1.3827
1.3831
1.38357
1.38367
1.38589
1.73772
0.754833
0.301785
0.369989
0.440874
0.487444
0.514213
0.532365
0.549759
0.568934
0.589635
0.611611
0.634986
0.658747
0.682269
0.705835
0.729038
0.752476
0.775719
0.799454
0.823051
0.84702
0.870727
0.894544
0.918073
0.941511
0.964599
0.987337
1.00947
1.03101
1.05174
1.07202
1.09154
1.11103
1.13006
1.14945
1.16865
1.18835
1.20802
1.22801
1.24805
1.26803
1.28817
1.30793
1.32803
1.34755
1.36752
1.3869
1.40671
1.426
1.44572
1.46489
1.48465
1.50359
1.52343
1.54202
1.56183
1.58009
1.59957
1.61747
1.6362
1.65355
1.67115
1.68753
1.70359
1.71845
1.73226
1.74493
1.75516
1.764
1.76774
1.76807
1.76692
1.76279
1.75327
1.73494
1.70658
1.67081
1.62888
1.58481
1.53973
1.49788
1.46029
1.43002
1.40673
1.39046
1.37946
1.37226
1.36764
1.36436
1.36204
1.36032
1.35895
1.35797
1.35729
1.35693
1.35678
1.35676
1.35653
1.3585
1.76028
0.819106
0.33866
0.393154
0.458278
0.506956
0.531272
0.545307
0.5582
0.573206
0.590183
0.60945
0.631013
0.653237
0.675579
0.698262
0.7209
0.743995
0.767149
0.790906
0.814662
0.838779
0.862679
0.88664
0.910312
0.933832
0.957016
0.979792
1.00209
1.02379
1.04486
1.06541
1.08538
1.10523
1.12469
1.14446
1.16403
1.18409
1.20403
1.22436
1.24462
1.26497
1.28536
1.3055
1.3259
1.34576
1.36609
1.38575
1.40598
1.42552
1.44564
1.46506
1.48511
1.5043
1.5243
1.54313
1.56307
1.58143
1.60114
1.61896
1.63811
1.65524
1.67336
1.68956
1.70606
1.7209
1.73515
1.74784
1.75889
1.76805
1.77326
1.77453
1.7733
1.76985
1.76197
1.74662
1.72023
1.68321
1.63522
1.58215
1.52785
1.47974
1.44008
1.41103
1.39041
1.37677
1.36768
1.3615
1.35721
1.35387
1.35126
1.34917
1.34743
1.34606
1.34497
1.34419
1.34362
1.34323
1.34273
1.34442
)
;

boundaryField
{
    inlet
    {
        type            calculated;
        value           uniform 3.00001;
    }
    outlet
    {
        type            calculated;
        value           nonuniform List<scalar> 
40
(
0.925841
1.02752
1.1213
1.21404
1.28666
1.34939
1.4022
1.44885
1.4886
1.51691
1.547
1.57213
1.59305
1.61561
1.63513
1.65352
1.67109
1.68874
1.70609
1.72231
1.7368
1.74906
1.75809
1.76309
1.75958
1.74064
1.71213
1.68228
1.65828
1.64171
1.62795
1.61011
1.58244
1.54595
1.50534
1.46597
1.42616
1.38589
1.3585
1.34442
)
;
    }
    bottom
    {
        type            symmetryPlane;
    }
    top
    {
        type            symmetryPlane;
    }
    obstacle
    {
        type            calculated;
        value           uniform 0;
    }
    defaultFaces
    {
        type            empty;
    }
}


// ************************************************************************* //
