/*--------------------------------*- C++ -*----------------------------------*\
| =========                 |                                                 |
| \\      /  F ield         | OpenFOAM: The Open Source CFD Toolbox           |
|  \\    /   O peration     | Version:  2412                                  |
|   \\  /    A nd           | Website:  www.openfoam.com                      |
|    \\/     M anipulation  |                                                 |
\*---------------------------------------------------------------------------*/
FoamFile
{
    version     2.0;
    format      ascii;
    arch        "LSB;label=32;scalar=64";
    class       volScalarField;
    location    "7";
    object      p;
}
// * * * * * * * * * * * * * * * * * * * * * * * * * * * * * * * * * * * * * //

dimensions      [1 -1 -2 0 0 0 0];

internalField   nonuniform List<scalar> 
5250
(
1.00001
1.00004
1.0001
1.0003
1.00062
1.00179
1.00351
1.01094
1.01919
1.07123
1.11689
1.4678
1.98608
4.25255
9.52765
11.1674
11.0295
10.9768
11.0645
11.2836
11.4896
11.617
11.7164
11.7929
11.8511
1.00001
1.00004
1.0001
1.0003
1.00061
1.00176
1.00345
1.01078
1.01888
1.07015
1.11498
1.46063
1.96777
4.20588
9.41997
11.1729
11.0309
10.9706
11.0581
11.277
11.4825
11.6102
11.7109
11.7887
11.8483
1.00001
1.00004
1.0001
1.00029
1.00059
1.00171
1.00334
1.01044
1.01827
1.06793
1.11112
1.44553
1.92976
4.10245
9.17601
11.1849
11.0289
10.947
11.0317
11.2466
11.4494
11.5755
11.6756
11.7527
11.8128
1.00001
1.00004
1.00009
1.00027
1.00057
1.00163
1.0032
1.00996
1.01745
1.0648
1.10586
1.42346
1.88137
3.93551
8.7909
11.2119
11.028
10.9062
10.9854
11.1922
11.3908
11.5129
11.6104
11.6858
11.7472
1.00001
1.00004
1.00009
1.00026
1.00053
1.00153
1.003
1.00934
1.01638
1.06066
1.09896
1.3942
1.8169
3.71346
8.25819
11.2607
11.0302
10.8505
10.9222
11.1174
11.3101
11.4263
11.5184
11.5903
11.6535
1.00001
1.00003
1.00008
1.00024
1.0005
1.00142
1.0028
1.00858
1.01529
1.05533
1.091
1.35798
1.73718
3.44128
7.56958
11.33
11.0368
10.7791
10.8405
11.0182
11.2022
11.3087
11.3915
11.457
11.5215
1
1.00003
1.00007
1.00022
1.00046
1.0013
1.00259
1.00771
1.01423
1.04897
1.08235
1.31639
1.64576
3.13131
6.74176
11.4024
11.0486
10.6977
10.7433
10.8931
11.0647
11.1554
11.22
11.2689
11.3286
1
1.00003
1.00007
1.0002
1.00041
1.00116
1.00235
1.00679
1.01304
1.04232
1.07318
1.27269
1.55028
2.80662
5.81362
11.3797
11.0355
10.6109
10.6311
10.7368
10.8899
10.956
10.9909
11.006
11.0414
1
1.00002
1.00006
1.00018
1.00036
1.00103
1.00208
1.00597
1.01168
1.03656
1.06493
1.23461
1.4631
2.54462
5.08375
11.1215
10.923
10.5183
10.4879
10.5485
10.6695
10.6974
10.6837
10.6266
10.5746
1
1.00002
1.00005
1.00015
1.00032
1.0009
1.00183
1.00526
1.01037
1.03203
1.05798
1.20675
1.3935
2.4076
4.50308
10.4392
10.6416
10.433
10.3088
10.3354
10.394
10.3762
10.2885
10.0763
9.74702
1
1.00001
1.00005
1.0001
1.0003
1.00059
1.00181
1.00318
1.01138
1.01848
1.0718
1.11862
1.47314
2.00931
4.24365
9.40819
10.4223
10.2987
10.1146
10.0993
10.0834
10.0027
9.7656
9.20372
7.77604
1
1.00002
1.00004
1.00012
1.00024
1.00068
1.00138
1.00399
1.00768
1.02464
1.04288
1.1591
1.28132
2.08645
3.54136
8.31937
10.2957
10.1834
9.94135
9.85419
9.77931
9.60919
9.23598
8.48108
7.02913
1
1.00001
1.00003
1.0001
1.00021
1.00059
1.0012
1.00343
1.00676
1.02072
1.03719
1.13409
1.23594
1.89324
3.0669
7.08138
10.2109
10.0829
9.78299
9.61132
9.4827
9.23807
8.77775
8.01445
6.87341
1
1.00001
1.00003
1.00009
1.00018
1.00051
1.00104
1.00294
1.00593
1.01717
1.03367
1.10603
1.20141
1.69913
2.62795
5.77033
10.0652
9.96108
9.65438
9.38638
9.19692
8.91327
8.44205
7.74571
6.84506
1
1.00001
1.00002
1.00007
1.00015
1.00042
1.00086
1.00241
1.00488
1.01398
1.02771
1.08407
1.16597
1.53851
2.25403
4.65037
9.62669
9.73172
9.53213
9.18658
8.94275
8.64108
8.19567
7.57644
6.81944
1
1.00001
1.00002
1.00006
1.00012
1.00033
1.00068
1.00191
1.00384
1.01116
1.02116
1.06944
1.12254
1.44483
1.96832
3.99906
8.59503
9.45443
9.32283
9.01858
8.7291
8.4163
7.9995
7.44552
6.78891
1
1.00001
1.00002
1.00005
1.00009
1.00026
1.00054
1.00151
1.003
1.00886
1.0163
1.05575
1.09366
1.35769
1.72606
3.37491
7.0828
9.19574
9.12543
8.89519
8.56283
8.23375
7.83642
7.33669
6.75667
1
1.00001
1.00001
1.00004
1.00007
1.00021
1.00042
1.00118
1.00239
1.00686
1.01323
1.04233
1.07357
1.27051
1.54226
2.76068
5.50096
8.95688
8.97245
8.81105
8.45628
8.08619
7.70014
7.24592
6.72807
1
1
1.00001
1.00003
1.00006
1.00016
1.00032
1.0009
1.00183
1.00519
1.01031
1.03082
1.05732
1.19286
1.37663
2.2546
3.99709
8.40809
8.86131
8.71612
8.37418
7.96679
7.58582
7.16869
6.70262
1
1
1.00001
1.00002
1.00005
1.0001
1.00027
1.00055
1.00157
1.00305
1.00942
1.01643
1.05957
1.09814
1.37702
1.76756
3.44138
7.05626
8.61905
8.54159
8.29008
7.87353
7.49074
7.10007
6.67713
1
1
1.00001
1.00001
1.00004
1.00008
1.00021
1.00043
1.00121
1.00245
1.007
1.01367
1.04258
1.07627
1.26876
1.54625
2.72613
5.35065
8.30328
8.35322
8.20255
7.84612
7.42948
7.04963
6.65487
1
1
1
1.00001
1.00002
1.00006
1.00013
1.00037
1.00075
1.00212
1.00427
1.01229
1.02442
1.0729
1.1483
1.45363
2.04901
3.89027
7.61432
8.20811
8.10033
7.81314
7.38995
7.00874
6.63894
1
1
1
1.00001
1.00002
1.00004
1.00011
1.00022
1.00061
1.00122
1.00353
1.00659
1.02157
1.03671
1.13476
1.23412
1.88109
2.94689
6.27559
7.99729
7.9589
7.77705
7.39116
6.98769
6.6227
1
1
1
1.00001
1.00001
1.00003
1.00007
1.00018
1.00037
1.00102
1.00201
1.00604
1.01085
1.03741
1.06231
1.23047
1.44355
2.43178
4.45631
7.56224
7.83995
7.71906
7.4051
6.98865
6.61806
1
1
1
1
1.00001
1.00002
1.00006
1.00011
1.00031
1.00064
1.00179
1.0036
1.01026
1.0203
1.06101
1.11804
1.3743
1.84209
3.33901
6.57842
7.66169
7.60435
7.39656
7.0002
6.62101
1
1
1
1
1.00001
1.00001
1.00004
1.00008
1.00022
1.00044
1.00123
1.00249
1.00702
1.01388
1.04162
1.07724
1.25619
1.53031
2.59735
4.90925
7.30125
7.45431
7.34691
7.04872
6.63531
1
1
1
1
1
1.00001
1.00002
1.00006
1.00013
1.00035
1.00071
1.00199
1.004
1.01134
1.02277
1.06565
1.13669
1.39799
1.91446
3.43291
6.52172
7.29883
7.24197
7.04642
6.67009
1
1
1
1
1
1.00001
1.00002
1.00004
1.0001
1.0002
1.00055
1.0011
1.00309
1.00606
1.0182
1.03265
1.11249
1.19829
1.69736
2.52237
5.03835
6.98967
7.10551
7.01257
6.75464
1
1
1
1
1
1
1.00001
1.00003
1.00006
1.00015
1.00031
1.00085
1.00173
1.00481
1.00954
1.02804
1.05198
1.16886
1.33026
2.00755
3.31466
6.33512
6.98425
6.93911
6.77544
1
1
1
1
1
1
1.00001
1.00002
1.00004
1.0001
1.00021
1.00056
1.00114
1.00315
1.00628
1.01815
1.03389
1.11107
1.19923
1.68606
2.48917
4.91913
6.69328
6.82869
6.75091
1
1
1
1
1
1
1
1.00001
1.00003
1.00006
1.00015
1.00031
1.00084
1.00171
1.00472
1.00941
1.02717
1.05144
1.16153
1.32278
1.95937
3.1966
6.04851
6.70696
6.68276
1
1
1
1
1
1
1
1.00001
1.00002
1.00004
1.0001
1.0002
1.00055
1.00111
1.00304
1.00612
1.0173
1.03334
1.10402
1.19193
1.63977
2.39094
4.63261
6.39023
6.59523
1
1
1
1
1
1
1
1
1.00001
1.00003
1.00005
1.00014
1.00029
1.00079
1.0016
1.00441
1.00875
1.02537
1.04739
1.1515
1.29138
1.8963
2.99185
5.68879
6.45315
1
1
1
1
1
1
1
1
1.00001
1.00001
1.00004
1.00008
1.00021
1.00043
1.00117
1.00237
1.00656
1.01292
1.03815
1.07026
1.22883
1.45441
2.34621
4.12629
6.06417
1
1
1
1
1
1
1
1
1
1.00001
1.00002
1.00005
1.00013
1.00027
1.00073
1.00147
1.00402
1.00809
1.02267
1.04413
1.1335
1.25864
1.79383
2.76335
5.21215
1
1
1
1
1
1
1
1
1
1.00001
1.00001
1.00003
1.00008
1.00016
1.00044
1.0009
1.00245
1.00493
1.01367
1.02699
1.07909
1.15363
1.46849
2.01894
3.56586
1
1
1
1
1
1
1
1
1
1
1.00001
1.00002
1.00004
1.00012
1.00023
1.00063
1.00128
1.00351
1.00692
1.02012
1.03681
1.12089
1.21732
1.71689
2.55246
1
1
1
1
1
1
1
1
1
1
1
1.00001
1.00003
1.00007
1.00015
1.00041
1.00084
1.00228
1.00461
1.01277
1.02551
1.07281
1.14869
1.43125
1.96277
1
1
1
1
1
1
1
1
1
1
1
1.00001
1.00002
1.00004
1.00012
1.00024
1.00067
1.00135
1.00375
1.00737
1.02191
1.03966
1.13533
1.24234
1.8455
1
1
1
1
1
1
1
1
1
1
1
1.00001
1.00001
1.00004
1.00008
1.00023
1.00046
1.00128
1.00254
1.00748
1.01374
1.04638
1.07822
1.29112
1.57972
1
1
1
1
1
1
1
1
1
1
1
1.00001
1.00001
1.00003
1.00007
1.0002
1.0004
1.00112
1.00223
1.00667
1.01213
1.04228
1.07055
1.27053
1.54257
1
1
1
1
1
1
1
1
1
1
1
1
1.00001
1.00003
1.00008
1.00016
1.00046
1.00093
1.00268
1.00526
1.01641
1.02944
1.10594
1.18921
1.69696
1
1
1
1
1
1
1
1
1
1
1
1.00001
1.00001
1.00003
1.00006
1.00017
1.00035
1.00101
1.00194
1.00625
1.01071
1.04015
1.06548
1.25695
1.51673
1
1
1
1
1
1
1
1
1
1
1
1
1.00001
1.00003
1.00008
1.00016
1.00045
1.00091
1.00261
1.00525
1.01554
1.02984
1.09839
1.18318
1.65575
1
1
1
1
1
1
1
1
1
1
1
1
1.00001
1.00003
1.00008
1.00015
1.00044
1.00089
1.00254
1.00511
1.01512
1.02894
1.09579
1.17766
1.6379
1
1
1
1
1
1
1
1
1
1
1
1.00001
1.00001
1.00003
1.00006
1.00018
1.00036
1.00101
1.00203
1.00594
1.01129
1.03725
1.06399
1.24187
1.47281
1
1
1
1
1
1
1
1
1
1
1
1.00001
1.00001
1.00003
1.00006
1.00018
1.00036
1.00101
1.00204
1.00588
1.01155
1.03605
1.0647
1.23398
1.46045
1
1
1
1
1
1
1
1
1
1
1
1.00001
1.00001
1.00003
1.00006
1.00017
1.00034
1.00098
1.00197
1.00572
1.0111
1.03556
1.06232
1.23217
1.4487
1
1
1
1
1
1
1
1
1
1
1
1
1.00001
1.00002
1.00007
1.00014
1.0004
1.0008
1.00233
1.00453
1.01434
1.02524
1.09262
1.16223
1.6054
1
1
1
1
1
1
1
1
1
1
1
1.00001
1.00001
1.00003
1.00006
1.00017
1.00034
1.00097
1.00195
1.00567
1.011
1.03524
1.0618
1.23009
1.44404
3.7599
2.89611
3.77062
4.23441
3.92325
3.80647
3.73645
3.68028
3.58799
3.48801
3.39718
3.31482
3.23068
3.14481
3.06333
2.98904
2.91805
2.84948
2.81539
2.80187
2.79888
2.81745
2.87526
2.97125
3.0965
3.23843
3.38634
3.53387
3.67723
3.81471
3.94335
4.0619
4.1709
4.27094
4.36316
4.44804
4.52621
4.59674
4.6582
4.71189
4.7582
4.7976
4.83161
4.86193
4.88514
4.90054
4.9099
4.91441
4.91402
4.91092
4.90295
4.88946
4.87299
4.85405
4.83237
4.8083
4.78191
4.75356
4.72334
4.69148
4.65809
4.62333
4.58728
4.55009
4.51182
4.47261
4.43249
4.39158
4.3499
4.30756
4.26456
4.22101
4.17689
4.13229
4.08723
4.04177
3.99593
3.94978
3.90336
3.85673
3.80994
3.76306
3.71612
3.66919
3.62232
3.57558
3.52901
3.4827
3.4367
3.39111
3.34603
3.3016
3.25799
3.21544
3.17433
3.13513
3.09858
3.0658
3.03838
3.01941
4.57312
3.87546
4.1356
4.12156
3.92317
3.80204
3.77363
3.71723
3.5955
3.47917
3.38217
3.30607
3.22659
3.14163
3.0591
2.98388
2.91701
2.85652
2.81598
2.79793
2.79332
2.80956
2.86489
2.95956
3.08539
3.22891
3.37815
3.52647
3.66955
3.80674
3.93486
4.05266
4.1604
4.25965
4.35126
4.43511
4.5147
4.5865
4.64872
4.70304
4.7497
4.78978
4.82408
4.85378
4.87715
4.89336
4.90322
4.90792
4.90778
4.90556
4.89884
4.88508
4.86813
4.84929
4.82808
4.80439
4.77828
4.75012
4.72007
4.68838
4.65512
4.62049
4.58455
4.54747
4.5093
4.47018
4.43014
4.38931
4.3477
4.30543
4.26249
4.21899
4.17492
4.13037
4.08535
4.03993
3.99413
3.94802
3.90164
3.85505
3.8083
3.76145
3.71455
3.66767
3.62084
3.57415
3.52763
3.48136
3.43539
3.38984
3.34477
3.30034
3.25669
3.21411
3.17284
3.13344
3.09665
3.06356
3.03559
3.0159
5.34941
4.48629
4.28365
4.14202
3.94643
3.81434
3.74787
3.67504
3.57528
3.47147
3.38253
3.31123
3.22862
3.13803
3.05031
2.97026
2.90286
2.85031
2.81382
2.79324
2.78677
2.80013
2.84864
2.93945
3.06487
3.20954
3.35807
3.50609
3.64754
3.7886
3.91823
4.03806
4.14763
4.24839
4.34127
4.42668
4.50563
4.57684
4.63926
4.69385
4.741
4.78158
4.81611
4.84535
4.86847
4.88507
4.8953
4.90017
4.90006
4.89837
4.89288
4.8807
4.86263
4.84338
4.82239
4.79912
4.77335
4.74547
4.71561
4.68409
4.65097
4.61647
4.58064
4.54366
4.50558
4.46654
4.42658
4.3858
4.34427
4.30204
4.25918
4.21572
4.17171
4.1272
4.08223
4.03685
3.99108
3.94502
3.89867
3.85213
3.80541
3.75863
3.71177
3.66496
3.61818
3.57157
3.5251
3.4789
3.43298
3.38748
3.34245
3.29805
3.25432
3.21173
3.17047
3.13092
3.09374
3.06003
3.0312
3.01047
5.72082
4.86355
4.42835
4.19742
4.00283
3.85184
3.75831
3.67384
3.56978
3.46532
3.37289
3.29603
3.21402
3.12712
3.04201
2.96432
2.89906
2.84878
2.81453
2.7884
2.77073
2.783
2.8332
2.92117
3.04481
3.18721
3.33634
3.48522
3.62935
3.76835
3.89803
4.01774
4.12753
4.22866
4.32175
4.40732
4.48591
4.55719
4.62027
4.67555
4.72331
4.7644
4.79922
4.82843
4.85167
4.86882
4.87979
4.88528
4.8854
4.88428
4.88022
4.87055
4.85253
4.83279
4.81182
4.78897
4.76382
4.73647
4.70707
4.67592
4.64314
4.60892
4.57337
4.53663
4.49878
4.45993
4.42016
4.37958
4.33819
4.29612
4.25337
4.21003
4.16612
4.12171
4.07682
4.03151
3.98583
3.93982
3.89356
3.84707
3.80046
3.75373
3.707
3.66026
3.61365
3.56712
3.52082
3.47472
3.42898
3.38349
3.33861
3.29429
3.25084
3.20812
3.16664
3.12672
3.08904
3.05451
3.02455
3.00239
5.91547
5.13127
4.61701
4.30978
4.09373
3.92483
3.7938
3.68975
3.58144
3.47513
3.38058
3.29686
3.20997
3.12337
3.03968
2.96438
2.90083
2.85115
2.81461
2.792
2.78681
2.79876
2.84129
2.927
3.04003
3.17217
3.31242
3.45719
3.59949
3.7369
3.86665
3.98745
4.09893
4.20154
4.29585
4.3824
4.46149
4.53309
4.59677
4.65267
4.70109
4.74267
4.77789
4.80729
4.83087
4.84861
4.86044
4.86673
4.86747
4.86664
4.86358
4.85603
4.84045
4.82038
4.79908
4.77642
4.75183
4.72511
4.69631
4.66565
4.63331
4.59947
4.56427
4.52782
4.49026
4.45165
4.41212
4.37172
4.33054
4.28862
4.24604
4.20284
4.15907
4.11478
4.07
4.02479
3.9792
3.93329
3.88712
3.84075
3.79423
3.74764
3.70103
3.65444
3.60797
3.56164
3.51542
3.4695
3.4239
3.3788
3.33406
3.28989
3.24638
3.2037
3.16205
3.12187
3.08364
3.04832
3.01718
2.99322
6.03532
5.33708
4.80783
4.44756
4.1985
4.00791
3.85705
3.73006
3.6138
3.50331
3.40125
3.30763
3.21799
3.13141
3.05078
2.97939
2.92125
2.87812
2.84947
2.83672
2.83889
2.85267
2.89115
2.96835
3.06126
3.16872
3.28582
3.41503
3.55135
3.68884
3.82121
3.9455
4.0598
4.16423
4.25957
4.34682
4.42646
4.49876
4.5634
4.62044
4.67
4.71254
4.74858
4.77865
4.80298
4.82165
4.83465
4.84213
4.84403
4.84347
4.84125
4.83557
4.82345
4.80416
4.78288
4.76031
4.73615
4.71007
4.68198
4.65199
4.62025
4.58693
4.55218
4.51616
4.47895
4.4407
4.40146
4.36136
4.32041
4.27875
4.23635
4.19336
4.14972
4.10559
4.06092
4.01585
3.97035
3.92456
3.87849
3.83226
3.78586
3.73944
3.69302
3.64654
3.60028
3.55423
3.50841
3.46283
3.41751
3.37258
3.32801
3.28393
3.24046
3.19774
3.15599
3.11552
3.0768
3.04068
3.00847
2.98284
6.11203
5.49177
4.97764
4.59198
4.3092
4.09792
3.92785
3.78775
3.66352
3.54762
3.43885
3.33583
3.24191
3.15588
3.0788
3.01423
2.96574
2.9365
2.92442
2.92714
2.94022
2.97291
3.02218
3.07114
3.12639
3.19218
3.2735
3.35859
3.47169
3.60486
3.74412
3.87957
4.00333
4.11394
4.21257
4.30128
4.38171
4.45482
4.52062
4.57932
4.63061
4.67479
4.71236
4.74378
4.76941
4.78937
4.80382
4.81282
4.81639
4.8161
4.81465
4.81067
4.80186
4.78478
4.76419
4.74183
4.71797
4.69244
4.66507
4.63584
4.60481
4.57214
4.53796
4.50244
4.46569
4.42784
4.38896
4.34918
4.30854
4.26713
4.22499
4.18219
4.13876
4.09478
4.05027
4.00531
3.95996
3.91429
3.86837
3.82227
3.77603
3.72979
3.68364
3.63776
3.59185
3.54611
3.50056
3.45522
3.4101
3.36532
3.32089
3.27695
3.23355
3.19086
3.14903
3.10836
3.06923
3.03242
2.99928
2.97207
6.16406
5.6097
5.12323
4.73022
4.42646
4.19151
4.00518
3.85145
3.7177
3.59586
3.48232
3.37754
3.28196
3.19762
3.12524
3.07155
3.04101
3.03604
3.04184
3.06419
3.11732
3.18384
3.21793
3.23472
3.24691
3.25768
3.28098
3.33125
3.39298
3.48542
3.61978
3.76822
3.91123
4.0385
4.14894
4.24465
4.32855
4.40296
4.46986
4.52979
4.58291
4.62906
4.66876
4.7023
4.72983
4.75159
4.7678
4.77862
4.78422
4.78437
4.7836
4.78098
4.77466
4.76152
4.74213
4.7203
4.69684
4.67181
4.64511
4.61663
4.58639
4.55445
4.52095
4.48602
4.44981
4.41243
4.37398
4.33458
4.29428
4.25318
4.21131
4.16876
4.12555
4.08175
4.03741
3.99261
3.94741
3.90191
3.85616
3.81029
3.76446
3.71868
3.67292
3.62727
3.58169
3.53621
3.49089
3.44576
3.40088
3.35631
3.31211
3.26835
3.22511
3.18252
3.1407
3.09992
3.06052
3.02316
2.98928
2.96078
6.2021
5.70215
5.24507
4.85659
4.54124
4.28976
4.08719
3.91931
3.77723
3.64943
3.5316
3.42587
3.32935
3.24922
3.18645
3.15305
3.15364
3.16364
3.19723
3.27659
3.39918
3.46313
3.46454
3.45562
3.42758
3.36865
3.33198
3.33703
3.36106
3.41465
3.49789
3.61972
3.77067
3.91746
4.0502
4.16437
4.26064
4.34186
4.41189
4.47329
4.52776
4.57525
4.61701
4.65296
4.68287
4.70704
4.72554
4.73861
4.74638
4.74852
4.74807
4.74634
4.74198
4.73266
4.71595
4.69551
4.67283
4.64843
4.62239
4.59467
4.56523
4.53411
4.50137
4.46716
4.43157
4.39475
4.3568
4.31784
4.27793
4.23718
4.19562
4.15334
4.11035
4.06675
4.02258
3.97794
3.9329
3.88759
3.84221
3.79682
3.75144
3.70606
3.66066
3.61529
3.56997
3.52477
3.47971
3.43487
3.39027
3.34598
3.30203
3.25851
3.21547
3.17303
3.13128
3.09048
3.05091
3.01315
2.97871
2.94909
6.22666
5.7725
5.34538
4.96825
4.64931
4.38688
4.17118
3.99213
3.8399
3.70592
3.58642
3.48024
3.38677
3.31439
3.27256
3.27353
3.28598
3.3262
3.42032
3.60944
3.75114
3.77799
3.7657
3.72461
3.63182
3.50598
3.41441
3.37396
3.37736
3.3963
3.44256
3.5116
3.61418
3.75046
3.89626
4.0347
4.15526
4.25583
4.33864
4.40735
4.46538
4.51521
4.55854
4.59645
4.62836
4.65527
4.6766
4.69252
4.70298
4.70817
4.70814
4.70734
4.70472
4.69858
4.68595
4.66744
4.64605
4.62259
4.59733
4.57036
4.5417
4.5114
4.47948
4.44604
4.41115
4.37497
4.33758
4.29912
4.25964
4.21928
4.17804
4.13604
4.09329
4.04989
4.00588
3.96142
3.91673
3.87193
3.82704
3.7821
3.73708
3.69202
3.64692
3.60185
3.55683
3.51194
3.46718
3.42266
3.37835
3.33436
3.2907
3.24746
3.20465
3.16244
3.12083
3.08011
3.04049
3.00249
2.9677
2.9372
6.24246
5.82678
5.42795
5.06549
4.74875
4.4805
4.25531
4.06662
3.90607
3.76726
3.64535
3.54104
3.45705
3.40106
3.39979
3.41175
3.45387
3.55674
3.77242
4.02544
4.12817
4.1207
4.08555
3.99842
3.82546
3.66403
3.54085
3.46053
3.42266
3.42407
3.43598
3.46965
3.52613
3.60547
3.71578
3.85517
3.99432
4.12187
4.23064
4.3193
4.39029
4.44753
4.49471
4.53464
4.56858
4.59752
4.62118
4.63993
4.65345
4.66181
4.66466
4.66432
4.66285
4.65901
4.6507
4.63526
4.61587
4.59377
4.5695
4.54338
4.51554
4.48606
4.45498
4.42234
4.38822
4.35273
4.31596
4.27804
4.23905
4.1991
4.15822
4.1165
4.07399
4.03076
3.98706
3.94308
3.89888
3.85455
3.81006
3.76547
3.72077
3.67603
3.63126
3.58653
3.54186
3.49731
3.45291
3.40873
3.3648
3.32115
3.27784
3.23493
3.19245
3.1505
3.10915
3.06858
3.02907
2.99096
2.95602
2.92493
6.25672
5.86906
5.49483
5.14852
4.8384
4.5689
4.33808
4.14218
3.97526
3.83277
3.71147
3.61279
3.54534
3.53238
3.54343
3.58412
3.68638
3.90639
4.25279
4.47553
4.49055
4.46638
4.39154
4.22982
4.01957
3.83908
3.69679
3.59156
3.51994
3.47931
3.47026
3.47531
3.49514
3.53704
3.59302
3.67798
3.79818
3.93377
4.06606
4.18339
4.28058
4.35769
4.41786
4.46516
4.50312
4.53431
4.5602
4.58128
4.59752
4.60911
4.61575
4.61705
4.61646
4.61441
4.60941
4.59895
4.58218
4.56178
4.53882
4.51378
4.4869
4.45832
4.4281
4.39631
4.36298
4.32824
4.29216
4.25486
4.2164
4.1769
4.13638
4.09494
4.05266
4.00987
3.96669
3.92324
3.87953
3.83561
3.7915
3.74726
3.70291
3.65853
3.61412
3.56977
3.52547
3.48131
3.43729
3.3935
3.34993
3.30668
3.26373
3.22119
3.17905
3.13744
3.09639
3.05608
3.01675
2.9787
2.94374
2.91225
6.26335
5.90373
5.55067
5.21916
4.91794
4.65123
4.41835
4.21855
4.04786
3.90457
3.78783
3.70438
3.67715
3.6864
3.72382
3.82117
4.03335
4.43975
4.77004
4.86526
4.84892
4.7883
4.64847
4.42047
4.20485
4.02162
3.87149
3.75037
3.65565
3.58469
3.53753
3.50986
3.5106
3.519
3.54141
3.58097
3.6417
3.73826
3.86151
3.99243
4.11576
4.22262
4.30918
4.37595
4.4264
4.46473
4.49455
4.51826
4.53704
4.55109
4.56082
4.56585
4.5659
4.56515
4.56264
4.55667
4.54439
4.52624
4.50497
4.48131
4.45558
4.428
4.39868
4.36774
4.33524
4.30129
4.26594
4.2293
4.19143
4.15241
4.11226
4.07118
4.02941
3.98719
3.94457
3.90161
3.85834
3.81484
3.77112
3.72726
3.6833
3.6393
3.59529
3.55133
3.50744
3.46369
3.42009
3.37672
3.33358
3.29075
3.24823
3.20612
3.1644
3.12321
3.08255
3.0426
3.0036
2.96577
2.93099
2.89932
6.26908
5.92916
5.59783
5.28308
4.99097
4.72839
4.4963
4.29611
4.12574
3.98681
3.88219
3.83861
3.84592
3.88008
3.97304
4.17891
4.5941
5.02252
5.21683
5.20967
5.16708
5.05743
4.83595
4.59931
4.3897
4.21027
4.05738
3.92636
3.81467
3.72086
3.64567
3.58817
3.55005
3.53138
3.53362
3.5438
3.56656
3.6103
3.67746
3.7851
3.9058
4.03097
4.14633
4.24348
4.31978
4.37681
4.41846
4.44892
4.47163
4.48854
4.50063
4.50849
4.51191
4.51172
4.51061
4.50746
4.50038
4.48615
4.46731
4.44546
4.42116
4.39475
4.36645
4.33643
4.30482
4.2717
4.23715
4.20124
4.16399
4.12546
4.0858
4.04533
4.00423
3.96262
3.92054
3.87808
3.83528
3.79221
3.74893
3.7055
3.66196
3.61838
3.5748
3.53126
3.48782
3.44451
3.40137
3.35845
3.31578
3.27343
3.23139
3.18975
3.14851
3.10779
3.0676
3.0281
2.98954
2.95206
2.91762
2.886
6.27491
5.95027
5.63761
5.33822
5.05782
4.80234
4.57496
4.37724
4.21275
4.08685
4.01904
4.02395
4.05411
4.14202
4.34261
4.75338
5.24338
5.52523
5.5464
5.51679
5.42567
5.23286
4.99159
4.76973
4.57468
4.40285
4.24911
4.1108
3.98628
3.87562
3.779
3.69703
3.63038
3.58146
3.5488
3.53916
3.54213
3.55261
3.57759
3.6266
3.70251
3.81259
3.93323
4.05314
4.16048
4.24825
4.315
4.36307
4.39664
4.41992
4.43594
4.44646
4.45283
4.45469
4.4543
4.45278
4.4489
4.44052
4.42516
4.40572
4.38325
4.3583
4.33123
4.30229
4.27165
4.23945
4.20575
4.1706
4.13398
4.09606
4.05713
4.01743
3.97703
3.93605
3.89454
3.85262
3.81032
3.76775
3.72494
3.68198
3.63891
3.59579
3.55267
3.50961
3.46664
3.42383
3.38118
3.33878
3.29662
3.25479
3.21327
3.17219
3.13149
3.09133
3.0517
3.01278
2.97479
2.93786
2.90395
2.87265
6.2883
5.97592
5.67648
5.39061
5.12234
4.87571
4.65601
4.46776
4.31943
4.22182
4.2235
4.24908
4.33148
4.52613
4.93002
5.46371
5.80032
5.86617
5.84122
5.76106
5.58774
5.35495
5.13502
4.93818
4.75957
4.59458
4.44024
4.29611
4.16188
4.03859
3.92648
3.82676
3.73973
3.66597
3.60696
3.56452
3.53823
3.53562
3.53737
3.5476
3.57461
3.63011
3.71635
3.82742
3.94678
4.06122
4.16045
4.23904
4.29659
4.33622
4.36229
4.37909
4.38868
4.39372
4.39406
4.3935
4.39159
4.38698
4.37727
4.36112
4.34113
4.31815
4.29267
4.26505
4.23555
4.20435
4.17154
4.13714
4.10123
4.06416
4.0261
3.98722
3.94757
3.90728
3.86641
3.8251
3.78336
3.74134
3.69906
3.65662
3.61405
3.57145
3.52884
3.48631
3.44386
3.40159
3.35949
3.31765
3.27606
3.23482
3.19389
3.15342
3.11334
3.07383
3.03486
2.99665
2.9594
2.92325
2.8901
2.8595
6.31495
6.00487
5.71777
5.44512
5.18744
4.95143
4.7437
4.57461
4.45723
4.44062
4.4632
4.54266
4.73573
5.13934
5.69731
6.06962
6.16432
6.14312
6.07028
5.91031
5.6859
5.47324
5.28207
5.10672
4.94035
4.78022
4.62548
4.47717
4.33609
4.20355
4.08025
3.96716
3.86463
3.7736
3.69419
3.62804
3.57538
3.53782
3.52204
3.51563
3.51798
3.53022
3.56185
3.6262
3.72028
3.83208
3.9488
4.05745
4.14849
4.2178
4.26639
4.29797
4.31694
4.32689
4.33067
4.33051
4.32961
4.32711
4.32157
4.31029
4.29372
4.27349
4.25022
4.22437
4.19625
4.1662
4.13431
4.10073
4.06574
4.02965
3.99252
3.95452
3.91568
3.87617
3.83601
3.79539
3.75429
3.71289
3.6712
3.62935
3.58734
3.54532
3.50328
3.46133
3.41947
3.3778
3.33631
3.2951
3.25414
3.21356
3.1733
3.13353
3.09417
3.05543
3.01728
2.97995
2.94365
2.90859
2.87652
2.84718
6.36788
6.04474
5.76211
5.50034
5.25637
5.03634
4.85159
4.71664
4.6816
4.70244
4.78029
4.97356
5.38007
5.95495
6.34622
6.45511
6.43501
6.36345
6.20656
5.98814
5.78425
5.60211
5.43411
5.27293
5.11431
4.95725
4.80241
4.65135
4.50564
4.36654
4.23521
4.11221
3.99832
3.89383
3.79933
3.71517
3.64233
3.58215
3.53555
3.50704
3.4931
3.48497
3.48819
3.50369
3.54062
3.6147
3.71395
3.82796
3.94158
4.0433
4.12555
4.18549
4.22499
4.24871
4.26013
4.264
4.26368
4.26239
4.25923
4.25255
4.24005
4.22329
4.20293
4.17943
4.15318
4.12457
4.09376
4.06122
4.02731
3.99227
3.95614
3.9191
3.88116
3.84251
3.80317
3.76331
3.72294
3.68224
3.64121
3.60002
3.55866
3.51729
3.47589
3.43459
3.39339
3.35239
3.31159
3.27107
3.23083
3.19099
3.1515
3.11253
3.07403
3.03622
2.99907
2.96288
2.92785
2.89433
2.86377
2.83658
6.43623
6.09851
5.81421
5.56151
5.3349
5.13931
4.99351
4.94479
4.96461
5.04308
5.24102
5.65827
6.24281
6.63936
6.74902
6.72745
6.65079
6.48501
6.26941
6.07321
5.90064
5.74214
5.58872
5.43542
5.28067
5.12507
4.97014
4.81744
4.66868
4.52508
4.38797
4.25772
4.13533
4.02077
3.91489
3.81761
3.73002
3.65221
3.58556
3.53111
3.49035
3.46871
3.45067
3.44577
3.45083
3.47099
3.51627
3.60113
3.70254
3.8156
3.92509
4.01936
4.09211
4.14251
4.17307
4.18912
4.1938
4.19344
4.19188
4.1881
4.18022
4.16706
4.14992
4.12929
4.10547
4.07878
4.04956
4.01847
3.98583
3.95194
3.91688
3.88086
3.84391
3.8062
3.76777
3.72877
3.68922
3.64931
3.60904
3.56859
3.52797
3.48731
3.44665
3.40607
3.36561
3.32535
3.28532
3.24559
3.20617
3.16717
3.12859
3.09056
3.0531
3.01642
2.98056
2.94587
2.91257
2.88129
2.8529
2.82922
6.53776
6.18039
5.87986
5.63295
5.42803
5.27551
5.22447
5.24513
5.32838
5.53854
5.98009
6.57117
6.95933
7.05593
7.0302
6.94252
6.75723
6.54023
6.34667
6.18103
6.03114
5.88665
5.74098
5.59163
5.43893
5.28411
5.12904
4.97526
4.8246
4.67791
4.53661
4.40107
4.27223
4.15012
4.0355
3.92832
3.82934
3.73865
3.65704
3.58478
3.52354
3.47439
3.44099
3.41915
3.4014
3.40182
3.4097
3.43441
3.488
3.57837
3.68415
3.79562
3.89963
3.98579
4.04895
4.08971
4.11186
4.11985
4.11955
4.11789
4.11366
4.10492
4.09109
4.07334
4.05224
4.02806
4.0011
3.97197
3.94098
3.90846
3.87462
3.8397
3.80382
3.76714
3.7297
3.69164
3.65302
3.61399
3.5746
3.53498
3.49519
3.45535
3.41551
3.37575
3.33612
3.2967
3.25753
3.21869
3.18022
3.1422
3.10468
3.06781
3.03163
2.9964
2.96223
2.92961
2.89874
2.87077
2.84564
2.82745
6.55943
6.28567
5.97106
5.73191
5.56596
5.51512
5.53843
5.63143
5.8632
6.34643
6.94543
7.31476
7.38451
7.35165
7.24621
7.02951
6.80413
6.61035
6.44785
6.30483
6.16842
6.03098
5.88879
5.74118
5.58949
5.43517
5.28019
5.126
4.97418
4.82554
4.6812
4.54166
4.40777
4.2798
4.15827
4.04332
3.93525
3.83428
3.74122
3.6563
3.57997
3.51323
3.45742
3.41446
3.38598
3.36241
3.34815
3.3504
3.36286
3.39445
3.45951
3.55215
3.66015
3.76902
3.86629
3.94318
3.99628
4.02696
4.04091
4.04103
4.03969
4.03564
4.0269
4.01197
3.99329
3.9717
3.94759
3.92105
3.89224
3.86151
3.82917
3.79555
3.76085
3.72526
3.68888
3.65186
3.61425
3.57621
3.53779
3.49913
3.46029
3.42137
3.38246
3.34362
3.30494
3.26648
3.22832
3.19051
3.15314
3.1163
3.08006
3.04462
3.01006
2.97676
2.9449
2.91522
2.88797
2.86482
2.8451
2.83149
6.53843
6.37927
6.08662
5.87194
5.80884
5.83673
5.94424
6.20754
6.75069
7.36607
7.71249
7.74188
7.69779
7.56825
7.30969
7.06998
6.87149
6.70926
6.56942
6.43879
6.30791
6.17264
6.03121
5.88406
5.73278
5.57893
5.42413
5.2697
5.11691
4.96672
4.82003
4.67752
4.53973
4.40723
4.2802
4.15919
4.04412
3.93574
3.8338
3.73899
3.65125
3.57157
3.50019
3.43899
3.3874
3.35131
3.32195
3.29978
3.29025
3.29455
3.31138
3.35
3.42726
3.52238
3.63006
3.73478
3.82407
3.89057
3.93292
3.95435
3.95879
3.95766
3.95391
3.94538
3.92952
3.91052
3.88895
3.86499
3.8387
3.81023
3.77985
3.74791
3.71465
3.68035
3.64515
3.60928
3.57279
3.53587
3.49854
3.46097
3.4232
3.38534
3.34749
3.30971
3.27212
3.23477
3.19776
3.16118
3.12512
3.08971
3.05508
3.02148
2.98909
2.95846
2.9299
2.90455
2.8829
2.86626
2.85077
2.84417
6.47844
6.41975
6.26852
6.13315
6.16035
6.279
6.57618
7.1874
7.82642
8.15031
8.14313
8.07336
7.89755
7.60969
7.34755
7.1383
6.97201
6.83176
6.70308
6.5762
6.446
6.3094
6.16697
6.0196
5.86849
5.71505
5.56049
5.40606
5.25273
5.10152
4.95311
4.80832
4.66753
4.53147
4.4002
4.27438
4.15389
4.03928
3.93037
3.82776
3.73137
3.6419
3.55932
3.48472
3.41816
3.36151
3.31622
3.28289
3.25337
3.23153
3.23183
3.2385
3.25935
3.30508
3.38845
3.48741
3.59333
3.69202
3.77215
3.82793
3.85959
3.87164
3.871
3.86797
3.86059
3.84552
3.8263
3.80438
3.78025
3.75408
3.72601
3.69619
3.66478
3.63209
3.59832
3.56377
3.52856
3.49288
3.4568
3.42045
3.3839
3.34727
3.31063
3.2741
3.23776
3.20172
3.16608
3.13099
3.09652
3.06294
3.03037
2.99925
2.96988
2.9431
2.91943
2.90098
2.88584
2.87527
2.869
2.87039
6.43215
6.46677
6.46399
6.49647
6.63697
6.9823
7.68321
8.33679
8.61933
8.59736
8.48858
8.24344
7.92666
7.64388
7.41873
7.24346
7.09906
6.96898
6.84244
6.71351
6.57993
6.44075
6.29669
6.14868
5.99751
5.84439
5.69012
5.53582
5.38224
5.2303
5.08064
4.93405
4.79092
4.65193
4.51725
4.38741
4.26247
4.14268
4.0282
3.91929
3.81618
3.719
3.62797
3.54341
3.46588
3.39586
3.33431
3.28156
3.24207
3.20631
3.17992
3.16288
3.16495
3.17567
3.20309
3.25998
3.34597
3.44698
3.54992
3.64118
3.71107
3.75546
3.7779
3.77951
3.77756
3.77178
3.7594
3.74009
3.71752
3.69321
3.66733
3.63983
3.61063
3.57999
3.54806
3.51518
3.48148
3.44725
3.41255
3.37758
3.3424
3.30715
3.27191
3.23681
3.20195
3.16747
3.13349
3.10021
3.0678
3.03656
3.00683
2.97918
2.9543
2.93324
2.91765
2.90588
2.89864
2.89973
2.90479
2.91878
6.28394
6.5634
6.71012
7.00285
7.5635
8.31507
8.91445
9.12631
9.08546
8.93079
8.60662
8.25892
7.95975
7.71833
7.53167
7.37909
7.24369
7.11392
6.98325
6.84898
6.71049
6.56776
6.42158
6.27243
6.12089
5.96769
5.81359
5.65922
5.50548
5.35287
5.20231
5.0542
4.90927
4.76786
4.63044
4.49728
4.36867
4.24481
4.12601
4.01234
3.90396
3.80074
3.70304
3.61077
3.52461
3.44434
3.37114
3.30496
3.24731
3.19992
3.1611
3.12686
3.10119
3.09312
3.09688
3.11113
3.14448
3.21189
3.3004
3.40171
3.50018
3.58269
3.64149
3.675
3.68636
3.6853
3.68088
3.67067
3.65111
3.6291
3.60488
3.57919
3.55211
3.52375
3.4941
3.46331
3.43153
3.39901
3.36594
3.33253
3.2989
3.26522
3.23159
3.19816
3.16506
3.13245
3.10055
3.06956
3.03987
3.01185
2.98613
2.96372
2.94553
2.93405
2.92407
2.92434
2.92775
2.9385
2.9631
3.01614
5.86527
6.69653
7.21416
8.03406
9.03681
9.63676
9.71771
9.64072
9.41221
8.9865
8.60979
8.29201
8.03727
7.84096
7.67884
7.53464
7.39757
7.26135
7.12304
6.98182
6.83778
6.69137
6.54248
6.39177
6.23947
6.08587
5.9316
5.77704
5.623
5.46983
5.31831
5.16897
5.02239
4.87899
4.73918
4.60328
4.47156
4.34433
4.22182
4.10402
3.99097
3.88275
3.77954
3.68135
3.58838
3.50073
3.41877
3.34284
3.27345
3.21151
3.15801
3.11521
3.0744
3.04299
3.02004
3.02054
3.0266
3.04492
3.08488
3.16098
3.25319
3.35271
3.44456
3.5167
3.56382
3.58702
3.58745
3.58511
3.57787
3.56254
3.54043
3.51579
3.49019
3.46384
3.43649
3.40805
3.37854
3.34815
3.31704
3.28548
3.25364
3.22176
3.18998
3.15851
3.12753
3.09725
3.06801
3.0401
3.01416
2.99078
2.97106
2.95697
2.94789
2.94423
2.94608
2.95391
2.97331
3.01427
3.07007
3.18231
4.87626
6.68658
8.24201
9.74952
10.4633
10.4483
10.2926
9.91327
9.41085
8.98278
8.63757
8.37182
8.16932
8.0001
7.84669
7.69961
7.55413
7.40814
7.26093
7.11249
6.96295
6.81257
6.66077
6.50817
6.35454
6.19998
6.04498
5.88984
5.7351
5.58129
5.42898
5.27862
5.13067
4.9856
4.84368
4.70532
4.57076
4.44043
4.31432
4.19265
4.07561
3.96332
3.85569
3.75279
3.65456
3.56116
3.47263
3.38926
3.31121
3.23908
3.17347
3.11491
3.06635
3.02241
2.98338
2.95517
2.94138
2.94346
2.95306
2.97746
3.02836
3.10858
3.20323
3.29916
3.38252
3.44341
3.47745
3.48885
3.48772
3.48289
3.47173
3.45037
3.42698
3.40194
3.37614
3.34964
3.32242
3.29443
3.26567
3.23639
3.20673
3.17704
3.1475
3.11843
3.09008
3.06283
3.03716
3.01353
2.99319
2.97649
2.96718
2.96165
2.96251
2.96761
2.98187
3.01249
3.06796
3.1578
3.24427
3.39653
3.4881
6.52244
10.2566
11.3853
11.3268
11.0436
10.4408
9.8709
9.39217
9.01123
8.72111
8.51253
8.33907
8.17888
8.02209
7.86567
7.70891
7.55243
7.39648
7.24112
7.08621
6.93151
6.77685
6.62143
6.46583
6.30983
6.15367
5.99753
5.84191
5.68717
5.53375
5.38208
5.23251
5.08563
4.9417
4.80137
4.66462
4.53186
4.40311
4.27858
4.15832
4.04239
3.93086
3.82374
3.72102
3.62277
3.52897
3.43977
3.35523
3.27568
3.20134
3.13292
3.07066
3.01692
2.9689
2.92544
2.89057
2.86527
2.86245
2.86625
2.87938
2.91016
2.9724
3.05668
3.15214
3.24366
3.31611
3.36254
3.38656
3.38782
3.38549
3.37826
3.36261
3.33966
3.31474
3.28938
3.26392
3.23814
3.21191
3.18527
3.15831
3.13134
3.10464
3.07861
3.05378
3.0306
3.01006
2.99269
2.98104
2.97517
2.97543
2.9788
2.98957
3.01362
3.06067
3.1337
3.23001
3.35667
3.4672
3.61747
2.88628
6.08401
12.1406
12.2095
11.8489
11.0521
10.3505
9.80634
9.41297
9.10295
8.882
8.69981
8.53056
8.36323
8.19503
8.0264
7.85896
7.69331
7.52976
7.36808
7.20787
7.04859
6.89003
6.73141
6.57326
6.41529
6.25755
6.10001
5.94312
5.78712
5.63246
5.47949
5.3286
5.18022
5.03462
4.89229
4.75336
4.61821
4.48688
4.35956
4.23637
4.11725
4.00239
3.89168
3.78521
3.68293
3.58482
3.49098
3.40132
3.31612
3.23535
3.15952
3.08876
3.02401
2.96598
2.91481
2.86754
2.82632
2.7964
2.78007
2.78124
2.78803
2.80674
2.84669
2.92069
3.00959
3.10393
3.18541
3.24442
3.2777
3.28987
3.28877
3.2842
3.27348
3.25241
3.22939
3.20525
3.18104
3.15697
3.13302
3.10916
3.08551
3.0625
3.0405
3.02065
3.00319
2.99026
2.98269
2.983
2.9855
2.99395
3.0138
3.05286
3.11426
3.20488
3.31951
3.44654
3.58159
3.6845
3.79462
2.89303
5.93908
12.7038
12.4147
11.675
10.8482
10.2308
9.82159
9.50725
9.2818
9.08719
8.90353
8.72226
8.54056
8.35895
8.17924
8.0025
7.82923
7.65918
7.4917
7.32638
7.16246
6.99969
6.83756
6.6759
6.5154
6.35566
6.19649
6.03808
5.88066
5.72456
5.57015
5.41777
5.26781
5.12053
4.97638
4.83544
4.69819
4.56455
4.43487
4.30906
4.1873
4.06954
3.95582
3.8461
3.74043
3.63867
3.54098
3.44718
3.35748
3.27179
3.1904
3.11343
3.04124
2.97442
2.91335
2.85951
2.80855
2.76389
2.72861
2.7041
2.699
2.70188
2.7126
2.73871
2.79246
2.8739
2.96717
3.05471
3.12357
3.16759
3.1904
3.19245
3.19037
3.1837
3.16928
3.14783
3.12511
3.10273
3.08114
3.06045
3.04065
3.02252
3.00613
2.99397
2.98433
2.98457
2.98683
2.99397
3.01041
3.0431
3.09528
3.17769
3.28397
3.41061
3.54555
3.67061
3.77701
3.84396
3.90252
2.8037
5.88619
12.6942
12.1764
11.211
10.5947
10.2017
9.90337
9.67979
9.47759
9.2797
9.08328
8.88836
8.6956
8.50569
8.31914
8.13635
7.95727
7.78155
7.60869
7.4382
7.26962
7.10259
6.93679
6.77177
6.60778
6.44535
6.28435
6.12425
5.96545
5.80784
5.6521
5.49822
5.34689
5.19805
5.05238
4.9097
4.77068
4.635
4.5033
4.37519
4.25112
4.13082
4.0145
3.902
3.79342
3.68863
3.58774
3.49056
3.39726
3.30772
3.22209
3.14047
3.06294
2.98997
2.92171
2.85882
2.80245
2.7492
2.70173
2.6622
2.63419
2.61828
2.61937
2.62546
2.64256
2.6787
2.75032
2.83824
2.92785
3.00433
3.05897
3.09053
3.10192
3.10112
3.09747
3.08862
3.07092
3.0518
3.03262
3.01501
2.99933
2.98775
2.97849
2.9785
2.9804
2.98703
3.00178
3.02967
3.07397
3.14647
3.24569
3.36816
3.50383
3.63793
3.75534
3.84391
3.9047
3.93134
3.95578
2.63154
5.97504
12.5501
11.8298
10.9518
10.5118
10.2481
10.0381
9.83339
9.62768
9.42271
9.21978
9.01974
8.82294
8.62956
8.43973
8.25335
8.07033
7.89044
7.71344
7.53885
7.36642
7.19572
7.02662
6.85848
6.69134
6.52567
6.36229
6.20027
6.03997
5.88096
5.72395
5.56883
5.41624
5.26618
5.11914
4.97512
4.83452
4.69729
4.56377
4.43386
4.30774
4.1854
4.06679
3.95205
3.84097
3.7337
3.6301
3.53015
3.43387
3.34122
3.25228
3.16707
3.08566
3.00837
2.93501
2.86616
2.80212
2.74402
2.68922
2.63973
2.59783
2.56589
2.54325
2.54154
2.54464
2.5556
2.58198
2.63634
2.71786
2.80837
2.8907
2.95338
2.99398
3.01312
3.01776
3.01652
3.01225
3.0028
2.98838
2.97577
2.96566
2.96388
2.96539
2.9713
2.98483
3.00921
3.04873
3.11084
3.20199
3.31841
3.4534
3.59318
3.72179
3.82582
3.90006
3.94484
3.9683
3.97277
3.98186
2.71688
5.71421
12.4112
11.745
10.8995
10.5085
10.2973
10.1091
9.91149
9.71056
9.51041
9.31172
9.11455
8.91929
8.7263
8.5359
8.34822
8.16331
7.9811
7.80144
7.62408
7.44884
7.27541
7.10365
6.93318
6.76372
6.59536
6.42916
6.26508
6.10301
5.94283
5.7846
5.62863
5.47497
5.32409
5.17593
5.03096
4.88911
4.75071
4.61573
4.48435
4.35659
4.23248
4.11207
3.99537
3.88235
3.77314
3.66774
3.56564
3.46725
3.37212
3.28067
3.19248
3.10807
3.02698
2.95001
2.87686
2.80802
2.74366
2.68443
2.62869
2.57811
2.53475
2.49936
2.47494
2.4655
2.46726
2.47491
2.49467
2.53651
2.61078
2.69896
2.78394
2.85375
2.90198
2.93077
2.94381
2.94808
2.94763
2.94612
2.94403
2.94507
2.94956
2.96067
2.98289
3.01573
3.06871
3.14922
3.25818
3.38963
3.53226
3.67106
3.79008
3.88057
3.94077
3.97562
3.99119
3.99575
3.99636
3.99885
2.54336
5.7392
12.2384
11.6145
10.8301
10.4795
10.2928
10.1229
9.94138
9.75366
9.5636
9.3722
9.18012
8.9882
8.79732
8.60797
8.42053
8.23519
8.05201
7.87101
7.69206
7.51507
7.33983
7.16623
6.99404
6.82311
6.65307
6.4848
6.31863
6.15486
5.99344
5.83423
5.67746
5.52311
5.37153
5.22273
5.077
4.93441
4.7951
4.65925
4.52686
4.39799
4.27264
4.15089
4.03263
3.9181
3.80684
3.69924
3.5953
3.49483
3.398
3.30444
3.21455
3.1278
3.04466
2.96489
2.88873
2.8163
2.7478
2.68373
2.62394
2.56793
2.51733
2.47289
2.43594
2.40956
2.39469
2.39549
2.40091
2.41613
2.44954
2.51642
2.6004
2.68786
2.76386
2.82084
2.85952
2.88129
2.8951
2.90555
2.91565
2.92986
2.95302
2.97972
3.02384
3.08968
3.18723
3.31023
3.4515
3.59722
3.73055
3.83901
3.91706
3.96739
3.99504
4.00944
4.0125
4.01288
4.0133
4.01563
2.5012
5.62584
12.107
11.562
10.808
10.4586
10.2783
10.1222
9.95672
9.78092
9.59835
9.41186
9.22352
9.03459
8.84616
8.65865
8.47244
8.28777
8.10477
7.92353
7.74402
7.56622
7.39001
7.21533
7.04207
6.87012
6.69937
6.52966
6.36215
6.19704
6.03445
5.87441
5.71694
5.56213
5.41007
5.26088
5.11469
4.97156
4.83165
4.69492
4.56154
4.4316
4.30514
4.18218
4.0628
3.94693
3.83467
3.72579
3.62056
3.51864
3.42033
3.3252
3.23357
3.14512
3.06001
2.97825
2.8998
2.8249
2.75351
2.68596
2.62257
2.5631
2.50756
2.45703
2.41227
2.37472
2.34689
2.32919
2.32952
2.33354
2.34614
2.3749
2.43338
2.51611
2.60626
2.68868
2.75547
2.80477
2.84081
2.8699
2.89781
2.9337
2.97472
3.03003
3.11145
3.22085
3.35379
3.50046
3.64431
3.77041
3.86845
3.93703
3.97966
4.00553
4.01757
4.02418
4.02581
4.02613
4.02679
4.02943
2.62303
5.33813
12.0156
11.611
10.8375
10.4523
10.2559
10.1115
9.96092
9.79636
9.61899
9.43696
9.25163
9.06537
8.87924
8.69353
8.50857
8.32467
8.14205
7.9609
7.78127
7.60315
7.42653
7.25134
7.07754
6.90506
6.73388
6.56389
6.39565
6.22965
6.06623
5.90552
5.74755
5.59235
5.43997
5.29048
5.14395
5.00048
4.86013
4.72299
4.5891
4.45851
4.33136
4.20759
4.08733
3.97052
3.85723
3.74738
3.64105
3.53813
3.43862
3.34247
3.24956
3.15998
3.07353
2.99037
2.91036
2.83365
2.76023
2.69026
2.62391
2.56141
2.50246
2.44773
2.39782
2.3534
2.31602
2.28734
2.26906
2.26907
2.27241
2.28392
2.31065
2.36553
2.44788
2.54123
2.63283
2.71263
2.77927
2.83618
2.8932
2.95337
3.0271
3.12532
3.24686
3.38781
3.53602
3.67577
3.79342
3.88246
3.9437
3.98289
4.00717
4.02214
4.02984
4.03464
4.03677
4.03705
4.03767
4.03995
2.59122
5.20926
11.9252
11.6004
10.8934
10.4513
10.2296
10.0915
9.95626
9.80217
9.62933
9.45356
9.27065
9.08675
8.90283
8.71882
8.53507
8.35193
8.16976
7.98876
7.80909
7.63079
7.45388
7.27832
7.10411
6.93123
6.7597
6.58955
6.42094
6.25445
6.09043
5.92921
5.7708
5.61532
5.4627
5.31304
5.16634
5.02268
4.88212
4.74467
4.61044
4.47942
4.35176
4.22742
4.10655
3.98907
3.87505
3.76447
3.65727
3.55354
3.45308
3.35602
3.26211
3.17152
3.08401
2.99971
2.91851
2.84047
2.76563
2.69401
2.62574
2.56101
2.49979
2.44232
2.38903
2.34027
2.29704
2.26039
2.23244
2.21538
2.21572
2.21952
2.23151
2.25886
2.31474
2.40111
2.50255
2.60737
2.70791
2.80281
2.89828
2.99868
3.11794
3.2561
3.40737
3.55831
3.69429
3.80445
3.88597
3.94138
3.97838
4.0027
4.01869
4.02966
4.03717
4.04122
4.04339
4.04378
4.04436
4.04623
2.57216
5.12393
11.8073
11.5547
10.9363
10.4714
10.2302
10.0877
9.95709
9.80911
9.64066
9.46676
9.28529
9.10235
8.91937
8.73615
8.55292
8.37017
8.18827
8.00747
7.8279
7.64963
7.47267
7.29703
7.12269
6.94971
6.77811
6.60798
6.43947
6.27281
6.10852
5.94702
5.7883
5.63262
5.47982
5.33009
5.18331
5.03955
4.89879
4.76109
4.62656
4.49516
4.36708
4.24222
4.12082
4.00276
3.8882
3.777
3.66924
3.56484
3.46378
3.36602
3.27148
3.18017
3.09194
3.00691
2.92483
2.84597
2.77004
2.69736
2.62776
2.56148
2.4986
2.43921
2.38354
2.33195
2.285
2.24338
2.20861
2.18213
2.16888
2.16996
2.17525
2.1897
2.22131
2.28518
2.3816
2.49901
2.63043
2.76851
2.91318
3.06764
3.23283
3.40116
3.56071
3.6977
3.80517
3.88288
3.93618
3.9714
3.99609
4.0134
4.02617
4.03566
4.04242
4.04648
4.04828
4.0487
4.04911
4.05062
2.40607
5.32044
11.7307
11.4846
10.8923
10.4697
10.2284
10.0821
9.95451
9.81163
9.64777
9.47495
9.29545
9.1134
8.93116
8.74845
8.5656
8.38297
8.20108
8.02018
7.84047
7.662
7.48482
7.30895
7.1344
6.96124
6.78949
6.61925
6.45063
6.28426
6.12001
5.95836
5.79943
5.64358
5.49062
5.34082
5.19389
5.05008
4.90918
4.77136
4.63661
4.50497
4.37667
4.25152
4.1299
4.01147
3.89664
3.78503
3.67699
3.57214
3.47079
3.37253
3.2777
3.1858
3.09729
3.01157
2.9292
2.84954
2.77323
2.69965
2.62943
2.56214
2.49834
2.4377
2.38069
2.32736
2.2782
2.23377
2.19484
2.16327
2.14061
2.13583
2.13822
2.14673
2.16721
2.21002
2.2924
2.40928
2.56014
2.73832
2.93687
3.1435
3.34533
3.52567
3.67392
3.78594
3.8656
3.92014
3.95735
3.98326
4.00255
4.01715
4.02837
4.03729
4.04388
4.04808
4.05018
4.05103
4.05128
4.05241
2.55825
5.06675
11.7073
11.5146
10.9798
10.4895
10.2248
10.0774
9.95271
9.81217
9.64981
9.47946
9.30016
9.11839
8.93648
8.75409
8.57152
8.38912
8.20745
8.0267
7.84709
7.66867
7.49148
7.31558
7.14097
6.96775
6.79597
6.62576
6.45725
6.29056
6.12614
5.96435
5.80533
5.64936
5.49632
5.34645
5.19945
5.05559
4.91459
4.77671
4.64182
4.51006
4.38157
4.25623
4.1344
4.01571
3.90069
3.7888
3.68056
3.57543
3.47386
3.37531
3.28026
3.18806
3.09935
3.01328
2.93073
2.85068
2.77417
2.70014
2.62965
2.5618
2.49755
2.43626
2.37866
2.32453
2.27443
2.22873
2.18803
2.15401
2.12779
2.11669
2.11831
2.1248
2.14102
2.17548
2.24486
2.3578
2.51885
2.72366
2.96055
3.20217
3.42242
3.60119
3.73468
3.82834
3.89212
3.93568
3.96637
3.98897
4.00621
4.02009
4.03067
4.03896
4.04507
4.04923
4.05129
4.05243
4.05261
4.05357
)
;

boundaryField
{
    inlet
    {
        type            fixedValue;
        value           uniform 1;
    }
    outlet
    {
        type            waveTransmissive;
        gamma           1.4;
        fieldInf        1;
        lInf            3;
        value           nonuniform List<scalar> 
40
(
3.01168
3.00817
3.00276
2.9947
2.98556
2.97522
2.96448
2.95323
2.94158
2.92974
2.9175
2.90487
2.89198
2.8787
2.86538
2.85224
2.83992
2.82928
2.82183
2.81988
2.82377
2.83616
2.86198
2.90941
3.00511
3.16957
3.38258
3.60325
3.78106
3.88995
3.94377
3.97
3.98697
4.00373
4.01761
4.02826
4.03467
4.03912
4.04098
4.04218
)
;
    }
    bottom
    {
        type            symmetryPlane;
    }
    top
    {
        type            symmetryPlane;
    }
    obstacle
    {
        type            zeroGradient;
    }
    defaultFaces
    {
        type            empty;
    }
}


// ************************************************************************* //
