/*--------------------------------*- C++ -*----------------------------------*\
| =========                 |                                                 |
| \\      /  F ield         | OpenFOAM: The Open Source CFD Toolbox           |
|  \\    /   O peration     | Version:  2412                                  |
|   \\  /    A nd           | Website:  www.openfoam.com                      |
|    \\/     M anipulation  |                                                 |
\*---------------------------------------------------------------------------*/
FoamFile
{
    version     2.0;
    format      ascii;
    arch        "LSB;label=32;scalar=64";
    class       volScalarField;
    location    "7";
    object      T;
}
// * * * * * * * * * * * * * * * * * * * * * * * * * * * * * * * * * * * * * //

dimensions      [0 0 0 1 0 0 0];

internalField   nonuniform List<scalar> 
5250
(
1.00001
1.00002
1.00007
1.00013
1.00043
1.00079
1.00232
1.00491
1.01253
1.03363
1.07494
1.23495
1.55238
2.36536
2.69439
2.73589
2.73407
2.73624
2.74941
2.76159
2.7728
2.78058
2.78551
2.79209
2.79544
1.00001
1.00002
1.00007
1.00013
1.00042
1.00078
1.00228
1.00484
1.01233
1.03312
1.0737
1.23155
1.54118
2.35393
2.69069
2.73597
2.73388
2.73558
2.74857
2.76049
2.77145
2.77898
2.78363
2.78944
2.79251
1.00001
1.00002
1.00007
1.00013
1.00041
1.00076
1.0022
1.00469
1.01192
1.03208
1.07118
1.22432
1.51785
2.32811
2.68119
2.73528
2.73289
2.73353
2.74658
2.75814
2.76916
2.77665
2.78154
2.78727
2.78914
1.00001
1.00002
1.00007
1.00012
1.00039
1.00072
1.00211
1.00447
1.0114
1.03055
1.06802
1.21316
1.49154
2.28835
2.66514
2.7335
2.73024
2.72983
2.74258
2.75361
2.76403
2.77124
2.77498
2.78286
2.78518
1.00001
1.00002
1.00006
1.00011
1.00037
1.00068
1.00198
1.00419
1.01071
1.02853
1.06386
1.19828
1.45628
2.22853
2.64219
2.7306
2.72645
2.72396
2.73665
2.74771
2.75869
2.76617
2.76995
2.7741
2.77601
1.00001
1.00002
1.00006
1.00011
1.00034
1.00063
1.00186
1.00384
1.00998
1.02589
1.05875
1.17959
1.41256
2.14291
2.61072
2.72536
2.72133
2.71459
2.72771
2.73656
2.74677
2.75385
2.7583
2.76567
2.76744
1.00001
1.00001
1.00005
1.0001
1.00031
1.00057
1.00174
1.00344
1.00925
1.02269
1.05291
1.1579
1.36229
2.02813
2.56792
2.71662
2.71263
2.70399
2.71769
2.72693
2.73721
2.74418
2.74556
2.74773
2.74872
1.00001
1.00001
1.00005
1.00009
1.00028
1.00051
1.00159
1.00302
1.00843
1.01938
1.04673
1.13512
1.30877
1.90084
2.50419
2.69536
2.69228
2.68456
2.70189
2.70826
2.71648
2.72447
2.72792
2.7306
2.72707
1.00001
1.00001
1.00004
1.00008
1.00025
1.00045
1.00142
1.00264
1.00765
1.01658
1.0418
1.11482
1.26665
1.71445
2.50464
2.67511
2.66968
2.66287
2.68058
2.6928
2.69941
2.70082
2.69979
2.69503
2.67874
1
1.00001
1.00004
1.00007
1.00022
1.0004
1.00123
1.00234
1.00679
1.01454
1.03743
1.10034
1.23569
1.65739
2.50446
2.65451
2.64414
2.64572
2.65001
2.66539
2.67567
2.675
2.66903
2.65117
2.60273
1
1.00001
1.00002
1.00007
1.00013
1.00038
1.00082
1.00204
1.00531
1.012
1.03489
1.07344
1.23899
1.56633
2.35505
2.63611
2.64525
2.63782
2.63276
2.63946
2.64458
2.64104
2.62256
2.57537
2.41305
1
1.00001
1.00003
1.00005
1.00016
1.0003
1.00092
1.00179
1.00491
1.01129
1.02743
1.078
1.16692
1.53522
2.28768
2.57031
2.63796
2.62866
2.617
2.61463
2.61608
2.60846
2.58114
2.52163
2.3498
1
1.00001
1.00002
1.00004
1.00014
1.00026
1.00082
1.00151
1.00448
1.00931
1.02417
1.0644
1.14409
1.43874
2.14737
2.51327
2.62852
2.61826
2.60464
2.59274
2.57988
2.56721
2.53829
2.48668
2.35347
1
1.00001
1.00002
1.00004
1.00012
1.00022
1.00071
1.00129
1.00401
1.00765
1.02176
1.04955
1.12181
1.33616
1.95036
2.4207
2.60319
2.59569
2.59039
2.57814
2.56096
2.53196
2.49672
2.4575
2.36198
1
1
1.00002
1.00003
1.0001
1.00018
1.00058
1.00106
1.00329
1.0062
1.01804
1.03873
1.10108
1.25431
1.75778
2.33329
2.56359
2.56132
2.55911
2.55256
2.53896
2.51504
2.46224
2.4251
2.35737
1
1
1.00001
1.00003
1.00008
1.00015
1.00046
1.00084
1.00257
1.00497
1.0136
1.0323
1.07588
1.21926
1.53963
2.25547
2.5296
2.54181
2.53259
2.52416
2.51162
2.49476
2.4534
2.40342
2.3453
1
1
1.00001
1.00002
1.00006
1.00012
1.00036
1.00066
1.00199
1.00395
1.01051
1.02583
1.05975
1.17817
1.40749
2.06115
2.4597
2.53064
2.51533
2.5062
2.48414
2.46501
2.43527
2.3922
2.33963
1
1
1.00001
1.00002
1.00005
1.00009
1.00029
1.00052
1.00161
1.00305
1.00852
1.01934
1.04675
1.13382
1.30418
1.8837
2.31706
2.49957
2.49843
2.49119
2.47326
2.44525
2.41256
2.37318
2.32827
1
1
1.00001
1.00001
1.00004
1.00007
1.00022
1.0004
1.00123
1.00229
1.00678
1.01391
1.03649
1.09255
1.22249
1.5839
2.26762
2.43011
2.45176
2.4533
2.44635
2.42995
2.40125
2.36131
2.31692
1
1
1
1.00001
1.00002
1.00007
1.00012
1.00037
1.0007
1.00194
1.00426
1.01048
1.02813
1.06229
1.18824
1.43194
2.09167
2.39994
2.43783
2.42712
2.4164
2.39785
2.38384
2.35402
2.31361
1
1
1
1.00001
1.00002
1.00005
1.00009
1.00029
1.00053
1.00165
1.00311
1.00882
1.01945
1.04798
1.13161
1.31219
1.78656
2.29419
2.42101
2.41468
2.39778
2.3746
2.34847
2.33076
2.30501
1
1
1
1
1.00002
1.00003
1.00009
1.00016
1.0005
1.00094
1.00278
1.00554
1.01535
1.0338
1.0894
1.21112
1.66727
2.07585
2.35684
2.39339
2.3878
2.36941
2.33694
2.30844
2.28137
1
1
1
1
1.00001
1.00003
1.00005
1.00014
1.00027
1.00079
1.00158
1.00415
1.00994
1.0232
1.06588
1.13779
1.43875
2.03463
2.25792
2.33087
2.35106
2.34676
2.32998
2.30138
2.26997
1
1
1
1
1.00001
1.00001
1.00004
1.00008
1.00024
1.00046
1.00128
1.00272
1.00686
1.01743
1.03975
1.11424
1.25231
1.70196
2.17902
2.31573
2.32072
2.31557
2.30603
2.28856
2.26219
1
1
1
1
1
1.00001
1.00002
1.00008
1.00014
1.00042
1.00079
1.00235
1.00459
1.01282
1.02828
1.07073
1.17897
1.48895
2.0091
2.27312
2.3011
2.29716
2.28408
2.26429
2.24825
1
1
1
1
1
1.00001
1.00002
1.00005
1.0001
1.0003
1.00054
1.00166
1.0031
1.00894
1.01896
1.04769
1.12379
1.30099
1.73226
2.16044
2.27896
2.27719
2.26632
2.24708
2.22051
1
1
1
1
1
1
1.00001
1.00003
1.00008
1.00016
1.00047
1.00088
1.00257
1.00511
1.01408
1.03022
1.08108
1.18359
1.5807
1.94844
2.21123
2.25522
2.25384
2.2402
2.21565
1
1
1
1
1
1
1.00001
1.00002
1.00004
1.00013
1.00024
1.00072
1.00137
1.00383
1.00823
1.02047
1.05391
1.11813
1.34315
1.85409
2.09372
2.19226
2.21755
2.21628
2.20674
1
1
1
1
1
1
1.00001
1.00001
1.00004
1.00007
1.0002
1.00038
1.00113
1.00213
1.00605
1.01271
1.03218
1.08106
1.18937
1.48387
2.00579
2.16111
2.18098
2.18883
2.18307
1
1
1
1
1
1
1
1.00001
1.00002
1.00004
1.00014
1.00025
1.00075
1.00138
1.00409
1.0081
1.02134
1.05245
1.11845
1.33597
1.83233
2.08404
2.16285
2.16435
2.15859
1
1
1
1
1
1
1
1.00001
1.00001
1.00004
1.00007
1.0002
1.00037
1.00111
1.00209
1.00598
1.01231
1.03154
1.07694
1.18499
1.45881
1.95271
2.12339
2.14636
2.14486
1
1
1
1
1
1
1
1
1.00001
1.00002
1.00004
1.00013
1.00024
1.00073
1.00133
1.004
1.0077
1.02086
1.04877
1.11298
1.31155
1.78478
2.0286
2.12109
2.12944
1
1
1
1
1
1
1
1
1.00001
1.00001
1.00003
1.00006
1.00019
1.00035
1.00103
1.00195
1.00551
1.01148
1.02915
1.07241
1.16857
1.43415
1.92128
2.075
2.10109
1
1
1
1
1
1
1
1
1
1.00001
1.00002
1.00005
1.00009
1.00028
1.00051
1.00153
1.00291
1.00809
1.01733
1.04298
1.11017
1.25833
1.64228
1.98202
2.08666
1
1
1
1
1
1
1
1
1
1.00001
1.00001
1.00003
1.00006
1.00018
1.00032
1.00097
1.00176
1.00525
1.01008
1.02723
1.06256
1.14753
1.38276
1.82711
2.03076
1
1
1
1
1
1
1
1
1
1
1.00001
1.00002
1.00004
1.00011
1.00019
1.00059
1.00107
1.00318
1.00606
1.01676
1.03649
1.08911
1.22394
1.60162
1.89852
1
1
1
1
1
1
1
1
1
1
1
1.00001
1.00003
1.00005
1.00015
1.00028
1.00082
1.00154
1.00434
1.00901
1.02265
1.05754
1.12555
1.35328
1.79221
1
1
1
1
1
1
1
1
1
1
1
1.00001
1.00002
1.00003
1.0001
1.00018
1.00054
1.001
1.00297
1.00565
1.01587
1.03316
1.08662
1.19953
1.58339
1
1
1
1
1
1
1
1
1
1
1
1.00001
1.00001
1.00003
1.00005
1.00016
1.00029
1.00087
1.00166
1.00463
1.00986
1.02473
1.06426
1.14363
1.40418
1
1
1
1
1
1
1
1
1
1
1
1
1.00001
1.00002
1.00005
1.0001
1.0003
1.00056
1.00165
1.00333
1.00868
1.02137
1.04927
1.14318
1.32067
1
1
1
1
1
1
1
1
1
1
1
1
1.00001
1.00002
1.00005
1.00009
1.00027
1.00049
1.00145
1.00298
1.00777
1.01956
1.04519
1.13389
1.3047
1
1
1
1
1
1
1
1
1
1
1
1
1.00001
1.00002
1.00003
1.00011
1.0002
1.00061
1.00119
1.00336
1.00743
1.01885
1.05071
1.11601
1.33613
1
1
1
1
1
1
1
1
1
1
1
1
1.00001
1.00001
1.00004
1.00008
1.00023
1.00045
1.00123
1.00284
1.00685
1.01894
1.0419
1.1284
1.29074
1
1
1
1
1
1
1
1
1
1
1
1
1.00001
1.00002
1.00003
1.00011
1.0002
1.00062
1.00114
1.0035
1.00695
1.01919
1.04632
1.11148
1.31497
1
1
1
1
1
1
1
1
1
1
1
1
1.00001
1.00002
1.00003
1.0001
1.00019
1.0006
1.00111
1.00342
1.00676
1.01865
1.04513
1.10841
1.30704
1
1
1
1
1
1
1
1
1
1
1
1
1.00001
1.00001
1.00004
1.00008
1.00024
1.00044
1.00136
1.00265
1.00724
1.01707
1.04112
1.119
1.2725
1
1
1
1
1
1
1
1
1
1
1
1
1.00001
1.00001
1.00004
1.00008
1.00024
1.00044
1.00139
1.00258
1.00761
1.01626
1.04172
1.11355
1.26755
1
1
1
1
1
1
1
1
1
1
1
1
1.00001
1.00001
1.00004
1.00007
1.00023
1.00043
1.00132
1.00255
1.00713
1.01623
1.04005
1.11369
1.26196
1
1
1
1
1
1
1
1
1
1
1
1
1.00001
1.00002
1.00003
1.00009
1.00017
1.00053
1.00104
1.00289
1.00652
1.01618
1.04457
1.09975
1.29605
1
1
1
1
1
1
1
1
1
1
1
1
1.00001
1.00001
1.00004
1.00007
1.00023
1.00042
1.00131
1.00252
1.00708
1.01609
1.03975
1.11266
1.2598
2.43105
2.69479
2.88273
3.01349
3.08079
3.03515
3.01852
3.00763
2.99323
2.97492
2.95416
2.93685
2.91648
2.89754
2.87624
2.85761
2.83719
2.8189
2.80337
2.79645
2.79455
2.79474
2.80588
2.82359
2.84941
2.87699
2.9049
2.93102
2.95386
2.9741
2.99128
3.00278
3.01526
3.02257
3.03067
3.03616
3.03896
3.04064
3.04072
3.03901
3.03392
3.03177
3.02741
3.02459
3.01756
3.01152
3.00211
2.99663
2.98671
2.97901
2.97018
2.96194
2.95171
2.94303
2.93293
2.92394
2.91352
2.90354
2.89284
2.88254
2.87187
2.86142
2.85058
2.84002
2.8291
2.81861
2.80772
2.79727
2.78629
2.77589
2.7647
2.75444
2.74312
2.73291
2.72161
2.71127
2.70024
2.68969
2.67897
2.66837
2.65768
2.6473
2.6364
2.62634
2.61532
2.60542
2.59448
2.58458
2.57387
2.56398
2.55352
2.54387
2.53371
2.52459
2.515
2.50682
2.49854
2.49205
2.48662
2.4827
2.32108
2.45755
2.67125
2.90279
3.02998
3.11774
3.1571
3.18491
3.18993
3.18311
3.16836
3.16187
3.14748
3.13924
3.1217
3.10799
3.09081
3.07543
3.06096
3.05225
3.05073
3.05028
3.05816
3.06998
3.08598
3.09918
3.1072
3.11444
3.1189
3.12096
3.12133
3.12161
3.1172
3.10444
3.09488
3.08691
3.07491
3.06703
3.05249
3.0417
3.02912
3.0174
3.00661
2.99381
2.98175
2.97061
2.95827
2.94657
2.9345
2.92305
2.91115
2.89876
2.88643
2.87457
2.86263
2.85111
2.83917
2.82761
2.81533
2.80358
2.79107
2.77922
2.76661
2.75475
2.74204
2.73028
2.7172
2.70551
2.69203
2.68044
2.66682
2.65531
2.64192
2.63038
2.61744
2.60579
2.59323
2.58152
2.56911
2.55747
2.54508
2.53357
2.5213
2.50987
2.49795
2.4865
2.47509
2.46357
2.45269
2.44115
2.43069
2.41929
2.40925
2.39819
2.3888
2.37848
2.3703
2.36139
2.35616
2.35
2.28946
2.3072
2.41219
2.52665
2.68037
2.81765
2.97648
3.07633
3.1535
3.20295
3.22405
3.22434
3.25342
3.25783
3.25567
3.25059
3.24117
3.23664
3.22792
3.22471
3.22712
3.2279
3.23507
3.23847
3.24016
3.23687
3.22469
3.19868
3.17771
3.1558
3.13146
3.10611
3.0732
3.0443
3.01909
2.99329
2.96937
2.9474
2.92515
2.90468
2.88408
2.8654
2.84598
2.82915
2.81152
2.79602
2.77969
2.76554
2.75054
2.73801
2.72396
2.71192
2.69779
2.68656
2.67297
2.66237
2.64947
2.6396
2.6273
2.61772
2.60597
2.59672
2.5854
2.57634
2.56571
2.55692
2.54671
2.53756
2.52755
2.518
2.50842
2.49851
2.48949
2.47924
2.47065
2.46016
2.45176
2.44121
2.43288
2.42244
2.41424
2.40397
2.396
2.38586
2.37816
2.36811
2.36062
2.35073
2.34339
2.33385
2.32662
2.31764
2.31046
2.30223
2.2951
2.28782
2.28135
2.27577
2.27142
2.2688
2.29378
2.25371
2.27916
2.33159
2.40666
2.5019
2.60647
2.7406
2.86696
2.98929
3.09084
3.13031
3.17938
3.21874
3.25245
3.2713
3.2805
3.27677
3.26582
3.27328
3.28721
3.29498
3.29521
3.28682
3.2657
3.23612
3.19305
3.14946
3.10723
3.06516
3.02494
2.98656
2.94986
2.91752
2.8854
2.85728
2.82991
2.80534
2.78082
2.75941
2.7379
2.71911
2.69996
2.68354
2.66599
2.65108
2.63493
2.6212
2.60675
2.59479
2.58203
2.57038
2.5579
2.54644
2.53494
2.5241
2.5133
2.50285
2.49258
2.48265
2.47289
2.46317
2.45377
2.44442
2.43539
2.426
2.41719
2.40781
2.39941
2.39004
2.38196
2.37262
2.36465
2.35545
2.34734
2.33844
2.32998
2.32153
2.31261
2.30462
2.29528
2.28764
2.27803
2.27059
2.26091
2.25359
2.24392
2.23671
2.22706
2.21998
2.21032
2.20337
2.1938
2.18709
2.17808
2.17187
2.16413
2.159
2.15394
2.15137
2.29192
2.25172
2.22543
2.24349
2.2697
2.31699
2.37549
2.4447
2.53485
2.61975
2.73266
2.845
2.94679
3.03002
3.10123
3.15256
3.1888
3.21014
3.21761
3.22597
3.2297
3.22504
3.20966
3.18349
3.14085
3.09186
3.03493
2.98108
2.92946
2.8811
2.83683
2.7976
2.76348
2.73194
2.70369
2.6785
2.65604
2.63566
2.61695
2.59992
2.58439
2.57031
2.55762
2.54602
2.53503
2.52468
2.5146
2.50492
2.4958
2.48726
2.47931
2.47104
2.46278
2.45412
2.44608
2.43791
2.42992
2.42198
2.41384
2.40619
2.39791
2.39068
2.38239
2.37548
2.36717
2.3605
2.35228
2.34576
2.33767
2.33117
2.32315
2.31653
2.30853
2.30168
2.2937
2.28657
2.27864
2.27119
2.26336
2.2556
2.24786
2.23984
2.23221
2.22397
2.21642
2.20805
2.20055
2.19197
2.18445
2.17567
2.16822
2.15934
2.15209
2.14328
2.13641
2.12794
2.12188
2.11436
2.11019
2.10522
2.285
2.24194
2.21834
2.20056
2.20951
2.2245
2.25277
2.2856
2.33085
2.38233
2.44235
2.51428
2.59115
2.67497
2.75613
2.844
2.92333
2.99313
3.04951
3.08242
3.09385
3.08582
3.05773
3.00299
2.93845
2.86598
2.79585
2.735
2.68234
2.64201
2.60765
2.5803
2.55598
2.53559
2.51715
2.50271
2.48989
2.48001
2.47081
2.46321
2.45593
2.44971
2.44363
2.43843
2.43301
2.42818
2.42264
2.41757
2.41189
2.40719
2.40209
2.3973
2.39142
2.3855
2.37926
2.3732
2.36706
2.36068
2.35445
2.34768
2.3414
2.33426
2.32796
2.32038
2.31408
2.30601
2.29981
2.29133
2.28531
2.27658
2.2707
2.26188
2.25597
2.24717
2.24102
2.23236
2.2259
2.21745
2.21075
2.20251
2.19565
2.18759
2.18062
2.17266
2.16551
2.15757
2.15018
2.14232
2.13476
2.12709
2.11938
2.11198
2.10428
2.0972
2.08978
2.08311
2.0765
2.07068
2.06602
2.06271
2.28367
2.23538
2.20391
2.1861
2.17318
2.1762
2.18602
2.19991
2.2209
2.24661
2.27801
2.31531
2.3598
2.40853
2.46842
2.52584
2.59526
2.6564
2.71513
2.75847
2.78389
2.77865
2.74983
2.69179
2.62968
2.56236
2.50774
2.46225
2.43424
2.41783
2.4082
2.40163
2.39748
2.39331
2.39186
2.39081
2.39075
2.39051
2.39012
2.38916
2.38837
2.38678
2.3855
2.38295
2.38116
2.3778
2.37556
2.37125
2.36833
2.36331
2.36017
2.35474
2.35047
2.34373
2.33836
2.33154
2.32598
2.31927
2.31344
2.30669
2.30055
2.29368
2.28732
2.28035
2.27386
2.26682
2.26023
2.25318
2.24646
2.23944
2.23256
2.22558
2.2185
2.21156
2.20425
2.1973
2.18979
2.18277
2.17515
2.16801
2.16038
2.15309
2.1455
2.13801
2.1305
2.12286
2.11545
2.10769
2.10033
2.09248
2.08514
2.07722
2.06998
2.06209
2.05512
2.04745
2.04115
2.03423
2.02963
2.02524
2.28048
2.2348
2.19676
2.17358
2.15625
2.14749
2.1448
2.14925
2.15654
2.16746
2.18228
2.19969
2.22494
2.25095
2.28744
2.32557
2.37503
2.42061
2.47009
2.50767
2.53727
2.53586
2.51107
2.46971
2.41839
2.3727
2.33613
2.31126
2.29878
2.29322
2.29862
2.30583
2.31362
2.31872
2.32369
2.32637
2.32876
2.32922
2.32911
2.32858
2.32739
2.32584
2.32374
2.32192
2.31932
2.31697
2.31329
2.30985
2.30497
2.30098
2.29605
2.2923
2.287
2.28221
2.27597
2.27065
2.26445
2.25914
2.25298
2.24744
2.24102
2.23502
2.22825
2.22181
2.21487
2.20817
2.2013
2.1945
2.18784
2.18101
2.1745
2.16758
2.16106
2.15403
2.14737
2.14024
2.13345
2.12633
2.11948
2.11244
2.10552
2.09854
2.09156
2.08468
2.07766
2.07084
2.06378
2.05702
2.04999
2.04332
2.03637
2.02979
2.02296
2.0165
2.00988
2.00359
1.99749
1.99177
1.9871
1.98382
2.27147
2.2314
2.19364
2.16485
2.14518
2.12987
2.12296
2.11678
2.11745
2.11987
2.12585
2.13203
2.14591
2.15833
2.18455
2.20945
2.24773
2.28297
2.32509
2.36715
2.39284
2.39323
2.37214
2.33777
2.29972
2.26298
2.23308
2.21616
2.20243
2.19823
2.20002
2.20927
2.2214
2.2326
2.24207
2.24775
2.25243
2.25431
2.25666
2.25744
2.25885
2.25941
2.25972
2.25957
2.25906
2.25796
2.25635
2.25409
2.25167
2.24863
2.24593
2.24307
2.24022
2.23669
2.23264
2.22829
2.22369
2.21907
2.21411
2.20915
2.20385
2.19839
2.19275
2.18683
2.18101
2.17483
2.16898
2.16271
2.1568
2.15043
2.14427
2.13772
2.1312
2.12446
2.11763
2.1108
2.10377
2.09687
2.08972
2.08275
2.07566
2.06864
2.06164
2.05451
2.04758
2.04036
2.03343
2.02616
2.01922
2.01194
2.00499
1.99772
1.99087
1.98361
1.977
1.96986
1.96377
1.95711
1.95236
1.94808
2.26882
2.22733
2.19047
2.15847
2.13529
2.11633
2.10525
2.0953
2.09199
2.08726
2.08813
2.09074
2.09709
2.10713
2.12504
2.15062
2.17752
2.2146
2.25841
2.30341
2.32472
2.3199
2.30131
2.27062
2.23798
2.19941
2.17333
2.15222
2.14362
2.13525
2.1354
2.13888
2.14977
2.16374
2.17804
2.19001
2.19917
2.20641
2.2114
2.21578
2.21836
2.22113
2.22195
2.22361
2.22357
2.22331
2.2227
2.22137
2.21981
2.21754
2.21531
2.21289
2.21063
2.20762
2.20428
2.20008
2.19601
2.19129
2.18678
2.18152
2.17652
2.17082
2.16553
2.1596
2.15424
2.14824
2.14284
2.13676
2.13129
2.1251
2.11946
2.1131
2.10719
2.10066
2.09453
2.08789
2.08162
2.07493
2.06869
2.062
2.05578
2.04904
2.04279
2.03598
2.02967
2.02279
2.01641
2.00948
2.00303
1.99606
1.98958
1.98258
1.97615
1.96912
1.96286
1.95588
1.95003
1.94347
1.93876
1.93456
2.26675
2.22623
2.19016
2.15611
2.13033
2.10712
2.09214
2.07916
2.07144
2.06588
2.0621
2.06215
2.06657
2.07855
2.09549
2.11881
2.14803
2.19082
2.24584
2.28354
2.29489
2.28595
2.26425
2.23925
2.19903
2.16551
2.13565
2.11637
2.10144
2.09452
2.08806
2.08759
2.09008
2.09823
2.10999
2.12486
2.1391
2.15097
2.16004
2.16648
2.17108
2.17433
2.17631
2.17813
2.1785
2.17923
2.17904
2.17854
2.17771
2.17643
2.17475
2.17302
2.17108
2.16897
2.16597
2.16246
2.15819
2.15391
2.14914
2.14442
2.13935
2.13426
2.12907
2.12377
2.11852
2.11303
2.1077
2.10197
2.09638
2.09034
2.08441
2.0781
2.07188
2.06544
2.05904
2.05256
2.04616
2.03975
2.03341
2.02702
2.02071
2.0143
2.00797
2.00154
1.99516
1.98872
1.98229
1.97586
1.9694
1.96301
1.95657
1.95024
1.94389
1.93764
1.93147
1.92539
1.91958
1.91399
1.90921
1.90603
2.25789
2.22339
2.1893
2.15567
2.12798
2.10331
2.08392
2.06831
2.05685
2.04875
2.04481
2.04311
2.04982
2.06387
2.08439
2.10831
2.14919
2.20396
2.25898
2.28273
2.28142
2.26969
2.24726
2.2144
2.17805
2.14494
2.11797
2.09437
2.07814
2.06442
2.05748
2.05156
2.05038
2.05148
2.05696
2.06763
2.08245
2.09786
2.11185
2.12366
2.13256
2.1393
2.14351
2.14666
2.14832
2.15001
2.15061
2.15138
2.15118
2.15071
2.1497
2.14836
2.14671
2.14514
2.14282
2.14006
2.13648
2.13274
2.12874
2.12458
2.12033
2.11578
2.11122
2.10624
2.10131
2.09591
2.09061
2.08488
2.07929
2.07331
2.06748
2.06128
2.05525
2.04888
2.04277
2.0364
2.03031
2.02391
2.0178
2.01134
2.00516
1.99859
1.99231
1.98564
1.97929
1.97256
1.96617
1.95939
1.953
1.94616
1.9398
1.93288
1.9266
1.91962
1.91351
1.90655
1.90076
1.89419
1.88937
1.88511
2.23995
2.2128
2.18537
2.15431
2.12712
2.10129
2.08118
2.06195
2.04939
2.0373
2.03332
2.0337
2.04462
2.05878
2.08245
2.11684
2.1725
2.23869
2.27771
2.28489
2.27815
2.26065
2.23347
2.19869
2.16469
2.13503
2.10772
2.08489
2.06459
2.04909
2.03637
2.02818
2.02313
2.02057
2.02064
2.02386
2.03213
2.04495
2.0606
2.07612
2.08969
2.1001
2.10765
2.11251
2.11606
2.11793
2.1196
2.12024
2.12092
2.12063
2.12
2.11884
2.11738
2.1158
2.11412
2.11183
2.109
2.10546
2.10178
2.09765
2.09347
2.08881
2.08426
2.07925
2.07449
2.06923
2.06425
2.05871
2.05343
2.04759
2.04204
2.03595
2.03019
2.02402
2.01823
2.01208
2.00626
2.00014
1.99429
1.98817
1.98225
1.97608
1.97008
1.96385
1.95779
1.95151
1.94545
1.93917
1.93313
1.92687
1.92089
1.91463
1.90872
1.90247
1.89669
1.8905
1.88496
1.87916
1.87445
1.87094
2.23253
2.2007
2.17439
2.1474
2.12395
2.09914
2.07953
2.06034
2.04686
2.03625
2.0317
2.03708
2.05036
2.06783
2.10019
2.15322
2.22174
2.27169
2.28795
2.28498
2.27434
2.25473
2.22155
2.18853
2.15845
2.13084
2.1052
2.08272
2.0615
2.04401
2.02775
2.01633
2.00666
2.00177
1.99784
1.99685
1.99774
2.00282
2.01202
2.0263
2.04111
2.05533
2.06699
2.07612
2.08253
2.087
2.08982
2.09182
2.09268
2.0935
2.09322
2.0927
2.09157
2.09044
2.08882
2.08727
2.08484
2.08206
2.07856
2.07502
2.07108
2.0671
2.06288
2.05856
2.05404
2.04934
2.04443
2.03929
2.03394
2.02835
2.02259
2.01665
2.01068
2.00466
1.99865
1.99266
1.98666
1.9807
1.97466
1.96866
1.96252
1.95643
1.95019
1.94403
1.93773
1.93152
1.92523
1.919
1.91279
1.90655
1.90045
1.89419
1.88824
1.88195
1.87616
1.86988
1.86435
1.85842
1.8537
1.84998
2.22567
2.19676
2.16939
2.14167
2.11726
2.09415
2.07458
2.05813
2.04433
2.03795
2.03994
2.05084
2.06751
2.09577
2.14391
2.21344
2.269
2.29407
2.29426
2.28711
2.27009
2.24485
2.21399
2.18528
2.1585
2.13286
2.10985
2.08681
2.06642
2.04667
2.02933
2.01346
1.9996
1.98813
1.98079
1.97579
1.9735
1.97238
1.97423
1.98073
1.99077
2.00455
2.01887
2.03229
2.04385
2.05251
2.05905
2.06276
2.06554
2.06649
2.0673
2.06701
2.06638
2.06551
2.06438
2.06333
2.06183
2.05985
2.05715
2.05405
2.05067
2.04703
2.04321
2.03913
2.03491
2.03037
2.02571
2.02068
2.01555
2.01007
2.00456
1.99881
1.99313
1.98726
1.98151
1.97562
1.96988
1.96403
1.95829
1.95242
1.94662
1.94067
1.93476
1.92866
1.92266
1.91642
1.91036
1.90402
1.89797
1.89159
1.88561
1.87922
1.87337
1.86698
1.86131
1.85494
1.84955
1.84349
1.83888
1.83494
2.20423
2.18527
2.1635
2.13863
2.11505
2.09244
2.07278
2.05741
2.04733
2.04713
2.05561
2.07218
2.09733
2.14325
2.20962
2.27053
2.30064
2.30452
2.29926
2.28559
2.26371
2.23634
2.21058
2.18542
2.16184
2.13788
2.11567
2.09262
2.07212
2.05047
2.03216
2.01293
1.99761
1.98232
1.97059
1.96091
1.95493
1.9515
1.94961
1.94881
1.95187
1.95971
1.97221
1.98657
2.00148
2.01467
2.02521
2.03323
2.03804
2.04165
2.04278
2.04392
2.04359
2.04295
2.04214
2.04114
2.04034
2.03892
2.03713
2.0344
2.0315
2.02803
2.02449
2.02043
2.01636
2.0118
2.00731
2.00229
1.99738
1.99193
1.98673
1.98104
1.9757
1.9699
1.96449
1.95868
1.95323
1.94742
1.9419
1.93606
1.93045
1.92453
1.91884
1.91283
1.90709
1.90101
1.89526
1.88911
1.88339
1.87716
1.87148
1.86517
1.85958
1.85317
1.84776
1.84135
1.83621
1.83013
1.82576
1.82174
2.19105
2.16934
2.14948
2.12981
2.11087
2.0911
2.07425
2.06133
2.05731
2.06416
2.07895
2.10209
2.14671
2.21133
2.27344
2.30623
2.3126
2.30849
2.29694
2.27787
2.25402
2.23026
2.20778
2.18499
2.16363
2.14116
2.11985
2.09755
2.07627
2.05482
2.03482
2.01512
1.9977
1.9808
1.9671
1.95405
1.94485
1.93631
1.93186
1.92793
1.92665
1.92665
1.93106
1.94072
1.95366
1.96864
1.98281
1.99543
2.00509
2.01175
2.01615
2.01791
2.0193
2.01896
2.01844
2.01746
2.01691
2.01579
2.01457
2.0122
2.00972
2.00642
2.00321
1.99926
1.99548
1.991
1.98674
1.98177
1.97708
1.97171
1.96675
1.96111
1.956
1.95024
1.94508
1.93932
1.93415
1.92842
1.9232
1.91747
1.91218
1.90642
1.90107
1.89527
1.88988
1.88405
1.87865
1.87281
1.86744
1.8616
1.85632
1.85043
1.84527
1.83928
1.83428
1.82822
1.82346
1.81765
1.8136
1.80972
2.18576
2.16171
2.14125
2.11951
2.10164
2.08625
2.07482
2.07129
2.07679
2.09119
2.11291
2.15502
2.21738
2.27943
2.31175
2.31862
2.31506
2.30488
2.28819
2.26639
2.24562
2.22496
2.20565
2.18565
2.16615
2.14556
2.12456
2.10305
2.08135
2.06064
2.03978
2.02061
2.00155
1.98444
1.96784
1.95317
1.93943
1.92773
1.91872
1.91131
1.90753
1.90342
1.90345
1.90441
1.91116
1.92162
1.93607
1.95067
1.96504
1.97645
1.98532
1.99074
1.99413
1.99559
1.99574
1.99525
1.99459
1.99356
1.99257
1.9907
1.98858
1.98557
1.98259
1.9788
1.97511
1.97067
1.96645
1.96149
1.95686
1.95153
1.94664
1.94104
1.93598
1.93025
1.92512
1.91938
1.91423
1.90857
1.90345
1.89788
1.89277
1.88724
1.88209
1.87656
1.87136
1.86582
1.8606
1.85508
1.84989
1.84437
1.83929
1.83375
1.82886
1.82329
1.81864
1.8131
1.80877
1.80359
1.79999
1.79669
2.17395
2.15561
2.13631
2.11745
2.09897
2.08638
2.08165
2.08715
2.10246
2.12515
2.16773
2.22902
2.28961
2.32134
2.32813
2.32467
2.31508
2.29844
2.27873
2.25975
2.24207
2.22457
2.20695
2.1888
2.16966
2.14953
2.12862
2.10786
2.08659
2.06624
2.04522
2.02591
2.00581
1.98806
1.96944
1.95368
1.93718
1.92413
1.91089
1.90151
1.89287
1.88806
1.88358
1.8817
1.88202
1.88454
1.89285
1.90548
1.91981
1.93468
1.94747
1.95791
1.9649
1.96963
1.9716
1.97274
1.9722
1.97121
1.97043
1.96899
1.96737
1.96479
1.96206
1.95856
1.95499
1.95071
1.94644
1.94159
1.93697
1.93176
1.9269
1.92144
1.91648
1.91091
1.90592
1.90035
1.89532
1.88981
1.88473
1.87929
1.87415
1.86878
1.86358
1.85824
1.85301
1.8477
1.84249
1.83722
1.83212
1.82688
1.82196
1.81673
1.81206
1.80685
1.80249
1.79744
1.79351
1.78901
1.78596
1.78331
2.15226
2.13939
2.12812
2.11368
2.1035
2.09427
2.09948
2.11278
2.13679
2.17841
2.24013
2.29859
2.32895
2.3349
2.33139
2.32118
2.30503
2.28595
2.26911
2.25319
2.23776
2.22203
2.20547
2.18835
2.16957
2.15056
2.13022
2.11025
2.08923
2.06917
2.04817
2.02873
2.00862
1.99036
1.97154
1.95489
1.93774
1.92323
1.90862
1.89676
1.88519
1.87703
1.86977
1.86574
1.86127
1.86087
1.8612
1.86498
1.87418
1.88683
1.90103
1.91499
1.92708
1.93638
1.94259
1.94594
1.94744
1.9471
1.94629
1.94527
1.94409
1.94212
1.9396
1.93653
1.93311
1.92934
1.9253
1.92101
1.91663
1.91197
1.90731
1.90234
1.89748
1.89233
1.88737
1.88211
1.8771
1.87179
1.86675
1.86144
1.8564
1.85112
1.84609
1.84087
1.83583
1.83064
1.8256
1.82044
1.81545
1.81037
1.80554
1.80058
1.79603
1.7912
1.78707
1.78253
1.77902
1.77522
1.77289
1.7708
2.13384
2.12247
2.10908
2.10275
2.1034
2.11264
2.12741
2.1537
2.19463
2.25741
2.31168
2.34017
2.34348
2.33934
2.32802
2.30921
2.29082
2.27456
2.26034
2.24681
2.2329
2.21869
2.20287
2.18641
2.16818
2.1498
2.13007
2.11084
2.09073
2.07143
2.05163
2.03264
2.01349
1.99503
1.97677
1.95909
1.94193
1.92543
1.90963
1.89516
1.88167
1.86987
1.85971
1.85152
1.84502
1.84034
1.83614
1.83593
1.83642
1.84165
1.85167
1.86486
1.87907
1.89267
1.90378
1.91187
1.91686
1.91906
1.91964
1.91878
1.91804
1.91679
1.91512
1.91252
1.90974
1.90641
1.90304
1.89913
1.89525
1.89084
1.88662
1.88188
1.87747
1.87254
1.86797
1.86294
1.85821
1.85316
1.84831
1.84333
1.83841
1.83354
1.82859
1.82382
1.81887
1.81415
1.80924
1.80452
1.79974
1.79498
1.79045
1.78565
1.78151
1.77683
1.77327
1.76904
1.7664
1.76327
1.76203
1.7603
2.12559
2.11661
2.10617
2.10206
2.1136
2.13086
2.16456
2.21091
2.27704
2.32757
2.35258
2.3533
2.34873
2.33576
2.31543
2.2972
2.28209
2.26921
2.25671
2.2446
2.23115
2.21743
2.20186
2.1858
2.16839
2.15062
2.13218
2.11343
2.0943
2.07506
2.05574
2.03638
2.01737
1.9981
1.97975
1.96095
1.94346
1.92549
1.90951
1.89267
1.87851
1.86344
1.85145
1.83936
1.8304
1.82215
1.8162
1.811
1.80814
1.80788
1.80969
1.81643
1.82791
1.84161
1.85604
1.86883
1.87914
1.88602
1.89006
1.89167
1.89151
1.89095
1.88976
1.88822
1.88545
1.88276
1.87943
1.87619
1.87244
1.86863
1.86458
1.86035
1.85618
1.8517
1.84742
1.84274
1.8383
1.83349
1.82894
1.82414
1.81952
1.81483
1.81019
1.80564
1.80103
1.79661
1.79209
1.7878
1.78342
1.7792
1.77511
1.77092
1.76733
1.76333
1.76054
1.75727
1.7557
1.75373
1.75323
1.75203
2.10475
2.10338
2.10381
2.11179
2.13238
2.1694
2.22182
2.29207
2.3428
2.36817
2.36848
2.36184
2.34434
2.32304
2.30369
2.28832
2.27594
2.26525
2.25422
2.24302
2.23043
2.21702
2.20203
2.18607
2.16912
2.15141
2.13327
2.11455
2.09567
2.07638
2.05719
2.0376
2.01858
1.99898
1.98056
1.96131
1.9436
1.92511
1.90816
1.89059
1.8749
1.85853
1.84476
1.83025
1.81903
1.8073
1.79961
1.79122
1.78602
1.78116
1.78035
1.7805
1.78393
1.79251
1.80515
1.81911
1.83333
1.84532
1.85478
1.86045
1.86353
1.8641
1.86363
1.86267
1.86142
1.85893
1.85621
1.85292
1.84962
1.84585
1.84211
1.838
1.83395
1.82962
1.82544
1.82099
1.81675
1.81223
1.80794
1.80344
1.79915
1.7947
1.79047
1.7861
1.78198
1.77773
1.77384
1.76969
1.76621
1.76219
1.75913
1.75544
1.7529
1.74986
1.74828
1.74651
1.74616
1.74576
1.74685
1.74656
2.09645
2.10126
2.11121
2.13271
2.17187
2.22724
2.29851
2.34813
2.36569
2.36732
2.36049
2.34421
2.32274
2.30469
2.28957
2.27781
2.26697
2.25669
2.24592
2.23472
2.22276
2.20953
2.19584
2.18025
2.16479
2.14742
2.1304
2.11184
2.09361
2.07421
2.05535
2.03556
2.01668
1.99704
1.97832
1.95917
1.94053
1.92205
1.90365
1.88603
1.8684
1.85212
1.83609
1.82157
1.80797
1.79579
1.78505
1.77578
1.76839
1.76174
1.757
1.75417
1.75438
1.75583
1.76176
1.77182
1.78562
1.80045
1.81445
1.82587
1.83369
1.83828
1.83967
1.83944
1.83875
1.83723
1.83496
1.83187
1.82856
1.82488
1.82129
1.81723
1.81344
1.80907
1.80513
1.80056
1.7965
1.79185
1.78768
1.78304
1.77883
1.7743
1.77016
1.76578
1.76179
1.75756
1.75383
1.74991
1.74655
1.74323
1.74046
1.73793
1.73628
1.73501
1.73502
1.73529
1.73657
1.73861
1.7427
1.74344
2.08936
2.10712
2.13173
2.1792
2.25152
2.31726
2.36158
2.37615
2.37398
2.36301
2.34195
2.3197
2.30102
2.28653
2.27583
2.26602
2.25728
2.24719
2.23708
2.22533
2.21358
2.20029
2.18679
2.17174
2.15596
2.13939
2.12162
2.10404
2.08499
2.06676
2.04718
2.0286
2.00901
1.9902
1.97088
1.95205
1.93321
1.91489
1.89681
1.87953
1.86263
1.84679
1.8313
1.81713
1.80316
1.79079
1.77846
1.76847
1.75833
1.75153
1.74393
1.73952
1.73486
1.73492
1.73543
1.73854
1.74614
1.75794
1.77165
1.78672
1.79915
1.80963
1.81542
1.81887
1.81886
1.81836
1.81725
1.815
1.81198
1.80843
1.80498
1.80091
1.79721
1.7928
1.78886
1.78437
1.78019
1.77577
1.77148
1.76713
1.76285
1.75857
1.75435
1.7502
1.74608
1.7421
1.73808
1.7346
1.73075
1.72812
1.7251
1.72354
1.72234
1.7225
1.723
1.72503
1.7283
1.73262
1.74021
1.74488
2.06396
2.12174
2.18466
2.27238
2.34357
2.38061
2.38522
2.37978
2.3635
2.33955
2.31755
2.29922
2.28483
2.27385
2.26482
2.25611
2.24727
2.23755
2.22675
2.21485
2.20188
2.18823
2.1737
2.15896
2.14337
2.12759
2.11089
2.09409
2.07642
2.05859
2.04008
2.02158
2.00286
1.98422
1.96566
1.94735
1.92935
1.91165
1.89438
1.87771
1.86151
1.84587
1.8307
1.81617
1.80205
1.78868
1.77587
1.764
1.75305
1.7435
1.73497
1.72854
1.72195
1.71733
1.71499
1.71523
1.71667
1.72113
1.73028
1.74325
1.7577
1.77208
1.78395
1.79232
1.79724
1.79841
1.79805
1.79716
1.79519
1.79235
1.78898
1.78528
1.7816
1.77777
1.77391
1.76994
1.76601
1.76184
1.75783
1.75359
1.74954
1.74536
1.74136
1.73739
1.73343
1.72995
1.72608
1.72312
1.71989
1.71761
1.71574
1.71514
1.71525
1.71621
1.71874
1.72202
1.72839
1.7374
1.75181
1.7604
2.02448
2.15784
2.29652
2.38146
2.4119
2.40929
2.39496
2.3712
2.34115
2.3172
2.29774
2.28225
2.27039
2.26046
2.25165
2.24283
2.23383
2.224
2.21341
2.2018
2.18958
2.17657
2.16307
2.14892
2.13387
2.11828
2.10164
2.08469
2.06697
2.0494
2.03156
2.01385
1.99629
1.9787
1.96158
1.94431
1.92742
1.91047
1.89396
1.87755
1.86162
1.84592
1.8309
1.81605
1.80186
1.78806
1.77496
1.76238
1.75084
1.73975
1.73021
1.72119
1.71428
1.70767
1.70272
1.69898
1.69874
1.6996
1.70234
1.7086
1.71898
1.73252
1.7473
1.76039
1.77114
1.77747
1.78082
1.78071
1.7799
1.77831
1.77551
1.77216
1.7683
1.76462
1.76064
1.75666
1.75273
1.74846
1.74467
1.74018
1.73665
1.7322
1.72895
1.72482
1.72179
1.71825
1.7157
1.71295
1.71139
1.71003
1.71021
1.71068
1.71249
1.71509
1.71968
1.7275
1.73955
1.75486
1.77406
1.78489
1.92138
2.23783
2.43518
2.47881
2.46349
2.44471
2.40362
2.36669
2.33699
2.31528
2.29917
2.28624
2.27465
2.26349
2.25308
2.24236
2.23132
2.21982
2.20799
2.19555
2.18241
2.16867
2.15422
2.13964
2.12453
2.10953
2.09387
2.07824
2.06207
2.04566
2.02913
2.01215
1.99549
1.97828
1.96172
1.94459
1.92831
1.91174
1.89577
1.87986
1.8643
1.84899
1.83402
1.81924
1.80515
1.79127
1.77826
1.76566
1.75387
1.74267
1.73228
1.72263
1.71412
1.70626
1.69966
1.69351
1.68886
1.68692
1.6874
1.68947
1.69396
1.7014
1.7134
1.7277
1.74178
1.75421
1.76261
1.76749
1.7681
1.7674
1.76541
1.76343
1.7595
1.75598
1.75143
1.74767
1.74327
1.7392
1.73506
1.73077
1.7268
1.72262
1.71881
1.7151
1.71175
1.70868
1.70647
1.70454
1.70439
1.70491
1.70601
1.70814
1.71249
1.71891
1.72913
1.74381
1.76197
1.78077
1.80077
1.81043
1.99336
2.34511
2.56969
2.52311
2.49573
2.4497
2.40739
2.37085
2.34373
2.32323
2.30885
2.29638
2.28389
2.27061
2.25705
2.24346
2.23043
2.21765
2.20496
2.19214
2.17878
2.16513
2.15071
2.13631
2.12117
2.10621
2.09043
2.0748
2.05856
2.04241
2.02607
2.00973
1.99354
1.97727
1.96138
1.94534
1.92973
1.91408
1.89863
1.88352
1.86817
1.85366
1.83874
1.82491
1.81095
1.79791
1.78515
1.77288
1.76127
1.74969
1.73931
1.72862
1.71982
1.71055
1.70381
1.69635
1.69096
1.68562
1.68295
1.6819
1.68345
1.686
1.6915
1.69992
1.714
1.72807
1.74205
1.75206
1.75861
1.76089
1.76069
1.7591
1.75651
1.75371
1.74933
1.74525
1.7408
1.73658
1.73238
1.72812
1.72417
1.72002
1.71633
1.71274
1.70951
1.70716
1.70512
1.70493
1.70528
1.70617
1.70864
1.71379
1.72272
1.73506
1.75203
1.77064
1.79125
1.80894
1.82495
1.83114
1.85206
2.54446
2.71425
2.63629
2.57203
2.49694
2.44476
2.40812
2.37967
2.35821
2.34068
2.32445
2.3092
2.29423
2.27936
2.26408
2.24932
2.23486
2.22015
2.20534
2.1899
2.17483
2.15891
2.14356
2.12735
2.11181
2.09559
2.07982
2.06356
2.04778
2.03171
2.01614
2.00041
1.98505
1.96969
1.95443
1.93946
1.92433
1.90969
1.89494
1.88069
1.86662
1.85304
1.83973
1.82702
1.81427
1.80224
1.79
1.77849
1.767
1.75614
1.74577
1.73577
1.7268
1.71788
1.7106
1.70271
1.69685
1.68974
1.68647
1.68323
1.68366
1.68522
1.68863
1.69432
1.70591
1.71959
1.73533
1.74659
1.75547
1.75882
1.76006
1.75821
1.75628
1.75316
1.74947
1.74461
1.7399
1.73515
1.73049
1.7262
1.7218
1.71814
1.71454
1.71197
1.7101
1.70971
1.71003
1.71124
1.71479
1.72212
1.73152
1.74763
1.76465
1.78555
1.80402
1.82186
1.83372
1.84332
1.84553
1.84131
2.58789
2.78074
2.7374
2.65906
2.59651
2.54562
2.50296
2.46725
2.43625
2.40912
2.38419
2.36181
2.33961
2.31861
2.29882
2.28058
2.26339
2.24688
2.23121
2.21543
2.19982
2.18358
2.16695
2.14995
2.13244
2.11558
2.09835
2.08225
2.06561
2.05025
2.03424
2.01945
2.00385
1.98949
1.97404
1.96013
1.94488
1.93156
1.91694
1.90424
1.8906
1.87839
1.86557
1.85366
1.84115
1.82947
1.81721
1.8059
1.79414
1.78336
1.77235
1.76196
1.75191
1.74165
1.73261
1.72294
1.71492
1.70596
1.69914
1.69225
1.68916
1.68633
1.68761
1.6897
1.69402
1.70309
1.71541
1.73211
1.74441
1.75597
1.76028
1.76375
1.76284
1.76113
1.75871
1.75569
1.75155
1.74713
1.74252
1.73857
1.73415
1.73107
1.72777
1.72616
1.72472
1.7245
1.72589
1.73073
1.73734
1.75055
1.76622
1.7856
1.80513
1.82325
1.838
1.84843
1.8545
1.85789
1.85736
1.96328
2.55413
2.77801
2.75276
2.69647
2.65115
2.61332
2.58024
2.54955
2.5195
2.49206
2.46586
2.44066
2.41588
2.39135
2.36748
2.34391
2.32186
2.30128
2.28159
2.26277
2.24348
2.22525
2.2058
2.18813
2.16872
2.15172
2.13302
2.11714
2.0996
2.08464
2.06821
2.05375
2.03809
2.02379
2.00869
1.99468
1.98033
1.96705
1.95376
1.94104
1.92876
1.91609
1.90445
1.89137
1.87967
1.86666
1.85499
1.84262
1.83122
1.81932
1.80814
1.79656
1.78509
1.77382
1.76197
1.75094
1.7394
1.72936
1.7183
1.70992
1.70063
1.69593
1.69088
1.69115
1.69218
1.69536
1.70143
1.71459
1.72843
1.74456
1.75593
1.76364
1.76787
1.76794
1.76673
1.76462
1.76161
1.75909
1.75438
1.75166
1.7483
1.74678
1.74517
1.74488
1.74516
1.74769
1.75342
1.76282
1.77679
1.79369
1.81311
1.8313
1.84754
1.85938
1.8676
1.87216
1.87389
1.8749
1.87293
1.80166
2.60335
2.78402
2.7637
2.72122
2.6891
2.66585
2.64459
2.62292
2.59951
2.57427
2.54858
2.52127
2.49424
2.4664
2.43917
2.41224
2.38631
2.36147
2.33747
2.31466
2.29237
2.27134
2.25067
2.2312
2.21218
2.19414
2.17691
2.16044
2.14505
2.12951
2.11503
2.09954
2.08534
2.0698
2.05595
2.04096
2.02779
2.01394
2.00134
1.98842
1.97607
1.964
1.95163
1.93963
1.92675
1.91585
1.90332
1.89277
1.87953
1.86785
1.85366
1.84019
1.82513
1.81036
1.79489
1.78031
1.76559
1.75188
1.73879
1.72644
1.71594
1.70653
1.70025
1.69578
1.69543
1.69681
1.70018
1.70627
1.71926
1.73361
1.75215
1.76381
1.776
1.779
1.78324
1.78152
1.78016
1.7774
1.77516
1.7725
1.77114
1.77043
1.77109
1.77283
1.77753
1.7864
1.80001
1.81604
1.8359
1.85459
1.87268
1.88625
1.89624
1.9017
1.90436
1.90436
1.90321
1.90255
1.89884
1.9107
2.55173
2.77426
2.75774
2.72059
2.69701
2.68129
2.67131
2.65924
2.64466
2.62463
2.60151
2.57513
2.5469
2.51806
2.48852
2.45992
2.43165
2.40493
2.37915
2.35524
2.33245
2.31171
2.29211
2.2743
2.25764
2.24201
2.22706
2.21215
2.19765
2.18248
2.16772
2.15227
2.13765
2.12285
2.10922
2.09604
2.08343
2.0714
2.05971
2.04866
2.03704
2.02534
2.01274
2.00017
1.98609
1.97076
1.95413
1.93634
1.91844
1.89931
1.8812
1.8619
1.84467
1.82647
1.81044
1.7938
1.77915
1.76442
1.75198
1.73973
1.72982
1.72058
1.7139
1.7087
1.70658
1.70753
1.70997
1.71389
1.72139
1.73309
1.75052
1.76898
1.78492
1.79847
1.80499
1.81037
1.81082
1.81064
1.81002
1.81002
1.81072
1.81222
1.81548
1.82329
1.83411
1.85023
1.86952
1.89061
1.91002
1.92696
1.93902
1.94657
1.95049
1.9503
1.94906
1.9467
1.94171
1.93925
1.93109
1.88795
2.55329
2.76998
2.75304
2.71546
2.69514
2.6843
2.67824
2.67194
2.66249
2.64977
2.63103
2.61023
2.58495
2.55929
2.53217
2.5056
2.47974
2.45504
2.4319
2.4104
2.39047
2.37212
2.35496
2.33871
2.32306
2.30756
2.29221
2.2767
2.26119
2.24605
2.23116
2.21705
2.20346
2.19064
2.17801
2.16565
2.15294
2.13973
2.12526
2.1097
2.09284
2.07482
2.0559
2.03602
2.01595
1.99471
1.97396
1.95194
1.93164
1.91004
1.89083
1.871
1.85291
1.83562
1.81901
1.80464
1.79019
1.77849
1.76647
1.75721
1.74739
1.74001
1.73237
1.72723
1.72261
1.72095
1.72203
1.72507
1.72924
1.73554
1.74842
1.76583
1.78551
1.80396
1.81942
1.82981
1.83689
1.84078
1.84428
1.84714
1.85182
1.85734
1.86676
1.87965
1.89816
1.91752
1.93975
1.95741
1.97342
1.98241
1.98874
1.98993
1.98909
1.98725
1.98252
1.97964
1.97361
1.97062
1.96154
1.74742
2.60338
2.77016
2.74798
2.70905
2.68927
2.68265
2.68054
2.67786
2.67319
2.66412
2.64683
2.62675
2.60309
2.57873
2.55469
2.53099
2.50977
2.48891
2.47071
2.45242
2.43577
2.41873
2.40222
2.38532
2.36844
2.35142
2.33469
2.31829
2.30265
2.28773
2.27376
2.26031
2.2473
2.23407
2.22048
2.20597
2.19047
2.17379
2.15581
2.13653
2.11628
2.09497
2.07339
2.05118
2.0294
2.00762
1.98668
1.96649
1.94706
1.92924
1.91162
1.89625
1.88068
1.86724
1.85376
1.84124
1.82941
1.8176
1.80678
1.79559
1.78529
1.7752
1.76604
1.75745
1.75088
1.7452
1.74285
1.74366
1.74701
1.75071
1.75699
1.77025
1.78718
1.80806
1.82723
1.84433
1.85754
1.86681
1.87436
1.8819
1.8898
1.90086
1.91565
1.9339
1.95373
1.97299
1.98884
2.00118
2.00769
2.01126
2.01095
2.00964
2.00687
2.0036
1.99877
1.99583
1.99078
1.98848
1.98196
1.73275
2.6068
2.77277
2.74552
2.71325
2.68981
2.68499
2.68541
2.68489
2.68265
2.67633
2.66043
2.63523
2.61012
2.58466
2.56228
2.54097
2.52258
2.50472
2.48862
2.47204
2.45598
2.43883
2.42155
2.40365
2.38582
2.36836
2.35154
2.3359
2.32097
2.30738
2.29392
2.28132
2.2681
2.25467
2.24012
2.22452
2.20797
2.19001
2.17147
2.15164
2.13165
2.11103
2.09053
2.07018
2.05005
2.03084
2.01182
1.99413
1.97644
1.96022
1.9437
1.92868
1.91294
1.89875
1.88357
1.86979
1.85532
1.84177
1.8282
1.8153
1.80282
1.79113
1.78022
1.77019
1.76171
1.75422
1.74894
1.74587
1.74663
1.74968
1.75268
1.75878
1.77203
1.78896
1.8118
1.83434
1.85501
1.87348
1.88824
1.90391
1.91866
1.93741
1.95623
1.97644
1.9937
2.00788
2.017
2.02204
2.02374
2.02318
2.02155
2.0197
2.01669
2.0148
2.0119
2.00998
2.00781
2.00707
2.00439
1.72672
2.60082
2.77027
2.74009
2.71357
2.68763
2.68303
2.68436
2.68481
2.68353
2.67878
2.66437
2.63899
2.61178
2.58754
2.56507
2.54709
2.52944
2.51426
2.49767
2.48205
2.46476
2.44792
2.42987
2.41217
2.39401
2.37661
2.35954
2.34398
2.32895
2.31583
2.30267
2.29098
2.27824
2.26586
2.25172
2.23675
2.21996
2.20189
2.18283
2.1626
2.14237
2.12131
2.10113
2.08066
2.06142
2.04232
2.02414
2.00638
1.98923
1.97249
1.9562
1.94024
1.92441
1.90928
1.8935
1.87928
1.86361
1.85014
1.83516
1.82233
1.80861
1.79669
1.78468
1.77419
1.76422
1.75596
1.74869
1.74354
1.74104
1.74206
1.74473
1.74882
1.75556
1.76975
1.78825
1.81451
1.8403
1.86904
1.89473
1.92166
1.9467
1.97345
1.99663
2.01728
2.03175
2.04187
2.04708
2.04945
2.04941
2.04883
2.04762
2.0462
2.04505
2.0438
2.04298
2.04204
2.0412
2.04128
2.03957
1.82351
2.53666
2.7627
2.73782
2.71561
2.69067
2.68018
2.67879
2.67794
2.67598
2.67197
2.66235
2.64262
2.6185
2.59603
2.57414
2.55607
2.53749
2.52121
2.50255
2.48534
2.46622
2.44861
2.43005
2.41242
2.39443
2.37718
2.36052
2.34536
2.33135
2.31935
2.30755
2.29712
2.28502
2.27312
2.25825
2.24284
2.22452
2.20553
2.18489
2.16382
2.14291
2.12157
2.10178
2.08122
2.06284
2.04352
2.02636
2.00833
1.9921
1.97498
1.95959
1.94282
1.92831
1.91155
1.89791
1.88123
1.86818
1.85206
1.83934
1.82438
1.81209
1.79872
1.78735
1.77585
1.76592
1.75691
1.74871
1.74332
1.73796
1.73801
1.74024
1.74284
1.74798
1.75766
1.7741
1.79859
1.82838
1.86393
1.90022
1.93865
1.97288
2.00436
2.02828
2.04661
2.05808
2.06498
2.06856
2.06974
2.07023
2.07003
2.06956
2.06912
2.06853
2.06805
2.06755
2.06717
2.06685
2.06728
2.06569
1.72077
2.59287
2.76447
2.73498
2.71359
2.68578
2.68005
2.68151
2.68327
2.68238
2.67854
2.66562
2.64136
2.61534
2.59265
2.57188
2.55526
2.53825
2.52288
2.50492
2.48783
2.46893
2.45124
2.43278
2.41515
2.39734
2.38011
2.36363
2.34812
2.33402
2.32119
2.30904
2.29774
2.28539
2.27315
2.25839
2.24335
2.22553
2.20754
2.18764
2.16779
2.14746
2.12704
2.10755
2.0874
2.06917
2.04972
2.03254
2.01392
1.99747
1.97961
1.96379
1.94643
1.93137
1.91424
1.90004
1.88306
1.86973
1.85306
1.84054
1.82466
1.81291
1.79849
1.78762
1.77537
1.76569
1.75609
1.7483
1.74195
1.73693
1.73574
1.73727
1.7403
1.7449
1.75318
1.76707
1.78988
1.81988
1.86031
1.90368
1.94961
1.98893
2.02186
2.04422
2.0597
2.0684
2.0732
2.07559
2.07628
2.07672
2.07667
2.07643
2.07628
2.07605
2.07598
2.07591
2.07599
2.07607
2.07676
2.07553
)
;

boundaryField
{
    inlet
    {
        type            fixedValue;
        value           uniform 1;
    }
    outlet
    {
        type            zeroGradient;
    }
    bottom
    {
        type            symmetryPlane;
    }
    top
    {
        type            symmetryPlane;
    }
    obstacle
    {
        type            zeroGradient;
    }
    defaultFaces
    {
        type            empty;
    }
}


// ************************************************************************* //
