/*--------------------------------*- C++ -*----------------------------------*\
| =========                 |                                                 |
| \\      /  F ield         | OpenFOAM: The Open Source CFD Toolbox           |
|  \\    /   O peration     | Version:  2412                                  |
|   \\  /    A nd           | Website:  www.openfoam.com                      |
|    \\/     M anipulation  |                                                 |
\*---------------------------------------------------------------------------*/
FoamFile
{
    version     2.0;
    format      ascii;
    arch        "LSB;label=32;scalar=64";
    class       volScalarField;
    location    "4.5";
    object      Ma;
}
// * * * * * * * * * * * * * * * * * * * * * * * * * * * * * * * * * * * * * //

dimensions      [0 0 0 0 0 0 0];

internalField   nonuniform List<scalar> 
5250
(
2.99999
2.99997
2.99989
2.99977
2.99929
2.9986
2.99596
2.99165
2.97725
2.94616
2.86651
2.64776
2.22722
1.29581
0.555552
0.23759
0.310994
0.330083
0.293097
0.23608
0.186632
0.147493
0.108409
0.0666827
0.0360039
2.99999
2.99997
2.99989
2.99977
2.9993
2.99863
2.99602
2.9918
2.97761
2.94726
2.86893
2.65455
2.24053
1.31752
0.567169
0.240551
0.314669
0.334757
0.298323
0.242399
0.193965
0.155808
0.11839
0.0807034
0.0571801
2.99999
2.99997
2.99989
2.99978
2.99932
2.99867
2.99613
2.9921
2.97832
2.94955
2.87392
2.66904
2.26954
1.36711
0.594943
0.251598
0.325658
0.347655
0.31237
0.258585
0.211946
0.175869
0.141911
0.110321
0.092596
2.99999
2.99997
2.9999
2.99979
2.99935
2.99874
2.99629
2.99252
2.97935
2.95285
2.88111
2.69017
2.31249
1.44387
0.637323
0.272695
0.345097
0.369596
0.335893
0.284599
0.239642
0.205505
0.174678
0.147449
0.132289
2.99999
2.99998
2.9999
2.9998
2.99939
2.99881
2.99649
2.99302
2.98059
2.95679
2.88975
2.71582
2.36575
1.54258
0.694283
0.30882
0.375447
0.400683
0.368531
0.319702
0.275858
0.243256
0.214641
0.190041
0.176078
2.99999
2.99998
2.99991
2.99982
2.99943
2.99889
2.99672
2.99353
2.9818
2.96067
2.89778
2.74204
2.41691
1.66647
0.752737
0.34084
0.403522
0.429534
0.401392
0.357861
0.317007
0.28689
0.261346
0.239556
0.226919
3
2.99998
2.99992
2.99983
2.99947
2.99897
2.99694
2.994
2.9829
2.9639
2.90459
2.76504
2.45847
1.75122
0.818976
0.377764
0.427153
0.449301
0.429106
0.39452
0.360105
0.334646
0.313975
0.297028
0.288677
3
2.99998
2.99992
2.99984
2.99951
2.99904
2.99715
2.99445
2.98395
2.96693
2.91088
2.78731
2.49647
1.8283
0.906206
0.432983
0.44776
0.461686
0.455426
0.430685
0.404404
0.386099
0.373415
0.364917
0.366752
3
2.99998
2.99993
2.99986
2.99956
2.99913
2.99741
2.99496
2.98533
2.97008
2.91855
2.80809
2.54045
1.91441
1.00962
0.495724
0.461888
0.47758
0.482041
0.466776
0.45035
0.441109
0.439024
0.446121
0.473515
3
2.99999
2.99994
2.99988
2.99962
2.99925
2.99778
2.99558
2.98749
2.97339
2.92893
2.82554
2.59017
1.99405
1.11414
0.564348
0.476293
0.495956
0.509684
0.503918
0.498084
0.499334
0.513853
0.552059
0.648289
3
2.99999
2.99997
2.99988
2.99975
2.99931
2.9985
2.99605
2.99048
2.97633
2.93928
2.85697
2.60928
2.15456
1.21264
0.64637
0.491329
0.515271
0.537623
0.541498
0.544758
0.559278
0.59702
0.67905
0.855061
3
2.99999
2.99996
2.99991
2.99971
2.99943
2.99833
2.99663
2.99065
2.97961
2.94664
2.86749
2.68892
2.20813
1.41693
0.741655
0.519317
0.543063
0.568737
0.579144
0.591568
0.618632
0.674673
0.778794
0.967697
3
2.99999
2.99996
2.99992
2.99975
2.9995
2.9985
2.99709
2.99143
2.98292
2.95224
2.89457
2.73494
2.35915
1.6231
0.850261
0.566362
0.585001
0.605383
0.619361
0.637111
0.674622
0.739464
0.84369
1.00603
3
3
2.99997
2.99993
2.99979
2.99958
2.99875
2.99756
2.99285
2.98583
2.96011
2.91422
2.77932
2.48
1.8251
0.963395
0.626666
0.630066
0.645368
0.662545
0.683041
0.722189
0.789858
0.88424
1.02036
3
3
2.99998
2.99995
2.99983
2.99966
2.999
2.99805
2.99433
2.98863
2.9688
2.92908
2.82475
2.553
2.02947
1.09491
0.701537
0.663405
0.680383
0.700633
0.72497
0.76376
0.827376
0.914617
1.02896
3
3
2.99998
2.99996
2.99987
2.99973
2.9992
2.99845
2.99554
2.99091
2.9753
2.94274
2.85826
2.63166
2.20013
1.29782
0.81147
0.693586
0.708028
0.72961
0.760676
0.798954
0.856327
0.935432
1.03588
3.00001
3
2.99999
2.99997
2.99989
2.99979
2.99936
2.99876
2.99635
2.9928
2.97998
2.95599
2.88767
2.71307
2.36266
1.55259
0.953293
0.741165
0.740118
0.759009
0.791966
0.832699
0.883813
0.953473
1.04173
3.00001
3
2.99999
2.99998
2.99992
2.99984
2.99951
2.99904
2.99717
2.99449
2.98422
2.96739
2.91374
2.79285
2.52247
1.9022
1.12784
0.818324
0.788781
0.798909
0.824976
0.862849
0.910879
0.971627
1.04781
3.00001
3
3
2.99999
2.99994
2.99988
2.99963
2.99928
2.9979
2.99585
2.98833
2.97536
2.93483
2.84144
2.63136
2.09305
1.30617
0.900691
0.830871
0.839272
0.860265
0.893405
0.936618
0.990808
1.05686
3.00001
3
3
2.99999
2.99997
2.99989
2.99979
2.99937
2.99875
2.99655
2.99256
2.98058
2.95282
2.88586
2.70064
2.34222
1.54734
1.03065
0.874605
0.872825
0.890939
0.922157
0.961347
1.00894
1.06671
3.00001
3.00001
3
2.99999
2.99998
2.99992
2.99984
2.99951
2.99905
2.9972
2.99452
2.98435
2.96778
2.91511
2.80074
2.5286
1.94871
1.21329
0.943665
0.91733
0.927052
0.954066
0.991123
1.03167
1.07972
3.00001
3.00001
3
3
2.99998
2.99996
2.99986
2.99972
2.99918
2.99837
2.99539
2.99048
2.97449
2.94109
2.85605
2.63926
2.1885
1.4169
1.03022
0.953407
0.959475
0.981486
1.01637
1.05483
1.09776
3.00001
3.00001
3
3
2.99999
2.99996
2.99992
2.99975
2.9995
2.99855
2.99712
2.99183
2.98324
2.95487
2.89638
2.74825
2.39165
1.69975
1.17317
1.00757
0.995927
1.00871
1.03596
1.07324
1.11362
3.00001
3.00001
3.00001
3
2.99999
2.99998
2.99993
2.99986
2.99959
2.99919
2.99769
2.99536
2.9873
2.97265
2.92933
2.8278
2.60569
2.07354
1.35952
1.08144
1.03778
1.04374
1.06282
1.0929
1.13011
3.00001
3.00001
3.00001
3
3
2.99999
2.99997
2.99989
2.99977
2.99933
2.99868
2.9963
2.99233
2.97966
2.95287
2.88429
2.70687
2.35778
1.61534
1.19846
1.07946
1.07381
1.08595
1.11185
1.14655
3.00001
3.00001
3.00001
3
3
2.99999
2.99998
2.99992
2.99984
2.99953
2.99909
2.99735
2.99482
2.98535
2.97007
2.92093
2.82147
2.56919
2.05017
1.38731
1.14574
1.11294
1.11629
1.13652
1.1662
3.00001
3.00001
3.00001
3.00001
3
3
2.99998
2.99996
2.99988
2.99975
2.99927
2.99855
2.9959
2.99173
2.97748
2.95099
2.87745
2.70308
2.31982
1.63573
1.2487
1.15042
1.14486
1.1558
1.18052
3.00001
3.00001
3.00001
3.00001
3.00001
3
2.99999
2.99997
2.99994
2.9998
2.9996
2.99886
2.99773
2.99366
2.98703
2.96534
2.92371
2.80962
2.56298
1.99278
1.42686
1.21065
1.17951
1.18245
1.20062
3.00001
3.00001
3.00001
3.00001
3.00001
3
3
2.99999
2.99995
2.9999
2.99969
2.9994
2.99828
2.99657
2.99064
2.98005
2.94897
2.87643
2.71958
2.29595
1.6553
1.30162
1.21668
1.21051
1.22054
3.00001
3.00001
3.00001
3.00001
3.00001
3.00001
3
2.99999
2.99997
2.99994
2.9998
2.9996
2.99885
2.99776
2.9936
2.98729
2.96527
2.92584
2.81283
2.57569
2.02285
1.48013
1.27344
1.24286
1.2454
3.00001
3.00001
3.00001
3.00001
3.00001
3.00001
3
3
2.99999
2.99995
2.9999
2.99971
2.99942
2.99835
2.99672
2.99105
2.98107
2.95137
2.88351
2.73332
2.33623
1.71859
1.36744
1.27802
1.27153
3.00001
3.00001
3.00001
3.00001
3.00001
3.00001
3.00001
3
3
2.99997
2.99994
2.99981
2.99963
2.99893
2.99791
2.99407
2.98821
2.96793
2.93209
2.82734
2.61551
2.09606
1.55905
1.33863
1.30184
3.00001
3.00001
3.00001
3.00001
3.00001
3.00001
3.00001
3
3
2.99999
2.99996
2.99991
2.99973
2.99947
2.99849
2.99701
2.99182
2.98287
2.95562
2.89531
2.75727
2.40774
1.80879
1.44327
1.34145
3.00001
3.00001
3.00001
3.00001
3.00001
3.00001
3.00001
3.00001
3
2.99999
2.99998
2.99993
2.99987
2.99961
2.99922
2.99781
2.99567
2.98811
2.97536
2.9366
2.85314
2.66167
2.22554
1.64319
1.41098
3.00001
3.00001
3.00001
3.00001
3.00001
3.00001
3.00001
3.00001
3
3
2.99999
2.99996
2.99992
2.99976
2.99953
2.99864
2.99737
2.99253
2.98529
2.96019
2.91409
2.79392
2.50786
1.96997
1.54087
3.00001
3.00001
3.00001
3.00001
3.00001
3.00001
3.00001
3.00001
3.00001
3
3
2.99998
2.99996
2.99986
2.99972
2.99919
2.99843
2.99557
2.99123
2.97609
2.95049
2.87151
2.72145
2.31559
1.78766
3.00001
3.00001
3.00001
3.00001
3.00001
3.00001
3.00001
3.00001
3.00001
3.00001
3
2.99999
2.99997
2.99994
2.99981
2.99962
2.99893
2.99789
2.99418
2.98829
2.96913
2.93316
2.83828
2.62803
2.16475
3.00001
3.00001
3.00001
3.00001
3.00001
3.00001
3.00001
3.00001
3.00001
3.00001
3
3
2.99999
2.99997
2.99989
2.99978
2.99937
2.99877
2.99655
2.99319
2.98165
2.96145
2.90408
2.78084
2.49409
3.00001
3.00001
3.00001
3.00001
3.00001
3.00001
3.00001
3.00001
3.00001
3.00001
3.00001
3
3
2.99998
2.99995
2.99985
2.9997
2.99917
2.99835
2.99549
2.99084
2.97582
2.9487
2.86948
2.71733
3.00001
3.00001
3.00001
3.00001
3.00001
3.00001
3.00001
3.00001
3.00001
3.00001
3.00001
3.00001
3
2.99999
2.99997
2.99993
2.9998
2.99961
2.99891
2.99785
2.99412
2.98819
2.96908
2.93299
2.84061
3.00001
3.00001
3.00001
3.00001
3.00001
3.00001
3.00001
3.00001
3.00001
3.00001
3.00001
3.00001
3
3
2.99999
2.99997
2.99989
2.99978
2.99938
2.99879
2.99662
2.99335
2.98203
2.96293
2.90634
3.00001
3.00001
3.00001
3.00001
3.00001
3.00001
3.00001
3.00001
3.00001
3.00001
3.00001
3.00001
3.00001
3
3
2.99998
2.99995
2.99986
2.99971
2.99919
2.99839
2.99563
2.99113
2.97668
2.95077
3.00001
3.00001
3.00001
3.00001
3.00001
3.00001
3.00001
3.00001
3.00001
3.00001
3.00001
3.00001
3.00001
3
3
2.99999
2.99997
2.99993
2.9998
2.9996
2.99889
2.99781
2.99405
2.98798
2.96862
3.00001
3.00001
3.00001
3.00001
3.00001
3.00001
3.00001
3.00001
3.00001
3.00001
3.00001
3.00001
3.00001
3.00001
3
3
2.99999
2.99995
2.99989
2.99968
2.99938
2.99825
2.99656
2.99045
2.98088
3.00001
3.00001
3.00001
3.00001
3.00001
3.00001
3.00001
3.00001
3.00001
3.00001
3.00001
3.00001
3.00001
3.00001
3
3
2.99999
2.99996
2.99992
2.99975
2.99952
2.9986
2.99726
2.9922
2.98442
3.00001
3.00001
3.00001
3.00001
3.00001
3.00001
3.00001
3.00001
3.00001
3.00001
3.00001
3.00001
3.00001
3.00001
3
3
2.99999
2.99998
2.99991
2.99982
2.99948
2.99897
2.99701
2.9941
2.98336
3.00001
3.00001
3.00001
3.00001
3.00001
3.00001
3.00001
3.00001
3.00001
3.00001
3.00001
3.00001
3.00001
3.00001
3
3
2.99999
2.99998
2.99992
2.99984
2.9995
2.99903
2.99711
2.99438
2.98376
3.00001
3.00001
3.00001
3.00001
3.00001
3.00001
3.00001
3.00001
3.00001
3.00001
3.00001
3.00001
3.00001
3.00001
3
3
2.99999
2.99998
2.99992
2.99984
2.99953
2.99907
2.99726
2.99453
2.98457
3.00001
3.00001
3.00001
3.00001
3.00001
3.00001
3.00001
3.00001
3.00001
3.00001
3.00001
3.00001
3.00001
3.00001
3.00001
3
3
2.99998
2.99994
2.99982
2.99964
2.99895
2.99785
2.99411
2.9866
3.00001
3.00001
3.00001
3.00001
3.00001
3.00001
3.00001
3.00001
3.00001
3.00001
3.00001
3.00001
3.00001
3.00001
3.00001
3
2.99999
2.99998
2.99993
2.99985
2.99954
2.99908
2.9973
2.9946
2.98476
1.09467
1.28574
1.33388
1.27182
1.17039
1.00548
0.789753
0.572644
0.367511
0.178289
0.0923474
0.108602
0.20995
0.290256
0.362796
0.423157
0.461243
0.483994
0.504292
0.526414
0.549843
0.573089
0.594414
0.614961
0.635441
0.650525
0.658885
0.66289
0.659606
0.643251
0.612239
0.569369
0.517847
0.461435
0.403495
0.346787
0.2927
0.241945
0.19244
0.146285
0.102883
0.0623015
0.0315811
0.0330799
0.0635342
0.0976353
0.13002
0.160691
0.189332
0.216142
0.244249
0.272546
0.299788
0.325378
0.350471
0.374426
0.398178
0.42087
0.443492
0.465055
0.486629
0.507223
0.527864
0.547604
0.567421
0.586387
0.605455
0.623693
0.642082
0.659645
0.677431
0.694415
0.711709
0.728201
0.745046
0.761058
0.777448
0.792972
0.808896
0.823919
0.839368
0.85388
0.868844
0.882841
0.897311
0.910779
0.924739
0.937649
0.951053
0.963358
0.976119
0.987711
0.99968
1.01035
1.02119
1.03043
1.0394
1.0461
1.05106
1.05605
1.13816
1.25634
1.3189
1.34504
1.35094
1.33363
1.26039
1.05458
0.762485
0.554664
0.424916
0.33942
0.261125
0.189386
0.128921
0.0755324
0.0816928
0.142275
0.206858
0.263963
0.310782
0.347232
0.37552
0.399211
0.421323
0.438746
0.447075
0.449227
0.443779
0.424192
0.38987
0.344045
0.291901
0.236757
0.183114
0.134125
0.0913173
0.0648883
0.0627272
0.0862417
0.118615
0.151217
0.182905
0.21226
0.241911
0.271319
0.300016
0.327571
0.35365
0.378018
0.402825
0.428149
0.452888
0.476105
0.498763
0.520536
0.54209
0.562845
0.583429
0.60326
0.622976
0.641967
0.660881
0.679101
0.69731
0.714839
0.732426
0.74931
0.766315
0.782625
0.799135
0.814972
0.831014
0.846377
0.861964
0.876857
0.892022
0.906452
0.921191
0.935173
0.949465
0.963011
0.976848
0.989954
1.00334
1.01599
1.02891
1.04108
1.0535
1.06513
1.07699
1.08796
1.09913
1.10924
1.11943
1.12823
1.13669
1.14319
1.14776
1.1528
1.1395
1.24582
1.34214
1.42666
1.49448
1.51079
1.47912
1.36698
1.1203
0.855673
0.709281
0.634687
0.563722
0.493764
0.43246
0.369595
0.303672
0.241701
0.183242
0.129762
0.0852511
0.0621917
0.0799424
0.114576
0.150865
0.186323
0.208465
0.213795
0.20494
0.183797
0.151593
0.120197
0.0997765
0.0989426
0.118993
0.149737
0.182861
0.216081
0.246333
0.276842
0.306724
0.335601
0.363211
0.389374
0.414907
0.439963
0.464529
0.488307
0.510971
0.532065
0.553117
0.574829
0.59656
0.61706
0.636842
0.656044
0.674889
0.693298
0.711365
0.729019
0.746406
0.763377
0.780194
0.796557
0.812842
0.828654
0.844427
0.859743
0.875045
0.889916
0.904785
0.919237
0.93372
0.947774
0.961907
0.97558
0.989375
1.00269
1.01613
1.02909
1.04216
1.05473
1.06742
1.0796
1.09189
1.10366
1.11553
1.12683
1.13827
1.14904
1.15999
1.17013
1.1805
1.18985
1.19935
1.20752
1.21543
1.22141
1.22546
1.23056
1.14593
1.25449
1.35177
1.44085
1.5133
1.55464
1.55209
1.51075
1.38832
1.15019
0.957735
0.864735
0.79807
0.743267
0.68969
0.630224
0.573051
0.519251
0.464129
0.411751
0.361724
0.312989
0.265536
0.220474
0.177647
0.13757
0.100467
0.0773636
0.0657543
0.0929928
0.144446
0.195623
0.243443
0.284549
0.321419
0.354161
0.384715
0.412254
0.437805
0.462046
0.485593
0.508263
0.530124
0.551066
0.571655
0.591844
0.61191
0.631423
0.650312
0.667801
0.685012
0.702724
0.721184
0.738798
0.755928
0.772464
0.788897
0.804882
0.820825
0.836306
0.85178
0.866794
0.881849
0.896438
0.911128
0.925367
0.939747
0.953704
0.967778
0.981442
0.995195
1.00852
1.02196
1.03494
1.04812
1.0608
1.0737
1.08612
1.09871
1.11086
1.12313
1.13498
1.14691
1.15837
1.16996
1.181
1.19228
1.20291
1.21384
1.22398
1.23443
1.24388
1.25364
1.26219
1.27092
1.27823
1.28521
1.29021
1.29352
1.29846
1.14584
1.25267
1.34697
1.43352
1.50795
1.56825
1.59358
1.58043
1.53278
1.39373
1.1843
1.0567
0.988346
0.931145
0.883671
0.840584
0.795321
0.745474
0.69834
0.654781
0.609632
0.563137
0.519643
0.477275
0.435183
0.395946
0.362394
0.339149
0.32811
0.340339
0.373386
0.416624
0.459907
0.49889
0.53028
0.556032
0.577468
0.596473
0.613954
0.630556
0.64676
0.662662
0.678238
0.693548
0.708695
0.723849
0.738996
0.754198
0.769116
0.783243
0.796899
0.810988
0.826015
0.84109
0.855643
0.869748
0.88368
0.897424
0.911178
0.924699
0.938256
0.951515
0.964854
0.977884
0.991037
1.00386
1.01682
1.02943
1.0422
1.05461
1.06719
1.0794
1.0918
1.10382
1.11602
1.12785
1.13984
1.15146
1.16323
1.17461
1.18615
1.19726
1.2086
1.21945
1.23056
1.24108
1.25185
1.26187
1.27221
1.28163
1.29147
1.30019
1.30923
1.31706
1.32487
1.33149
1.33737
1.3414
1.34406
1.34909
1.14106
1.24113
1.33441
1.41729
1.49374
1.55771
1.60652
1.61885
1.60037
1.54278
1.40421
1.23412
1.13735
1.08868
1.04414
1.00052
0.965038
0.929357
0.891446
0.851594
0.811451
0.774034
0.735399
0.693797
0.653253
0.614395
0.580663
0.550228
0.532377
0.537708
0.568751
0.610598
0.653056
0.690218
0.719254
0.737766
0.749785
0.758772
0.767396
0.776089
0.785451
0.795033
0.805154
0.815387
0.826062
0.836913
0.848251
0.859735
0.871412
0.88251
0.893238
0.904091
0.916124
0.928702
0.941273
0.953353
0.965446
0.977308
0.989365
1.00127
1.01338
1.02526
1.03732
1.0491
1.06105
1.07271
1.08453
1.09607
1.10778
1.11923
1.13089
1.14228
1.15389
1.16522
1.17673
1.1879
1.19925
1.21018
1.22131
1.232
1.24294
1.2535
1.26428
1.27458
1.28509
1.29496
1.30511
1.31442
1.32406
1.3327
1.34163
1.34953
1.35749
1.36449
1.37121
1.37684
1.38173
1.38459
1.38702
1.39218
1.13606
1.22983
1.31634
1.39855
1.47162
1.53919
1.59403
1.63113
1.63505
1.61272
1.54831
1.42088
1.28307
1.2083
1.16969
1.13507
1.10099
1.06887
1.03964
1.01102
0.978041
0.943026
0.90668
0.869617
0.831522
0.792122
0.752651
0.710025
0.683328
0.687307
0.718096
0.761208
0.804911
0.843605
0.87271
0.891507
0.897974
0.898565
0.898287
0.899453
0.902274
0.906542
0.912029
0.918273
0.925122
0.932452
0.940274
0.948576
0.957393
0.96615
0.974472
0.982821
0.992062
1.00233
1.01296
1.0234
1.03378
1.04402
1.05441
1.06472
1.07531
1.08578
1.09651
1.10704
1.1178
1.12834
1.13909
1.14961
1.16032
1.1708
1.18153
1.19202
1.20286
1.21337
1.22427
1.23472
1.24549
1.25576
1.26632
1.27643
1.28675
1.29658
1.30668
1.31622
1.32611
1.33525
1.34478
1.35338
1.36229
1.37018
1.37817
1.38516
1.39204
1.39784
1.40345
1.40769
1.41109
1.41334
1.41543
1.42037
1.13253
1.21726
1.30041
1.37678
1.4499
1.51524
1.57438
1.62222
1.6476
1.64634
1.62142
1.55255
1.44129
1.3297
1.27099
1.23758
1.21089
1.18485
1.1577
1.13362
1.10717
1.08004
1.0462
1.00939
0.971189
0.930235
0.87995
0.82199
0.7896
0.794674
0.826876
0.871301
0.919485
0.961216
0.992113
1.01424
1.02399
1.02293
1.0161
1.00958
1.00527
1.00358
1.00435
1.00667
1.01023
1.01434
1.01934
1.02466
1.03085
1.03721
1.04362
1.04971
1.05661
1.06442
1.07338
1.08225
1.09134
1.10023
1.10937
1.11842
1.1278
1.13708
1.14676
1.15625
1.16612
1.17573
1.18569
1.19539
1.2054
1.21517
1.22522
1.23506
1.24521
1.25513
1.26536
1.27531
1.28554
1.2954
1.30542
1.31493
1.32464
1.33376
1.34316
1.35194
1.361
1.36947
1.37805
1.38608
1.3939
1.40112
1.40797
1.41395
1.41962
1.4243
1.42845
1.43156
1.43398
1.43604
1.43767
1.44264
1.13104
1.20882
1.28474
1.35844
1.42694
1.4916
1.5507
1.60138
1.64272
1.65965
1.65383
1.62787
1.55941
1.46074
1.37095
1.32441
1.29484
1.27308
1.25239
1.23294
1.20903
1.18385
1.15354
1.12073
1.08192
1.03141
0.963729
0.89203
0.861584
0.871332
0.903715
0.949985
1.00322
1.05024
1.08323
1.10426
1.11901
1.12482
1.11997
1.10926
1.09792
1.08968
1.08413
1.08205
1.08164
1.08311
1.08546
1.08856
1.09242
1.09688
1.10169
1.10632
1.11136
1.11733
1.12459
1.13236
1.1404
1.14837
1.15663
1.16479
1.17332
1.18177
1.19062
1.19944
1.20861
1.21771
1.22709
1.23632
1.24578
1.255
1.2645
1.27373
1.28332
1.29263
1.30236
1.31181
1.32162
1.33096
1.34064
1.34966
1.35907
1.36766
1.37663
1.38482
1.39326
1.40111
1.40894
1.4162
1.42315
1.4294
1.43509
1.44001
1.44419
1.44769
1.45034
1.45248
1.4545
1.4562
1.45699
1.46169
1.13264
1.20216
1.27289
1.34155
1.40745
1.46974
1.52737
1.58063
1.62469
1.65862
1.6684
1.66013
1.6336
1.56863
1.47916
1.40721
1.3694
1.34426
1.32376
1.30766
1.29076
1.26655
1.23677
1.2035
1.16251
1.09955
1.00767
0.928493
0.907616
0.92362
0.957365
1.0076
1.06425
1.11446
1.15088
1.17416
1.18918
1.19914
1.2024
1.19661
1.18444
1.17059
1.15922
1.15118
1.14638
1.14447
1.14408
1.14515
1.14718
1.15002
1.15356
1.15715
1.161
1.16535
1.17107
1.17775
1.185
1.19229
1.19981
1.20734
1.21511
1.22297
1.23113
1.23938
1.24796
1.2565
1.26541
1.27413
1.2832
1.29192
1.30099
1.30963
1.31871
1.32741
1.33664
1.34538
1.3547
1.36342
1.37265
1.38117
1.38998
1.39812
1.40624
1.41388
1.42129
1.42835
1.43498
1.44121
1.44683
1.45192
1.45627
1.45993
1.46301
1.46532
1.46737
1.46929
1.47105
1.47263
1.47329
1.47764
1.13708
1.1991
1.26305
1.32694
1.38932
1.44864
1.50547
1.55724
1.60549
1.64376
1.67199
1.67633
1.66653
1.63877
1.57712
1.49839
1.43681
1.40718
1.38475
1.36596
1.34967
1.32883
1.30237
1.26458
1.2125
1.12677
1.01609
0.946229
0.937651
0.95794
0.997356
1.05076
1.10937
1.15808
1.19689
1.22441
1.2424
1.25343
1.26049
1.26276
1.25734
1.24556
1.23103
1.21785
1.20769
1.20078
1.19679
1.19523
1.1952
1.19655
1.19897
1.20178
1.20487
1.20819
1.21256
1.21809
1.22461
1.23136
1.2384
1.24547
1.25286
1.26026
1.26808
1.27587
1.28413
1.29224
1.30081
1.30912
1.31788
1.32631
1.33516
1.34357
1.35246
1.36078
1.36959
1.37788
1.38667
1.39499
1.40357
1.41173
1.41981
1.4275
1.43489
1.44191
1.44852
1.45459
1.46015
1.46509
1.46942
1.47313
1.47616
1.47881
1.4809
1.48295
1.48487
1.48678
1.48872
1.49072
1.49267
1.49681
1.14622
1.20063
1.25806
1.31644
1.37393
1.43076
1.48406
1.53618
1.58274
1.6263
1.6603
1.68199
1.68403
1.67337
1.64486
1.58775
1.51592
1.46277
1.43769
1.41674
1.39835
1.37589
1.34801
1.30372
1.23116
1.11403
0.999954
0.957857
0.962401
0.986314
1.02915
1.08543
1.14065
1.187
1.22556
1.25525
1.27833
1.29286
1.30285
1.30788
1.30994
1.30608
1.29609
1.2822
1.26847
1.25689
1.24846
1.24325
1.24087
1.24038
1.24171
1.24395
1.24694
1.24979
1.25339
1.25776
1.26359
1.26973
1.2765
1.28321
1.29045
1.29755
1.3052
1.31269
1.32073
1.32855
1.33685
1.34482
1.35327
1.36133
1.36997
1.37813
1.38675
1.39479
1.40322
1.41119
1.41939
1.4273
1.43519
1.44281
1.45017
1.45716
1.46381
1.46999
1.4756
1.48061
1.48491
1.48853
1.49148
1.49381
1.49576
1.49762
1.49944
1.50122
1.50333
1.50585
1.50884
1.512
1.51553
1.52026
1.15829
1.20619
1.25725
1.30977
1.36303
1.41484
1.4668
1.51492
1.56247
1.60501
1.64369
1.67407
1.69044
1.69082
1.67949
1.65011
1.59767
1.5324
1.48464
1.45881
1.43866
1.41308
1.37514
1.31574
1.20812
1.07054
0.983054
0.966261
0.978659
1.00953
1.05715
1.11206
1.16162
1.20437
1.24105
1.27188
1.29722
1.3171
1.33151
1.34072
1.34546
1.34838
1.34697
1.33991
1.32818
1.31521
1.30335
1.29426
1.28822
1.28528
1.28455
1.28591
1.28849
1.29127
1.29451
1.29808
1.30304
1.30872
1.31527
1.32181
1.32893
1.33585
1.34329
1.35048
1.35823
1.36572
1.37383
1.38155
1.38988
1.39776
1.40618
1.41407
1.42234
1.43024
1.43827
1.44602
1.45366
1.46107
1.46826
1.47513
1.48168
1.48786
1.49358
1.49865
1.5031
1.50683
1.50983
1.51217
1.51391
1.51554
1.51695
1.51835
1.51986
1.52208
1.52475
1.5279
1.53204
1.537
1.54281
1.54795
1.17025
1.2138
1.2596
1.30725
1.35594
1.40462
1.45225
1.49941
1.54371
1.58655
1.62569
1.6596
1.68663
1.69798
1.69676
1.68477
1.65523
1.60411
1.5439
1.49854
1.46646
1.43502
1.38331
1.29318
1.14644
1.01643
0.971483
0.97353
0.991292
1.02889
1.07935
1.12871
1.17255
1.21181
1.24661
1.27754
1.30451
1.32781
1.34674
1.36211
1.37187
1.37873
1.38233
1.38468
1.38174
1.37366
1.36242
1.35117
1.34183
1.33528
1.33197
1.33131
1.33285
1.33537
1.3386
1.3416
1.34563
1.35031
1.35632
1.36238
1.36926
1.37584
1.38311
1.38988
1.39734
1.40432
1.41204
1.41941
1.4274
1.43509
1.44299
1.45064
1.45834
1.46589
1.47336
1.48062
1.48763
1.49431
1.50058
1.50645
1.51196
1.51695
1.52134
1.52501
1.52797
1.53022
1.5318
1.53318
1.53438
1.53538
1.53636
1.53795
1.54025
1.54296
1.54637
1.55092
1.55724
1.56446
1.5715
1.57662
1.18204
1.22094
1.2629
1.30658
1.35133
1.39717
1.44194
1.48671
1.52973
1.57125
1.6099
1.64634
1.67552
1.69945
1.70547
1.70205
1.68913
1.65826
1.60619
1.54566
1.49314
1.44195
1.36557
1.22396
1.06369
0.979114
0.965632
0.9753
1.00262
1.04526
1.09227
1.13589
1.17502
1.2114
1.24442
1.27564
1.30382
1.33008
1.35294
1.37359
1.39014
1.40359
1.41243
1.42023
1.42398
1.42602
1.4218
1.41342
1.40271
1.3934
1.38601
1.38185
1.38014
1.38079
1.38302
1.38552
1.38858
1.39196
1.39683
1.40216
1.40848
1.41457
1.42131
1.42765
1.43449
1.44107
1.4481
1.45514
1.46249
1.46979
1.47714
1.48439
1.49155
1.49855
1.50537
1.51192
1.51814
1.52392
1.52925
1.53411
1.53837
1.54189
1.5447
1.5468
1.54819
1.54932
1.55015
1.55065
1.55106
1.5519
1.55357
1.55585
1.55873
1.56259
1.56805
1.57507
1.583
1.59107
1.59879
1.60392
1.19753
1.23098
1.26849
1.30874
1.34992
1.39202
1.4347
1.47653
1.51812
1.55803
1.59672
1.63208
1.66557
1.69177
1.71069
1.713
1.70652
1.6892
1.65364
1.5935
1.5189
1.4363
1.30908
1.12675
0.992793
0.957051
0.96112
0.978907
1.01297
1.05675
1.09837
1.13643
1.17246
1.20647
1.23954
1.27093
1.30123
1.32967
1.35697
1.38166
1.40466
1.424
1.44001
1.45232
1.46139
1.46864
1.47166
1.47189
1.46587
1.45662
1.44637
1.43799
1.43148
1.42848
1.42748
1.42879
1.43106
1.43324
1.4364
1.44029
1.44563
1.4511
1.45707
1.463
1.46921
1.47546
1.48194
1.48856
1.49527
1.50197
1.50865
1.51523
1.52168
1.5279
1.53384
1.5394
1.54451
1.54915
1.55334
1.55684
1.55957
1.56145
1.56266
1.56343
1.5639
1.56378
1.56358
1.5637
1.56455
1.56645
1.56881
1.57192
1.57646
1.58274
1.59042
1.59861
1.60733
1.61591
1.6241
1.62935
1.2141
1.24634
1.27863
1.31417
1.35231
1.39066
1.43047
1.46967
1.50926
1.54727
1.58516
1.61993
1.65381
1.68252
1.70651
1.71709
1.71454
1.70324
1.67686
1.62428
1.5371
1.41476
1.22383
1.03516
0.957009
0.949984
0.959375
0.98497
1.02311
1.06157
1.09868
1.13378
1.16864
1.20236
1.23633
1.269
1.30185
1.3329
1.36352
1.39191
1.41894
1.44258
1.46396
1.48049
1.4945
1.50453
1.51287
1.51709
1.51872
1.51565
1.5076
1.49717
1.48695
1.47926
1.47393
1.47182
1.47169
1.47312
1.475
1.47733
1.48097
1.48568
1.4909
1.49633
1.50198
1.50776
1.51377
1.51983
1.52592
1.53198
1.53796
1.54379
1.54941
1.55472
1.55963
1.56404
1.56797
1.57135
1.574
1.57574
1.57678
1.57736
1.57754
1.57701
1.57615
1.57557
1.57573
1.57686
1.5788
1.58135
1.58503
1.59039
1.59737
1.60523
1.61368
1.62261
1.63165
1.64061
1.64893
1.65423
1.22917
1.2599
1.29161
1.32321
1.3573
1.39296
1.42907
1.46585
1.50253
1.53912
1.57453
1.60941
1.64158
1.67155
1.69711
1.71157
1.71141
1.70153
1.67822
1.62688
1.53081
1.36272
1.1319
0.976048
0.940701
0.945836
0.962418
0.991378
1.0278
1.06458
1.10058
1.13644
1.17193
1.2077
1.24274
1.27773
1.31131
1.3444
1.37588
1.40596
1.43364
1.45935
1.48209
1.50261
1.5198
1.53376
1.54507
1.55372
1.55929
1.56123
1.56034
1.5544
1.54519
1.53491
1.52592
1.51899
1.51495
1.51328
1.5137
1.51504
1.51694
1.51986
1.52406
1.52896
1.53417
1.53949
1.54487
1.55024
1.55558
1.56085
1.56597
1.57084
1.57539
1.57948
1.58304
1.58613
1.5886
1.59023
1.59111
1.59145
1.59136
1.59041
1.58882
1.58758
1.58681
1.58728
1.58881
1.59084
1.59369
1.598
1.60425
1.61144
1.61946
1.62801
1.63698
1.64609
1.65534
1.66408
1.67227
1.6773
1.24247
1.27385
1.30423
1.3349
1.36567
1.39828
1.43152
1.46569
1.49926
1.53412
1.56694
1.60072
1.63116
1.66026
1.68468
1.69736
1.69469
1.68296
1.65589
1.59758
1.48135
1.29032
1.09521
0.995442
0.976767
0.985215
1.00081
1.02784
1.0621
1.09706
1.131
1.16471
1.19773
1.23088
1.2634
1.29584
1.32731
1.35866
1.38833
1.41757
1.44473
1.47096
1.49483
1.51753
1.53732
1.55546
1.56954
1.58186
1.59124
1.59834
1.60091
1.60188
1.59883
1.59128
1.58152
1.57113
1.56297
1.55675
1.55359
1.55256
1.55334
1.55456
1.55654
1.55977
1.56407
1.56865
1.57327
1.57782
1.58227
1.58654
1.59055
1.59421
1.59736
1.59994
1.60201
1.60332
1.60391
1.60405
1.60353
1.60226
1.60005
1.59814
1.59671
1.59604
1.59705
1.59873
1.60101
1.60449
1.6098
1.61641
1.6241
1.63237
1.64119
1.65025
1.65951
1.66873
1.67786
1.68644
1.69439
1.69928
1.26201
1.28694
1.31558
1.34467
1.37359
1.40412
1.43484
1.46748
1.49866
1.5315
1.56206
1.59379
1.62236
1.64849
1.66878
1.67331
1.66475
1.6461
1.60585
1.52555
1.38932
1.24604
1.14183
1.07272
1.0452
1.04437
1.05229
1.0676
1.0924
1.12294
1.15407
1.18487
1.2155
1.24594
1.27645
1.30676
1.33705
1.36694
1.39653
1.42513
1.45274
1.47894
1.50393
1.52739
1.54937
1.56953
1.5875
1.60285
1.61549
1.6259
1.63394
1.6382
1.63931
1.63818
1.63312
1.62416
1.61407
1.60411
1.59666
1.5913
1.58903
1.58834
1.58917
1.59031
1.59238
1.59564
1.59955
1.60346
1.60717
1.61048
1.6133
1.6155
1.61706
1.61799
1.61834
1.61821
1.61734
1.61527
1.61272
1.61007
1.60776
1.60633
1.60615
1.6075
1.60934
1.61205
1.61624
1.62227
1.62938
1.63722
1.64581
1.6546
1.66378
1.67291
1.68213
1.69108
1.69995
1.70815
1.71579
1.72046
1.28085
1.30189
1.32974
1.35688
1.38351
1.41131
1.43951
1.46982
1.49915
1.52986
1.55902
1.58769
1.61391
1.63508
1.64455
1.63861
1.62295
1.58942
1.52156
1.41161
1.30212
1.2408
1.19547
1.15006
1.11464
1.09911
1.09853
1.10478
1.11736
1.13868
1.16687
1.19671
1.22697
1.25676
1.28638
1.3155
1.34474
1.3735
1.40227
1.43012
1.45755
1.4837
1.50924
1.53331
1.55674
1.57829
1.599
1.6171
1.63342
1.64664
1.65816
1.66741
1.67364
1.67594
1.67655
1.67383
1.66704
1.65659
1.64633
1.63682
1.63007
1.62535
1.62347
1.62273
1.62337
1.62427
1.62594
1.62834
1.63078
1.63273
1.63384
1.63431
1.63432
1.63371
1.63216
1.62926
1.62609
1.62281
1.61967
1.61728
1.61602
1.61676
1.61813
1.6202
1.62354
1.62849
1.63505
1.64238
1.6506
1.65916
1.66821
1.67721
1.68648
1.69549
1.70456
1.71321
1.72172
1.72949
1.73667
1.74108
1.30187
1.31678
1.34034
1.36849
1.39494
1.42094
1.44634
1.47357
1.50094
1.52878
1.55548
1.58095
1.60187
1.61271
1.60873
1.59395
1.563
1.50092
1.40148
1.30626
1.26377
1.24862
1.23649
1.21644
1.18913
1.16171
1.14583
1.14296
1.14828
1.15834
1.17737
1.20472
1.23461
1.26417
1.29345
1.32204
1.35063
1.37872
1.40679
1.43426
1.46145
1.48783
1.51363
1.53838
1.56246
1.58536
1.60746
1.6279
1.64689
1.66343
1.67773
1.68988
1.70055
1.70821
1.71237
1.71312
1.71187
1.70669
1.69818
1.68698
1.67669
1.66745
1.66116
1.65666
1.65427
1.65298
1.65241
1.65265
1.65275
1.65266
1.65217
1.65097
1.64877
1.64578
1.6421
1.63799
1.63396
1.63057
1.62836
1.62737
1.62869
1.63027
1.63268
1.63654
1.64234
1.64898
1.65677
1.6649
1.67361
1.68242
1.69158
1.70049
1.70948
1.71806
1.72666
1.73473
1.7427
1.74988
1.75644
1.76044
1.32754
1.33441
1.35239
1.37763
1.40385
1.42923
1.45446
1.47932
1.50429
1.52916
1.55247
1.57192
1.58198
1.57801
1.56282
1.53229
1.47143
1.37703
1.29007
1.25731
1.25327
1.26059
1.26502
1.26495
1.25516
1.23199
1.20307
1.18449
1.18051
1.18545
1.19467
1.21276
1.23959
1.26933
1.29875
1.32805
1.35626
1.3844
1.41164
1.43913
1.46583
1.49259
1.51814
1.54356
1.56758
1.59174
1.61435
1.63684
1.65721
1.67663
1.69352
1.7088
1.72163
1.73348
1.74228
1.74792
1.74921
1.74897
1.74591
1.73854
1.72745
1.71597
1.70508
1.69607
1.68909
1.68385
1.67999
1.67696
1.67417
1.67129
1.66822
1.66457
1.66017
1.65531
1.65038
1.64592
1.64237
1.64048
1.64016
1.64146
1.64334
1.6463
1.6509
1.65678
1.66393
1.67154
1.67994
1.68841
1.69732
1.70595
1.71482
1.72326
1.73181
1.73984
1.74793
1.75542
1.76279
1.7693
1.77517
1.77877
1.36573
1.36108
1.37014
1.38794
1.4131
1.43722
1.46099
1.48431
1.50708
1.52871
1.54651
1.55477
1.54961
1.5335
1.50115
1.44023
1.34543
1.26537
1.23837
1.24109
1.25336
1.27136
1.29017
1.29588
1.29586
1.28747
1.26592
1.23861
1.22192
1.21873
1.22355
1.23256
1.24945
1.27533
1.3042
1.33358
1.36228
1.39025
1.41769
1.44501
1.47213
1.49873
1.52467
1.54969
1.57424
1.59827
1.622
1.64491
1.66697
1.68742
1.7067
1.72407
1.73989
1.7536
1.76573
1.77542
1.78196
1.78459
1.78478
1.78268
1.77657
1.76629
1.75363
1.74056
1.72827
1.71776
1.70892
1.7013
1.69454
1.68826
1.68203
1.67577
1.66976
1.66421
1.65958
1.6561
1.65459
1.65527
1.65649
1.65851
1.66194
1.66695
1.67341
1.68034
1.68825
1.69632
1.70485
1.71313
1.72172
1.72991
1.73833
1.74624
1.75429
1.76171
1.76919
1.77595
1.78257
1.78826
1.79322
1.79621
1.40478
1.38663
1.38837
1.40291
1.42358
1.44759
1.46919
1.49018
1.50898
1.5249
1.53071
1.52365
1.50581
1.47145
1.407
1.31304
1.23748
1.21321
1.21867
1.23347
1.25722
1.28713
1.30885
1.31999
1.32291
1.32297
1.31604
1.29804
1.27567
1.26215
1.25955
1.26415
1.27248
1.28773
1.31229
1.34032
1.36948
1.39751
1.4253
1.45241
1.47975
1.50609
1.53206
1.55687
1.58157
1.60569
1.62987
1.65307
1.6758
1.69692
1.71747
1.73644
1.75454
1.77072
1.78505
1.79723
1.80753
1.81481
1.81842
1.81899
1.81766
1.81274
1.80281
1.7882
1.77192
1.75579
1.74079
1.7274
1.71561
1.70514
1.6959
1.68785
1.68117
1.6761
1.67292
1.67171
1.67284
1.67415
1.67635
1.67999
1.68552
1.69169
1.69898
1.70642
1.71454
1.7224
1.73072
1.7386
1.74684
1.75447
1.76241
1.76964
1.7771
1.78378
1.79055
1.79639
1.80206
1.80665
1.81042
1.81265
1.49794
1.42193
1.41216
1.41688
1.43294
1.45503
1.47677
1.49515
1.50915
1.51158
1.50202
1.48164
1.44407
1.37374
1.27912
1.20717
1.18565
1.19212
1.2098
1.23817
1.27116
1.29944
1.32199
1.33723
1.34569
1.34936
1.35067
1.34695
1.33395
1.31672
1.30545
1.30269
1.30679
1.31397
1.32766
1.35036
1.37736
1.40555
1.43333
1.46103
1.48825
1.51497
1.54048
1.56561
1.5899
1.61454
1.63849
1.66224
1.68495
1.70685
1.72796
1.74839
1.7675
1.78591
1.80158
1.81634
1.82785
1.83798
1.84519
1.84858
1.84897
1.84768
1.84272
1.83218
1.81634
1.79714
1.77672
1.75684
1.73885
1.72369
1.71161
1.70241
1.69617
1.69276
1.69171
1.693
1.69452
1.69703
1.70127
1.70623
1.71275
1.71951
1.72708
1.73428
1.74202
1.74934
1.75709
1.76436
1.77197
1.77898
1.78627
1.79287
1.79961
1.80554
1.81138
1.81624
1.82071
1.82406
1.82656
1.82815
1.67823
1.47794
1.44236
1.43839
1.44503
1.46067
1.48013
1.49523
1.49752
1.48515
1.46247
1.41966
1.34261
1.24577
1.17826
1.16011
1.16687
1.18622
1.21677
1.2521
1.28255
1.30833
1.33029
1.34859
1.36349
1.37336
1.37948
1.38209
1.3817
1.37426
1.36143
1.35147
1.34812
1.35169
1.35773
1.36959
1.38972
1.41568
1.44311
1.4708
1.49829
1.525
1.55061
1.57569
1.60003
1.6247
1.64869
1.67223
1.69525
1.71686
1.73904
1.75928
1.7799
1.79836
1.8156
1.83153
1.84478
1.85696
1.86555
1.87074
1.87175
1.87176
1.86945
1.86251
1.84979
1.83242
1.8118
1.78905
1.76704
1.74764
1.73229
1.7216
1.71488
1.71232
1.71338
1.71483
1.7176
1.72169
1.7278
1.73394
1.74117
1.74787
1.75521
1.76201
1.76937
1.77611
1.78333
1.78984
1.79682
1.80298
1.80957
1.81519
1.82109
1.82591
1.83072
1.83432
1.83748
1.8396
1.84071
1.84164
1.96
1.59078
1.47836
1.46031
1.45941
1.46772
1.47973
1.48512
1.47217
1.44611
1.39798
1.31199
1.21253
1.15062
1.13608
1.14395
1.16537
1.19893
1.23409
1.26535
1.29187
1.31503
1.33763
1.3577
1.3772
1.39318
1.40546
1.41392
1.41834
1.41963
1.41669
1.40816
1.39922
1.39523
1.39796
1.40296
1.4128
1.43005
1.45468
1.481
1.50841
1.53491
1.56098
1.58611
1.61056
1.6354
1.65901
1.68264
1.70515
1.72702
1.74905
1.76946
1.78999
1.80845
1.82601
1.84233
1.85627
1.86922
1.87854
1.88505
1.88657
1.88676
1.88549
1.88038
1.86961
1.85505
1.83732
1.81786
1.79721
1.77768
1.76125
1.74854
1.74047
1.73711
1.7377
1.73894
1.74174
1.74617
1.75286
1.75941
1.76651
1.77329
1.78042
1.78717
1.79402
1.80054
1.80711
1.81337
1.81956
1.82535
1.83092
1.83602
1.8406
1.84461
1.84766
1.85004
1.85131
1.85193
1.85115
1.8519
2.30253
1.82064
1.56459
1.4961
1.47901
1.47529
1.47311
1.46068
1.43095
1.37415
1.27838
1.17721
1.122
1.11197
1.12136
1.14598
1.18198
1.21831
1.24876
1.2747
1.29871
1.32099
1.34387
1.36617
1.38757
1.4082
1.42504
1.43953
1.44953
1.45603
1.45828
1.45827
1.45363
1.44575
1.44209
1.44365
1.4479
1.45586
1.47013
1.49218
1.51814
1.54475
1.57085
1.59601
1.62054
1.64518
1.6687
1.69195
1.71424
1.73578
1.75748
1.77759
1.79766
1.81589
1.83312
1.84923
1.86301
1.87576
1.885
1.89164
1.89343
1.89403
1.89347
1.88945
1.88104
1.87068
1.8574
1.84324
1.82835
1.81303
1.79855
1.78584
1.77619
1.77024
1.76855
1.76889
1.77016
1.7733
1.77863
1.78477
1.79146
1.79806
1.80459
1.81093
1.81709
1.82312
1.82892
1.83455
1.83988
1.84501
1.84955
1.8538
1.85698
1.85975
1.8611
1.86211
1.86163
1.86043
1.85833
1.85836
2.62968
2.1848
1.73472
1.54583
1.50244
1.48295
1.45983
1.41858
1.34336
1.23603
1.13956
1.09491
1.09089
1.10206
1.13031
1.16912
1.20374
1.23329
1.25851
1.28138
1.30442
1.32719
1.35062
1.37437
1.39707
1.41979
1.44003
1.45854
1.47364
1.48528
1.49391
1.49741
1.49847
1.49707
1.49203
1.48872
1.48884
1.49217
1.49828
1.50986
1.52934
1.55313
1.57832
1.60381
1.62897
1.65387
1.67746
1.70019
1.72231
1.74342
1.7646
1.78432
1.80343
1.82118
1.83752
1.85303
1.86595
1.87755
1.88578
1.89099
1.89252
1.89331
1.89307
1.89017
1.88539
1.8793
1.87256
1.8651
1.85736
1.84857
1.83881
1.82852
1.81896
1.81095
1.80566
1.80356
1.80332
1.80396
1.80615
1.81038
1.81594
1.82199
1.82806
1.83392
1.83966
1.84489
1.85012
1.85467
1.85924
1.86301
1.86647
1.86907
1.87068
1.87155
1.87135
1.87022
1.86839
1.86553
1.86021
1.85842
2.79229
2.51027
2.01697
1.65324
1.52727
1.47887
1.41564
1.31702
1.19323
1.09718
1.06333
1.06613
1.08388
1.11622
1.15502
1.18909
1.2172
1.24146
1.26434
1.28681
1.31017
1.33377
1.35767
1.38215
1.40571
1.4295
1.45188
1.47272
1.49179
1.50692
1.5204
1.52993
1.5354
1.53711
1.53748
1.53511
1.53246
1.53163
1.53426
1.539
1.54852
1.56489
1.58605
1.60953
1.63398
1.65888
1.68299
1.70575
1.72819
1.74935
1.76991
1.78934
1.807
1.82407
1.83888
1.85264
1.86386
1.87278
1.87912
1.88224
1.8836
1.88452
1.88435
1.88377
1.88233
1.88187
1.88134
1.88093
1.8796
1.87704
1.87257
1.8665
1.85903
1.85114
1.84342
1.83749
1.83392
1.83243
1.83255
1.83365
1.83648
1.84115
1.84665
1.85229
1.85775
1.86273
1.86742
1.87143
1.87511
1.87786
1.88001
1.88095
1.88098
1.88004
1.87858
1.87583
1.87131
1.86538
1.85737
1.85362
2.8752
2.73112
2.33926
1.87444
1.58679
1.45599
1.30664
1.14834
1.04756
1.02117
1.03062
1.05839
1.09918
1.13894
1.17253
1.20013
1.22364
1.24568
1.26792
1.29066
1.31422
1.33825
1.36249
1.3872
1.4114
1.43548
1.45894
1.48094
1.50217
1.52068
1.53729
1.5512
1.56221
1.56952
1.57223
1.57299
1.57265
1.57078
1.56938
1.57145
1.57512
1.58261
1.59552
1.6148
1.63694
1.66005
1.68318
1.70583
1.72775
1.74941
1.76926
1.78802
1.80491
1.82004
1.83346
1.84429
1.85319
1.85904
1.86299
1.86486
1.86622
1.86762
1.86932
1.87151
1.87447
1.87846
1.88347
1.88833
1.8924
1.89497
1.89495
1.89303
1.88992
1.88462
1.87751
1.86947
1.86263
1.85745
1.85464
1.85391
1.8547
1.85642
1.85983
1.86433
1.86928
1.87375
1.87799
1.88142
1.8841
1.88577
1.88623
1.88582
1.88482
1.88251
1.87877
1.87271
1.8654
1.85773
1.84874
1.84472
2.93257
2.83622
2.63438
2.17353
1.70522
1.37163
1.11335
0.98268
0.96468
0.982746
1.02166
1.07164
1.11333
1.14734
1.1746
1.19791
1.21993
1.24221
1.26531
1.2891
1.3135
1.33797
1.36231
1.38679
1.41079
1.43455
1.45794
1.48033
1.50223
1.52232
1.54106
1.55736
1.57162
1.58354
1.59137
1.59597
1.59745
1.59774
1.59748
1.59675
1.59845
1.6016
1.60746
1.61788
1.63496
1.65497
1.67611
1.69767
1.71915
1.73948
1.75859
1.77563
1.79121
1.80477
1.81573
1.8241
1.82961
1.83311
1.8352
1.83684
1.83885
1.84181
1.84616
1.85233
1.85935
1.86742
1.87594
1.88462
1.89213
1.89858
1.90273
1.90482
1.90393
1.90161
1.89819
1.89218
1.88462
1.87691
1.871
1.86681
1.86494
1.86502
1.86653
1.86863
1.87175
1.87554
1.87925
1.88208
1.88363
1.88385
1.88357
1.88208
1.87882
1.87341
1.86681
1.85888
1.85039
1.84253
1.83413
1.83095
2.9492
2.88943
2.73668
2.38799
1.78847
1.16849
0.845232
0.806446
0.852589
0.911567
0.97866
1.03348
1.0753
1.10756
1.13442
1.15953
1.18448
1.20976
1.23545
1.26143
1.28758
1.31351
1.33875
1.36368
1.38815
1.41204
1.4358
1.45859
1.48092
1.50229
1.52216
1.54089
1.55717
1.5723
1.58443
1.59394
1.60001
1.60308
1.60436
1.60539
1.60612
1.60791
1.61122
1.61629
1.62529
1.63948
1.65725
1.67662
1.69645
1.71541
1.73255
1.74819
1.76164
1.77276
1.78139
1.78691
1.79019
1.79239
1.79452
1.79741
1.80164
1.80778
1.81534
1.82453
1.83457
1.8458
1.85689
1.86772
1.8775
1.88653
1.89371
1.8993
1.902
1.90233
1.90046
1.89783
1.89363
1.88692
1.87939
1.87235
1.86738
1.86426
1.8632
1.86334
1.86472
1.86664
1.86849
1.86993
1.87055
1.87018
1.86826
1.86429
1.85882
1.85113
1.84304
1.83446
1.82627
1.81955
1.81293
1.8112
2.95734
2.90684
2.76901
2.44586
1.80921
0.956455
0.564434
0.581186
0.667666
0.764831
0.849834
0.912746
0.960457
0.999094
1.03349
1.06595
1.09725
1.12775
1.15746
1.18658
1.21512
1.24345
1.27107
1.29797
1.32417
1.34973
1.37472
1.39897
1.42243
1.44533
1.46695
1.4879
1.50709
1.52516
1.54133
1.55549
1.56688
1.57521
1.58079
1.58384
1.58627
1.58844
1.59096
1.59482
1.60046
1.60832
1.61951
1.63538
1.6521
1.6686
1.68385
1.69745
1.7088
1.71747
1.72378
1.72781
1.73091
1.73405
1.73831
1.74403
1.75189
1.76115
1.77217
1.78392
1.79699
1.80977
1.82293
1.83497
1.84696
1.85745
1.86727
1.87505
1.88138
1.88508
1.8861
1.88485
1.8832
1.88006
1.87444
1.86682
1.8595
1.85346
1.84926
1.84681
1.84574
1.84548
1.8454
1.84488
1.84379
1.84138
1.83745
1.83091
1.82404
1.81544
1.80747
1.79974
1.79331
1.78883
1.78478
1.78474
2.96502
2.9078
2.77825
2.48187
1.82244
0.919086
0.427053
0.435403
0.521302
0.621027
0.701362
0.76369
0.81492
0.86023
0.901923
0.941018
0.97807
1.0133
1.04698
1.07928
1.11053
1.14066
1.1704
1.19922
1.22727
1.25462
1.28156
1.30787
1.33381
1.35928
1.38398
1.40801
1.43094
1.45238
1.47258
1.49071
1.50687
1.52004
1.53048
1.53773
1.54217
1.5455
1.54889
1.5518
1.55524
1.56042
1.5676
1.57605
1.58689
1.59988
1.61221
1.62243
1.63139
1.63834
1.64428
1.64875
1.65405
1.66001
1.66851
1.6782
1.69022
1.70289
1.71714
1.73153
1.74663
1.76121
1.77575
1.78958
1.80295
1.81533
1.82668
1.83674
1.84528
1.85181
1.85629
1.85737
1.8567
1.85555
1.85286
1.84755
1.83926
1.83109
1.82338
1.81742
1.81254
1.80888
1.80549
1.80209
1.79799
1.79302
1.78653
1.77952
1.77166
1.76445
1.75768
1.75255
1.74872
1.74691
1.74543
1.74689
2.96656
2.90995
2.78539
2.49139
1.82466
0.899534
0.382781
0.386664
0.452892
0.530751
0.592959
0.645371
0.693062
0.738094
0.780882
0.821644
0.860437
0.897475
0.932947
0.96699
0.999988
1.03193
1.06319
1.09404
1.12446
1.15435
1.18385
1.21294
1.24144
1.26948
1.29679
1.3232
1.34875
1.37309
1.39588
1.41759
1.43692
1.4546
1.46919
1.48094
1.48933
1.49433
1.49852
1.50182
1.50417
1.50607
1.50829
1.51165
1.51658
1.523
1.5291
1.53519
1.54136
1.54789
1.55421
1.56156
1.57015
1.58113
1.59368
1.60801
1.62325
1.63947
1.6562
1.67302
1.68991
1.70604
1.72225
1.73716
1.7521
1.76531
1.77825
1.78943
1.79972
1.80818
1.81475
1.81894
1.81979
1.81936
1.81816
1.81528
1.80896
1.80028
1.79037
1.78092
1.77173
1.76359
1.75555
1.74798
1.73997
1.73185
1.7234
1.71534
1.70793
1.70177
1.69717
1.69415
1.69283
1.69295
1.69298
1.69572
2.96698
2.9125
2.78524
2.49578
1.82473
0.900682
0.382971
0.385332
0.439981
0.501165
0.546739
0.586022
0.624505
0.663344
0.70191
0.73983
0.776722
0.81264
0.847528
0.881571
0.914798
0.947466
0.97945
1.0112
1.04247
1.07345
1.10399
1.13418
1.16381
1.19316
1.22161
1.24978
1.27676
1.30301
1.32809
1.35151
1.37375
1.39373
1.41114
1.42621
1.4373
1.44418
1.44815
1.45149
1.45315
1.4524
1.44937
1.44662
1.44425
1.44313
1.4432
1.44664
1.45145
1.45655
1.4638
1.47451
1.48835
1.50418
1.52176
1.53983
1.55849
1.57718
1.59585
1.61411
1.6318
1.64889
1.66534
1.68096
1.69607
1.71016
1.72396
1.73637
1.74847
1.75856
1.7682
1.77528
1.78008
1.7818
1.78248
1.78152
1.77805
1.7713
1.76026
1.7485
1.7339
1.72048
1.70567
1.69272
1.67902
1.66778
1.6566
1.64849
1.64113
1.63684
1.63346
1.63237
1.63201
1.63288
1.63363
1.63576
2.9655
2.91301
2.79389
2.4574
1.82541
0.831476
0.353166
0.3637
0.417725
0.475651
0.516724
0.551274
0.585854
0.621886
0.658653
0.695356
0.731559
0.767052
0.801838
0.835863
0.869255
0.902054
0.934333
0.966226
0.997677
1.0288
1.05945
1.08971
1.11954
1.14892
1.17765
1.20604
1.23333
1.26019
1.28566
1.31011
1.33327
1.35421
1.37365
1.3903
1.40339
1.41247
1.41665
1.41947
1.42002
1.41781
1.41079
1.40188
1.39218
1.38381
1.37899
1.37832
1.38285
1.3881
1.3959
1.40803
1.42465
1.44364
1.46367
1.48385
1.50428
1.52418
1.54399
1.56286
1.5815
1.59932
1.61673
1.63359
1.64975
1.66559
1.68056
1.69499
1.70861
1.72098
1.73218
1.74179
1.74815
1.75262
1.75278
1.75309
1.75038
1.7443
1.73393
1.71896
1.70167
1.68167
1.66218
1.64172
1.6244
1.60767
1.59543
1.58447
1.57799
1.57238
1.57033
1.56843
1.56912
1.56963
1.57063
1.57226
2.96723
2.91309
2.7856
2.49656
1.82464
0.89857
0.383987
0.390461
0.442299
0.496846
0.532698
0.561669
0.591549
0.623625
0.657077
0.69084
0.72441
0.757527
0.79015
0.822212
0.853858
0.885028
0.915977
0.946526
0.976999
1.00704
1.03697
1.06642
1.09567
1.12447
1.1528
1.18084
1.20793
1.23476
1.26025
1.28507
1.30849
1.33004
1.35037
1.36772
1.38206
1.39236
1.39693
1.39956
1.39985
1.39696
1.38813
1.37539
1.36148
1.34928
1.34075
1.33835
1.34276
1.34777
1.3558
1.36894
1.38667
1.4067
1.42776
1.44888
1.47012
1.4907
1.51091
1.53025
1.54916
1.56728
1.58499
1.60193
1.6184
1.63421
1.64931
1.6638
1.67709
1.68968
1.70029
1.70993
1.71628
1.72018
1.71993
1.71861
1.71551
1.70901
1.69735
1.68009
1.65902
1.63482
1.61024
1.58522
1.56393
1.54436
1.53022
1.51847
1.51143
1.5059
1.50367
1.50198
1.50257
1.50264
1.50354
1.50467
)
;

boundaryField
{
    inlet
    {
        type            calculated;
        value           uniform 3.00001;
    }
    outlet
    {
        type            calculated;
        value           nonuniform List<scalar> 
40
(
1.05605
1.1528
1.23056
1.29846
1.34909
1.39218
1.42037
1.44264
1.46169
1.47764
1.49681
1.52026
1.54795
1.57662
1.60392
1.62935
1.65423
1.6773
1.69928
1.72046
1.74108
1.76044
1.77877
1.79621
1.81265
1.82815
1.84164
1.8519
1.85836
1.85842
1.85362
1.84472
1.83095
1.8112
1.78474
1.74689
1.69572
1.63576
1.57226
1.50467
)
;
    }
    bottom
    {
        type            symmetryPlane;
    }
    top
    {
        type            symmetryPlane;
    }
    obstacle
    {
        type            calculated;
        value           uniform 0;
    }
    defaultFaces
    {
        type            empty;
    }
}


// ************************************************************************* //
