/*--------------------------------*- C++ -*----------------------------------*\
| =========                 |                                                 |
| \\      /  F ield         | OpenFOAM: The Open Source CFD Toolbox           |
|  \\    /   O peration     | Version:  2412                                  |
|   \\  /    A nd           | Website:  www.openfoam.com                      |
|    \\/     M anipulation  |                                                 |
\*---------------------------------------------------------------------------*/
FoamFile
{
    version     2.0;
    format      ascii;
    arch        "LSB;label=32;scalar=64";
    class       volScalarField;
    location    "4.5";
    object      p;
}
// * * * * * * * * * * * * * * * * * * * * * * * * * * * * * * * * * * * * * //

dimensions      [1 -1 -2 0 0 0 0];

internalField   nonuniform List<scalar> 
5250
(
1
1.00003
1.00008
1.00023
1.00048
1.00139
1.00274
1.00837
1.01497
1.05401
1.08898
1.34971
1.72021
3.38755
7.50496
11.8837
11.3367
11.0554
11.1503
11.3927
11.6092
11.7348
11.8328
11.9081
11.9616
1
1.00003
1.00008
1.00023
1.00048
1.00136
1.0027
1.00822
1.01476
1.0529
1.0874
1.34255
1.70457
3.33537
7.37063
11.9054
11.3429
11.0485
11.1431
11.3853
11.6026
11.7293
11.829
11.9057
11.961
1
1.00003
1.00008
1.00022
1.00046
1.00132
1.00262
1.00791
1.01438
1.05061
1.08426
1.32748
1.67143
3.22304
7.06764
11.9463
11.3522
11.0233
11.1139
11.352
11.5703
11.6972
11.797
11.8744
11.9312
1
1.00003
1.00007
1.00021
1.00044
1.00125
1.00251
1.00746
1.01383
1.0473
1.07978
1.30576
1.62351
3.06025
6.61382
11.9974
11.3702
10.9822
11.0633
11.2901
11.5105
11.6371
11.7358
11.8133
11.8737
1
1.00003
1.00007
1.0002
1.00042
1.00118
1.00238
1.00692
1.01316
1.04336
1.07441
1.27971
1.56629
2.86502
6.04492
11.991
11.3783
10.9295
10.9965
11.2046
11.4252
11.5498
11.6459
11.7228
11.7877
1
1.00003
1.00006
1.00019
1.00039
1.0011
1.00223
1.0064
1.01241
1.03949
1.0691
1.25439
1.50618
2.68023
5.52146
11.8523
11.3294
10.8524
10.9056
11.0875
11.3033
11.4237
11.5139
11.5877
11.6587
1
1.00002
1.00006
1.00017
1.00036
1.00102
1.00208
1.00594
1.01165
1.03617
1.06468
1.23252
1.4547
2.5539
5.08284
11.4475
11.1747
10.7676
10.7984
10.9356
11.137
11.2487
11.3267
11.3887
11.4593
1
1.00002
1.00005
1.00016
1.00034
1.00095
1.00193
1.00549
1.0109
1.03301
1.06078
1.2115
1.40797
2.44289
4.63838
10.8372
10.919
10.7191
10.68
10.7563
10.9214
11.0156
11.0659
11.0973
11.1483
1
1.00002
1.00005
1.00015
1.0003
1.00086
1.00175
1.00498
1.00993
1.0298
1.0555
1.19085
1.36331
2.30658
4.22023
10.0648
10.7783
10.6314
10.5177
10.5583
10.6637
10.7206
10.717
10.6765
10.6327
1
1.00002
1.00004
1.00013
1.00026
1.00075
1.00152
1.00435
1.00855
1.02655
1.0475
1.17287
1.31264
2.17871
3.8327
9.16611
10.6621
10.5274
10.327
10.3331
10.3681
10.3578
10.2782
10.0695
9.72055
1
1.00001
1.00004
1.00009
1.00025
1.00048
1.0015
1.00262
1.00947
1.01526
1.05951
1.09732
1.38885
1.80361
3.66527
8.07372
10.5557
10.4175
10.1323
10.0747
10.0491
9.95895
9.70739
9.10651
7.56616
1
1.00001
1.00003
1.0001
1.0002
1.00057
1.00115
1.00331
1.00643
1.0203
1.03564
1.13078
1.22913
1.87434
3.01806
6.94824
10.4736
10.3044
9.94467
9.81421
9.73049
9.54357
9.13642
8.30893
6.69727
1
1.00001
1.00003
1.00008
1.00018
1.0005
1.00102
1.00288
1.0058
1.01684
1.03306
1.10385
1.19921
1.68352
2.60148
5.69882
10.3049
10.1546
9.78839
9.56716
9.41994
9.15351
8.64525
7.78648
6.47095
1
1.00001
1.00002
1.00007
1.00015
1.00042
1.00085
1.00241
1.00486
1.01396
1.02764
1.08424
1.1654
1.54127
2.26132
4.69871
9.82922
9.86974
9.65678
9.34144
9.12223
8.80741
8.28447
7.48853
6.42424
1
1.00001
1.00002
1.00006
1.00012
1.00034
1.00069
1.00193
1.00387
1.01131
1.02124
1.07068
1.12374
1.45323
1.98653
4.0665
8.77695
9.58198
9.44448
9.14003
8.85947
8.51715
8.01866
7.30917
6.41626
1
1.00001
1.00002
1.00005
1.0001
1.00027
1.00055
1.00154
1.00305
1.0091
1.01653
1.05753
1.09587
1.36889
1.75175
3.46026
7.31995
9.32631
9.24222
8.9908
8.64754
8.28228
7.81004
7.1773
6.40832
1
1.00001
1.00001
1.00004
1.00008
1.00022
1.00044
1.00123
1.00248
1.00714
1.0137
1.04418
1.07641
1.28307
1.56854
2.85206
5.77258
9.11894
9.09437
8.89339
8.48807
8.09797
7.64699
7.07467
6.39933
1
1
1.00001
1.00003
1.00006
1.00017
1.00034
1.00095
1.00193
1.00546
1.0108
1.03255
1.0596
1.20369
1.40201
2.29616
4.23281
8.65473
8.96148
8.78688
8.38897
7.95449
7.5107
6.98968
6.38797
1
1
1.00001
1.00002
1.00004
1.00013
1.00026
1.00071
1.00145
1.0041
1.00804
1.02462
1.04408
1.15718
1.28126
2.03532
3.38638
7.4915
8.70116
8.59385
8.29401
7.83766
7.39715
6.91665
6.37793
1
1
1.00001
1.00001
1.00004
1.00008
1.00022
1.00044
1.00124
1.0024
1.00744
1.01292
1.04693
1.07685
1.29421
1.58978
2.89307
5.8012
8.43432
8.40638
8.20412
7.77071
7.30935
6.85194
6.36294
1
1
1
1.00001
1.00003
1.00006
1.00017
1.00034
1.00095
1.00192
1.0054
1.01079
1.03182
1.0602
1.19527
1.39686
2.23662
3.98834
7.9309
8.28072
8.12462
7.74726
7.25413
6.80651
6.35112
1
1
1
1.00001
1.00002
1.00005
1.0001
1.00028
1.00057
1.00161
1.00321
1.00941
1.01756
1.05794
1.10307
1.3577
1.78309
3.2827
6.66601
8.02216
7.953
7.70191
7.22576
6.77678
6.34899
1
1
1
1.00001
1.00002
1.00003
1.00009
1.00018
1.0005
1.00101
1.00283
1.00568
1.0165
1.03143
1.10163
1.18887
1.64474
2.46419
5.03154
7.65763
7.74118
7.60065
7.23804
6.77833
6.35144
1
1
1
1
1.00001
1.00003
1.00005
1.00014
1.00029
1.0008
1.00161
1.00456
1.00891
1.0272
1.04869
1.16934
1.31321
2.05277
3.41311
6.89805
7.59434
7.501
7.23472
6.79616
6.36285
1
1
1
1
1.00001
1.00001
1.00004
1.00008
1.00023
1.00047
1.00131
1.00259
1.00765
1.01388
1.04716
1.079
1.29125
1.56811
2.80678
5.34571
7.31258
7.32765
7.20153
6.86253
6.39388
1
1
1
1
1.00001
1.00001
1.00003
1.00006
1.00016
1.00033
1.0009
1.00183
1.0051
1.01023
1.02936
1.05771
1.17474
1.3628
2.08127
3.5077
6.75082
7.22765
7.1407
6.89927
6.45719
1
1
1
1
1
1.00001
1.00002
1.00005
1.00009
1.00025
1.00052
1.00143
1.00288
1.00811
1.01595
1.0481
1.08972
1.29253
1.62891
2.80001
5.37918
6.98735
7.00071
6.88229
6.58
1
1
1
1
1
1
1.00001
1.00003
1.00007
1.00014
1.0004
1.00081
1.00223
1.00448
1.01267
1.02502
1.07407
1.14717
1.4464
2.00499
3.59812
6.45119
6.89203
6.82513
6.61796
1
1
1
1
1
1
1.00001
1.00002
1.00004
1.00011
1.00022
1.0006
1.00122
1.00339
1.0066
1.0199
1.03543
1.12185
1.21439
1.75447
2.63841
5.23495
6.65286
6.69014
6.59256
1
1
1
1
1
1
1
1.00001
1.00003
1.00007
1.00015
1.0004
1.00081
1.00222
1.00447
1.01251
1.02482
1.0723
1.14551
1.43192
1.96558
3.45892
6.0996
6.57486
6.52648
1
1
1
1
1
1
1
1.00001
1.00002
1.00004
1.0001
1.00021
1.00058
1.00117
1.00324
1.00634
1.01889
1.03382
1.11524
1.20193
1.70569
2.50835
4.8773
6.31571
6.40212
1
1
1
1
1
1
1
1
1.00001
1.00002
1.00007
1.00014
1.00037
1.00075
1.00207
1.00417
1.01158
1.02318
1.06595
1.13552
1.38848
1.86835
3.18155
5.70735
6.27356
1
1
1
1
1
1
1
1
1.00001
1.00002
1.00004
1.0001
1.00019
1.00053
1.00107
1.00295
1.00581
1.01708
1.03093
1.10355
1.18266
1.62095
2.32361
4.4174
5.95857
1
1
1
1
1
1
1
1
1
1.00001
1.00003
1.00005
1.00014
1.00028
1.00077
1.00156
1.00427
1.00849
1.02435
1.0457
1.14362
1.2765
1.82923
2.83967
5.24282
1
1
1
1
1
1
1
1
1
1.00001
1.00002
1.00003
1.00009
1.00018
1.00047
1.00096
1.00261
1.00526
1.01454
1.0286
1.0847
1.15991
1.50167
2.08021
3.71614
1
1
1
1
1
1
1
1
1
1
1.00001
1.00002
1.00005
1.0001
1.00028
1.00057
1.00156
1.00314
1.00861
1.01733
1.04815
1.0993
1.2777
1.61187
2.57712
1
1
1
1
1
1
1
1
1
1
1
1.00001
1.00003
1.00007
1.00014
1.00038
1.00077
1.00208
1.00419
1.01149
1.0227
1.06505
1.12757
1.37056
1.80197
1
1
1
1
1
1
1
1
1
1
1
1.00001
1.00002
1.00004
1.00008
1.00022
1.00045
1.00122
1.00246
1.0067
1.0133
1.03756
1.07357
1.215
1.45244
1
1
1
1
1
1
1
1
1
1
1
1
1.00001
1.00002
1.00005
1.00011
1.0003
1.0006
1.00162
1.00327
1.00892
1.01798
1.0495
1.10297
1.28136
1
1
1
1
1
1
1
1
1
1
1
1
1
1.00001
1.00003
1.00007
1.00015
1.00039
1.00079
1.00212
1.00426
1.0116
1.02288
1.06535
1.12625
1
1
1
1
1
1
1
1
1
1
1
1
1
1.00001
1.00002
1.00004
1.00008
1.00022
1.00045
1.0012
1.00243
1.00655
1.01313
1.03606
1.0732
1
1
1
1
1
1
1
1
1
1
1
1
1
1
1.00001
1.00002
1.00005
1.00011
1.00029
1.00059
1.00159
1.00319
1.00865
1.01744
1.0476
1
1
1
1
1
1
1
1
1
1
1
1
1
1
1.00001
1.00001
1.00003
1.00007
1.00015
1.0004
1.00081
1.00216
1.00435
1.0118
1.02338
1
1
1
1
1
1
1
1
1
1
1
1
1
1
1
1.00001
1.00002
1.00004
1.00011
1.00023
1.00062
1.00126
1.0034
1.00684
1.0189
1
1
1
1
1
1
1
1
1
1
1
1
1
1
1
1.00001
1.00002
1.00003
1.00009
1.00018
1.00048
1.00098
1.00271
1.00546
1.01541
1
1
1
1
1
1
1
1
1
1
1
1
1
1
1
1.00001
1.00001
1.00003
1.00007
1.00018
1.00037
1.00102
1.00207
1.00584
1.01154
1
1
1
1
1
1
1
1
1
1
1
1
1
1
1
1.00001
1.00001
1.00003
1.00006
1.00017
1.00035
1.00097
1.00196
1.00558
1.01108
1
1
1
1
1
1
1
1
1
1
1
1
1
1
1
1
1.00001
1.00003
1.00006
1.00016
1.00033
1.00093
1.00188
1.0054
1.01061
1
1
1
1
1
1
1
1
1
1
1
1
1
1
1
1
1.00001
1.00002
1.00006
1.00013
1.00036
1.00073
1.00215
1.00402
1.0134
1
1
1
1
1
1
1
1
1
1
1
1
1
1
1
1
1.00001
1.00003
1.00006
1.00016
1.00032
1.00091
1.00184
1.00533
1.01045
3.11769
1.59012
1.07639
1.01327
1.06458
1.22579
1.57954
2.08651
2.54707
3.03231
3.21459
3.2688
3.26839
3.22524
3.16037
3.10877
3.07666
3.04984
3.01873
2.9823
2.94389
2.90707
2.87156
2.83465
2.80083
2.7848
2.77978
2.77967
2.80637
2.86755
2.966
3.09466
3.24268
3.39963
3.55488
3.69979
3.83061
3.94626
4.05044
4.14057
4.21609
4.2797
4.33026
4.37698
4.41251
4.43556
4.44988
4.45729
4.45724
4.45404
4.44432
4.4264
4.40413
4.37932
4.35093
4.32007
4.28617
4.25035
4.21216
4.17255
4.13112
4.08864
4.04479
4.00016
3.95452
3.90833
3.86142
3.81417
3.76646
3.71858
3.67045
3.62231
3.5741
3.52599
3.47797
3.43018
3.38262
3.33544
3.28865
3.24237
3.19665
3.15156
3.10718
3.06354
3.02071
2.97872
2.93766
2.89755
2.85851
2.82059
2.78396
2.74871
2.7151
2.68332
2.65382
2.62706
2.60388
2.58539
2.57274
2.57193
3.77458
2.35912
1.75566
1.51559
1.45137
1.4679
1.56079
1.82519
2.40587
3.01951
3.24918
3.27478
3.26008
3.21026
3.14765
3.11355
3.08866
3.06088
3.02671
2.98393
2.94034
2.90125
2.86519
2.83163
2.80111
2.78337
2.77712
2.77691
2.79992
2.85748
2.95457
3.08294
3.22977
3.38489
3.53838
3.68116
3.81117
3.92445
4.03361
4.12551
4.20161
4.2658
4.31857
4.36549
4.40091
4.42522
4.4403
4.44812
4.44859
4.44627
4.43826
4.421
4.39778
4.37285
4.34523
4.31484
4.28145
4.24582
4.20797
4.16849
4.12734
4.08497
4.04134
3.99681
3.95136
3.90528
3.85855
3.81141
3.76386
3.71608
3.6681
3.62004
3.57194
3.52391
3.47598
3.42825
3.38079
3.33367
3.28697
3.24076
3.19514
3.15014
3.10587
3.06233
3.01964
2.97777
2.93687
2.89692
2.85809
2.82039
2.78404
2.74908
2.71581
2.68439
2.65529
2.62894
2.60622
2.58812
2.57634
2.57681
4.59605
3.28393
2.46283
1.95217
1.64024
1.51737
1.54346
1.67598
2.03378
2.79539
3.19771
3.25761
3.244
3.20566
3.14972
3.11081
3.07913
3.04842
3.01482
2.97699
2.93883
2.90408
2.8671
2.8328
2.80356
2.77827
2.76587
2.76364
2.78485
2.8383
2.93078
3.05549
3.19881
3.35504
3.51317
3.6604
3.79248
3.91027
4.01764
4.10966
4.187
4.25214
4.30611
4.35153
4.38704
4.4123
4.42824
4.43645
4.43724
4.43547
4.42903
4.41414
4.39004
4.36461
4.33734
4.30743
4.2746
4.23929
4.20179
4.16252
4.12163
4.07944
4.03604
3.99168
3.94645
3.90054
3.85403
3.80706
3.75971
3.7121
3.6643
3.61639
3.56844
3.52054
3.47275
3.42515
3.37783
3.33085
3.28431
3.23827
3.19283
3.14803
3.10397
3.06066
3.01823
2.97664
2.93607
2.8965
2.85809
2.82087
2.78504
2.75069
2.71812
2.68749
2.65928
2.63391
2.61234
2.59531
2.58635
2.58719
5.04443
3.86305
2.98951
2.38622
1.99311
1.74016
1.69925
1.74179
1.90382
2.29601
3.01964
3.22622
3.23372
3.21469
3.16905
3.12046
3.08329
3.04954
3.01313
2.97548
2.93622
2.8987
2.86179
2.82794
2.79932
2.77813
2.7661
2.76722
2.78403
2.83027
2.92012
3.04223
3.18186
3.33263
3.48631
3.63102
3.76239
3.88037
3.98661
4.07955
4.15866
4.22532
4.2808
4.32672
4.36297
4.38951
4.40679
4.41606
4.41773
4.4165
4.41175
4.40013
4.37701
4.35119
4.32391
4.29453
4.26251
4.22794
4.19107
4.15231
4.11189
4.07009
4.02709
3.98309
3.93822
3.89264
3.84646
3.7998
3.75277
3.70543
3.6579
3.61023
3.56253
3.51484
3.46728
3.41988
3.37279
3.32603
3.27976
3.23399
3.18886
3.14439
3.1007
3.0578
3.01582
2.97465
2.93467
2.89573
2.85806
2.82165
2.78679
2.7535
2.72218
2.69299
2.66644
2.64295
2.62349
2.60884
2.6038
2.60515
5.31506
4.28379
3.44284
2.81114
2.35443
2.03903
1.83558
1.83815
1.8942
2.08586
2.54556
3.09067
3.21715
3.21402
3.19327
3.14613
3.09671
3.05556
3.0173
2.97947
2.94095
2.90316
2.86754
2.83546
2.80968
2.7927
2.78614
2.79039
2.8105
2.86117
2.94605
3.05157
3.17562
3.30923
3.44946
3.58869
3.71957
3.83919
3.94644
4.04072
4.12174
4.19045
4.24787
4.29513
4.33267
4.36073
4.37968
4.39042
4.3934
4.39257
4.38912
4.38025
4.36151
4.33539
4.30769
4.27857
4.24729
4.21358
4.17753
4.13946
4.09965
4.05839
4.01589
3.97235
3.92794
3.88278
3.83702
3.79075
3.74409
3.69711
3.64992
3.60256
3.55517
3.50777
3.4605
3.4134
3.36662
3.3202
3.27431
3.22893
3.18427
3.14028
3.0971
3.05478
3.01345
2.97317
2.93397
2.89593
2.85929
2.82405
2.79054
2.75886
2.72943
2.70244
2.67836
2.6577
2.64132
2.63049
2.62979
2.63167
5.50078
4.6037
3.82522
3.19468
2.70648
2.34152
2.07781
1.94131
1.95231
2.02802
2.24815
2.72934
3.12464
3.20521
3.19952
3.17714
3.12873
3.0738
3.02993
2.991
2.9525
2.91532
2.88201
2.85484
2.83732
2.831
2.83455
2.8506
2.8926
2.96222
3.03107
3.10748
3.19769
3.30023
3.40368
3.52363
3.65043
3.77546
3.88916
3.98849
4.07333
4.145
4.20482
4.25415
4.29368
4.32387
4.34505
4.35789
4.36286
4.3624
4.3601
4.35377
4.33981
4.31531
4.28774
4.25872
4.22799
4.19514
4.16006
4.12288
4.08389
4.04334
4.0015
3.95855
3.9147
3.87008
3.82483
3.77904
3.73285
3.6863
3.63952
3.59256
3.54554
3.4985
3.4516
3.40488
3.35853
3.31256
3.26719
3.22231
3.1783
3.13505
3.09272
3.05125
3.01085
2.97151
2.93348
2.89672
2.86154
2.82798
2.79645
2.76708
2.74032
2.71653
2.69598
2.67938
2.66721
2.66294
2.66385
2.66758
5.62871
4.84908
4.13723
3.52997
3.03209
2.63803
2.33552
2.11858
2.03422
2.05398
2.14364
2.37307
2.85085
3.13716
3.19119
3.18422
3.16119
3.11197
3.05697
3.0114
2.97064
2.93571
2.90686
2.88883
2.88528
2.88977
2.90842
2.9559
3.05104
3.12988
3.1776
3.21653
3.26036
3.31063
3.3756
3.4392
3.54565
3.67519
3.80255
3.91543
4.01073
4.08925
4.15324
4.2053
4.24707
4.2795
4.30314
4.31856
4.32628
4.32646
4.32527
4.32117
4.31137
4.29126
4.2646
4.23582
4.2055
4.17339
4.13927
4.10311
4.0651
4.02545
3.98443
3.94224
3.89909
3.85512
3.81049
3.76529
3.71965
3.67362
3.62735
3.58085
3.53429
3.4877
3.44128
3.39504
3.34926
3.3039
3.25923
3.21533
3.17218
3.12985
3.08849
3.04807
3.00884
2.97084
2.93434
2.89928
2.86612
2.83494
2.80617
2.78002
2.75695
2.73723
2.72131
2.7096
2.70344
2.70382
2.70575
2.71149
5.72018
5.03483
4.3886
3.81339
3.32281
2.91576
2.58758
2.33435
2.15639
2.11613
2.14432
2.24158
2.46909
2.92576
3.1373
3.17439
3.16687
3.144
3.09575
3.04264
2.99626
2.96102
2.93907
2.9376
2.94287
2.96346
3.0174
3.13467
3.28458
3.36479
3.38529
3.38395
3.37722
3.36383
3.37068
3.39712
3.4519
3.54607
3.67662
3.80677
3.92124
4.01519
4.08929
4.14739
4.19286
4.22779
4.25393
4.27207
4.28265
4.28551
4.28484
4.28222
4.27557
4.26134
4.23739
4.20961
4.17983
4.14838
4.11514
4.08003
4.04312
4.00452
3.9645
3.92321
3.8809
3.8377
3.7938
3.74926
3.70427
3.65884
3.61314
3.56718
3.52115
3.47509
3.42925
3.3836
3.3386
3.29421
3.25057
3.20764
3.16557
3.12433
3.08417
3.04512
3.00748
2.97132
2.93678
2.9041
2.87365
2.84569
2.82061
2.79867
2.7804
2.76563
2.75521
2.74916
2.74926
2.75037
2.7537
2.76246
5.78688
5.1777
4.58987
4.05153
3.57661
3.1693
2.82802
2.55051
2.33661
2.19294
2.18321
2.2154
2.3167
2.54603
2.96286
3.12666
3.15587
3.14867
3.12734
3.08284
3.03271
2.9952
2.98615
2.99077
3.00964
3.06059
3.17493
3.40644
3.59555
3.6488
3.64102
3.60982
3.53672
3.44104
3.39073
3.39383
3.41322
3.45672
3.53816
3.66217
3.79049
3.90584
4.00011
4.07268
4.12731
4.16753
4.19743
4.21862
4.23223
4.2387
4.23863
4.23741
4.2335
4.22436
4.20566
4.17989
4.15115
4.12046
4.08806
4.05394
4.01815
3.98071
3.94182
3.90159
3.86026
3.81795
3.77489
3.73113
3.68687
3.64213
3.59708
3.55174
3.50635
3.46095
3.41587
3.3713
3.32734
3.28402
3.24151
3.19972
3.15892
3.11907
3.08052
3.04333
3.00785
2.97395
2.94212
2.91266
2.88593
2.86224
2.84198
2.82541
2.81269
2.80392
2.79929
2.79909
2.79986
2.80223
2.80745
2.81914
5.83463
5.28859
4.75308
4.25106
3.79668
3.39641
3.05101
2.75959
2.52258
2.3403
2.23456
2.23838
2.27554
2.38217
2.6168
2.97574
3.11267
3.13831
3.13234
3.11434
3.07693
3.04119
3.04257
3.05468
3.09503
3.19555
3.41293
3.77506
3.96762
3.96909
3.9435
3.86733
3.70913
3.55544
3.45357
3.40858
3.41087
3.42663
3.46253
3.5293
3.63439
3.75694
3.87123
3.96598
4.03896
4.09245
4.13082
4.15741
4.1751
4.18515
4.18807
4.18753
4.18535
4.17972
4.16755
4.14562
4.11889
4.08937
4.05792
4.0248
3.99011
3.95388
3.91621
3.87717
3.83696
3.79568
3.75358
3.71071
3.6673
3.62333
3.57904
3.53443
3.4898
3.44535
3.40145
3.35806
3.31537
3.27329
3.23209
3.19173
3.15253
3.11455
3.07814
3.04349
3.01055
2.97977
2.95159
2.92637
2.90443
2.88616
2.87177
2.86138
2.8548
2.85173
2.85196
2.85293
2.85508
2.85891
2.86384
2.87444
5.87079
5.37711
4.88704
4.4196
3.98805
3.59926
3.25613
2.95863
2.70611
2.50244
2.34301
2.27428
2.28273
2.32471
2.43609
2.67089
2.98115
3.09928
3.12476
3.12199
3.1127
3.09761
3.1039
3.1321
3.21153
3.39604
3.78458
4.21997
4.3498
4.33116
4.26342
4.10934
3.88467
3.69548
3.55891
3.47248
3.4294
3.42992
3.43972
3.4648
3.51619
3.60138
3.71114
3.81988
3.91423
3.98908
4.04452
4.0833
4.10897
4.12432
4.13204
4.13266
4.13177
4.12871
4.12136
4.10602
4.08227
4.05465
4.02459
3.99267
3.95917
3.92417
3.88778
3.85
3.81102
3.77091
3.72991
3.68807
3.64563
3.60255
3.55911
3.5154
3.47196
3.42882
3.38629
3.34425
3.30297
3.26239
3.22281
3.18432
3.14723
3.11175
3.07823
3.04648
3.01704
2.99048
2.96709
2.9473
2.93139
2.91952
2.91187
2.90735
2.90688
2.90735
2.90872
2.91149
2.91407
2.91573
2.91734
2.92134
5.90556
5.45033
4.99789
4.56243
4.15398
3.77983
3.44272
3.1447
2.88435
2.66448
2.48536
2.35149
2.30702
2.31916
2.36561
2.47884
2.71295
2.98251
3.0901
3.11801
3.1287
3.13967
3.1667
3.23332
3.386
3.71112
4.3271
4.69687
4.71997
4.68137
4.56537
4.32307
4.06406
3.85421
3.69514
3.579
3.50048
3.45522
3.44249
3.44743
3.46313
3.49862
3.5623
3.65596
3.7559
3.84919
3.92699
3.98592
4.02692
4.05315
4.06807
4.07382
4.07359
4.0721
4.06792
4.05861
4.03991
4.01542
3.98755
3.95727
3.9252
3.89152
3.85642
3.81994
3.78227
3.74344
3.70369
3.66303
3.62169
3.57963
3.53731
3.49497
3.45302
3.41142
3.37041
3.32998
3.29039
3.25171
3.21425
3.17823
3.14397
3.11184
3.08159
3.05384
3.02921
3.00811
2.99078
2.97767
2.96871
2.96363
2.96228
2.96277
2.96424
2.96723
2.96993
2.97065
2.96981
2.96715
2.96102
2.95629
5.93169
5.51063
5.09245
4.68567
4.29996
3.94084
3.61285
3.31679
3.05395
2.82418
2.62943
2.47224
2.36043
2.33328
2.34747
2.39653
2.51079
2.74291
2.98593
3.0901
3.12945
3.16927
3.23734
3.37799
3.67083
4.27053
4.92051
5.11983
5.09655
5.00771
4.80457
4.50519
4.24037
4.02468
3.85181
3.71458
3.60784
3.52889
3.47656
3.44759
3.44858
3.45442
3.4743
3.51791
3.59268
3.6831
3.77462
3.85477
3.9177
3.96238
3.99105
4.00587
4.0107
4.01018
4.008
4.0025
3.99082
3.97065
3.94584
3.91789
3.8877
3.8556
3.82195
3.78685
3.75058
3.71316
3.67482
3.6355
3.59541
3.55471
3.51399
3.47338
3.43315
3.39331
3.35411
3.31566
3.27822
3.24201
3.20737
3.17465
3.14425
3.11583
3.09012
3.06794
3.04945
3.03522
3.02517
3.01947
3.01775
3.01827
3.01997
3.0236
3.02775
3.02946
3.02875
3.02625
3.02052
3.00882
2.98846
2.97064
5.95934
5.5664
5.17751
4.79656
4.43066
4.08631
3.76724
3.47573
3.21232
2.97772
2.77252
2.59889
2.46086
2.36787
2.35675
2.37246
2.42375
2.53991
2.77233
3.00273
3.11605
3.20876
3.33783
3.59959
4.13612
4.99941
5.47487
5.48023
5.42908
5.28069
4.97838
4.67365
4.41522
4.19993
4.01916
3.86673
3.73858
3.63368
3.55059
3.48926
3.45018
3.43748
3.43784
3.44534
3.47033
3.52419
3.60434
3.69099
3.77254
3.84001
3.88956
3.92088
3.93767
3.94237
3.94173
3.93911
3.9327
3.91931
3.89855
3.87361
3.84583
3.81572
3.78382
3.75035
3.7157
3.67987
3.6431
3.60528
3.5668
3.52798
3.48923
3.45063
3.41242
3.37472
3.33778
3.30186
3.26726
3.23434
3.20352
3.17527
3.14905
3.12591
3.10651
3.09135
3.08043
3.07407
3.07204
3.0727
3.07474
3.07914
3.08533
3.08941
3.08921
3.08773
3.08358
3.07402
3.05472
3.02767
2.99739
2.97232
5.99486
5.62259
5.25726
4.89846
4.54998
4.2189
3.90858
3.62202
3.35984
3.12289
2.91154
2.72656
2.57263
2.44691
2.37727
2.37887
2.39809
2.45389
2.57809
2.82139
3.06275
3.2527
3.48815
3.95962
4.90722
5.68666
5.85687
5.8216
5.70319
5.44724
5.12266
4.83469
4.58881
4.37688
4.19077
4.02684
3.8824
3.75721
3.65059
3.56262
3.49393
3.44538
3.42276
3.41017
3.41187
3.42376
3.45525
3.51983
3.59939
3.6808
3.75157
3.80544
3.84175
3.86138
3.86857
3.86801
3.86534
3.85867
3.84479
3.82403
3.79909
3.7713
3.74152
3.71013
3.67747
3.64358
3.6086
3.57266
3.53627
3.49974
3.46328
3.42706
3.39131
3.35628
3.32227
3.28966
3.25887
3.23043
3.20468
3.18124
3.16101
3.14522
3.1336
3.12674
3.12451
3.12527
3.12776
3.13308
3.14122
3.14753
3.15042
3.14965
3.14669
3.1394
3.12409
3.09778
3.066
3.03128
2.99655
2.96556
6.05496
5.68611
5.3327
4.98983
4.65794
4.33888
4.03762
3.75635
3.49698
3.2595
3.04504
2.85334
2.68651
2.54928
2.43391
2.39514
2.40248
2.43196
2.50537
2.66108
2.94733
3.28679
3.71953
4.59497
5.74033
6.19077
6.17461
6.09021
5.88814
5.56489
5.26187
4.99621
4.76185
4.55135
4.36093
4.18795
4.03178
3.89102
3.76646
3.65779
3.56571
3.49079
3.43458
3.4
3.37977
3.37007
3.37433
3.3922
3.4329
3.50356
3.57872
3.65058
3.7103
3.75277
3.77841
3.78919
3.789
3.78695
3.78107
3.76842
3.74756
3.72247
3.69514
3.66618
3.6359
3.6043
3.57155
3.53802
3.50421
3.47032
3.43658
3.40322
3.37056
3.33896
3.30881
3.28066
3.25505
3.23243
3.21208
3.19568
3.18368
3.17652
3.17422
3.17514
3.17813
3.18457
3.19457
3.20363
3.20998
3.20996
3.20837
3.20341
3.19211
3.16952
3.13836
3.10311
3.0653
3.02557
2.98736
2.95249
6.13363
5.75261
5.40677
5.07371
4.75394
4.44678
4.15464
3.87955
3.62394
3.3877
3.17208
2.97667
2.80284
2.65253
2.53099
2.4361
2.43134
2.44785
2.50247
2.62755
2.88393
3.34984
4.05596
5.46836
6.35501
6.46082
6.41164
6.26863
5.97853
5.67495
5.40104
5.15419
4.92859
4.7198
4.52647
4.347
4.1816
4.0296
3.89154
3.76709
3.65694
3.56125
3.48117
3.41771
3.3731
3.34585
3.32373
3.32387
3.3312
3.35359
3.40164
3.4707
3.54293
3.60649
3.65539
3.68737
3.7039
3.7064
3.70506
3.70038
3.68974
3.66936
3.64543
3.61912
3.59129
3.5622
3.5322
3.50173
3.47101
3.44029
3.40984
3.38008
3.35137
3.32428
3.29927
3.27726
3.25809
3.24179
3.22954
3.22223
3.22025
3.22136
3.2249
3.23255
3.24479
3.25674
3.26578
3.26981
3.26891
3.26542
3.25693
3.23891
3.20975
3.17594
3.13795
3.09708
3.05492
3.01225
2.97237
2.93568
6.20435
5.81763
5.47293
5.15081
4.84056
4.54365
4.26082
3.99302
3.74182
3.50845
3.29287
3.09621
2.91869
2.76083
2.63182
2.52222
2.49387
2.50524
2.55137
2.67153
2.93721
3.49042
4.62614
6.16955
6.68685
6.66124
6.56482
6.35635
6.06808
5.79267
5.54021
5.30637
5.08723
4.88089
4.68612
4.50279
4.33066
4.17027
4.0216
3.88511
3.76073
3.64905
3.55035
3.46564
3.39587
3.34244
3.3074
3.27897
3.26238
3.26502
3.2774
3.30678
3.36555
3.43082
3.49563
3.55026
3.58943
3.61219
3.62097
3.62036
3.61718
3.60901
3.59215
3.56973
3.54439
3.51791
3.49107
3.46408
3.43708
3.41029
3.38408
3.35897
3.33551
3.31439
3.29656
3.28155
3.27006
3.26251
3.26142
3.26278
3.26701
3.27608
3.29117
3.30579
3.31868
3.32656
3.32638
3.32442
3.31878
3.30579
3.28002
3.24739
3.21016
3.16942
3.12645
3.08227
3.03807
2.99433
2.95426
2.91749
6.33112
5.90649
5.54376
5.22304
4.92238
4.63493
4.35966
4.09934
3.8524
3.62246
3.40809
3.21178
3.03308
2.87257
2.74161
2.62973
2.6129
2.62786
2.68119
2.82842
3.15034
3.84244
5.23133
6.38455
6.73411
6.71105
6.62857
6.449
6.18824
5.92871
5.68593
5.45896
5.24417
5.03952
4.84362
4.65672
4.47894
4.31139
4.15407
4.00776
3.87201
3.74763
3.6344
3.53323
3.44437
3.36926
3.30776
3.26518
3.22939
3.20318
3.19916
3.20433
3.22122
3.25813
3.31768
3.38125
3.4393
3.48528
3.51567
3.53216
3.53436
3.53292
3.52784
3.5164
3.49575
3.47306
3.44948
3.42604
3.40318
3.38115
3.36048
3.34158
3.32536
3.31228
3.30283
3.29575
3.29596
3.29779
3.30286
3.3139
3.33138
3.34918
3.36588
3.37807
3.38238
3.3813
3.37718
3.36729
3.34675
3.3165
3.28091
3.24063
3.19761
3.15291
3.10747
3.06206
3.01762
2.97436
2.93517
2.8995
6.3536
5.99568
5.62053
5.29531
4.99958
4.72033
4.45267
4.19847
3.95731
3.73131
3.51941
3.32479
3.14744
2.99033
2.86236
2.77885
2.78438
2.81843
2.91527
3.14807
3.63007
4.53669
5.39991
6.13556
6.54263
6.60999
6.58316
6.49964
6.32152
6.07921
5.83862
5.61172
5.39691
5.19133
4.99353
4.80332
4.62128
4.44808
4.2843
4.13021
3.9861
3.85173
3.7274
3.61327
3.50981
3.41774
3.33774
3.27079
3.21993
3.1782
3.14647
3.12664
3.12847
3.1377
3.16072
3.20755
3.26536
3.32536
3.37713
3.41577
3.43885
3.4503
3.45007
3.44795
3.44175
3.42844
3.40957
3.39053
3.37211
3.35552
3.34158
3.33073
3.32414
3.3198
3.32071
3.32397
3.33135
3.34541
3.36462
3.38556
3.40595
3.42344
3.433
3.43301
3.43105
3.42451
3.40991
3.38188
3.34865
3.30963
3.26699
3.22217
3.17621
3.12994
3.08413
3.03923
2.99586
2.95416
2.91662
2.88292
6.32546
6.11293
5.72244
5.3794
5.07902
4.80271
4.5411
4.2934
4.05752
3.83638
3.62875
3.43774
3.2654
3.12061
3.00789
2.99558
3.01712
3.09522
3.29052
3.70596
4.43176
4.9832
5.37694
5.78974
6.1812
6.41503
6.46696
6.44788
6.38186
6.23517
6.01206
5.77913
5.55464
5.34103
5.13745
4.94273
4.75676
4.57922
4.41055
4.25056
4.09956
3.95723
3.82397
3.69968
3.58499
3.48001
3.38556
3.30199
3.23055
3.17248
3.12663
3.08746
3.05962
3.05419
3.05801
3.07114
3.1005
3.15361
3.21158
3.26723
3.31295
3.34588
3.36503
3.3744
3.37418
3.37255
3.36795
3.35821
3.34636
3.33728
3.33133
3.33176
3.33363
3.33819
3.3483
3.36711
3.38924
3.41314
3.43793
3.45975
3.47629
3.48091
3.47977
3.47534
3.46489
3.44356
3.41247
3.37516
3.33367
3.28925
3.24313
3.19641
3.1498
3.10388
3.05924
3.01599
2.97479
2.93548
2.90009
2.86878
6.24846
6.11881
5.83325
5.47388
5.1627
4.8868
4.63008
4.38646
4.15547
3.93966
3.73786
3.55441
3.39677
3.273
3.23846
3.25718
3.32985
3.51541
3.91372
4.5805
5.02443
5.22529
5.36009
5.53089
5.77173
6.05574
6.26921
6.3519
6.33962
6.28962
6.1717
5.95728
5.72126
5.49289
5.27819
5.0762
4.88521
4.7036
4.53074
4.36614
4.20968
4.06115
3.92071
3.78848
3.66484
3.54999
3.44434
3.34818
3.26212
3.18698
3.12353
3.07372
3.02859
2.99577
2.97737
2.97875
2.98631
3.00564
3.04561
3.10031
3.15891
3.21234
3.25476
3.28463
3.30373
3.31435
3.32107
3.32332
3.32481
3.32751
3.3325
3.34185
3.35631
3.37603
3.40042
3.42881
3.4585
3.48581
3.50781
3.52189
3.52207
3.51992
3.51291
3.49777
3.47037
3.43641
3.39639
3.35275
3.30713
3.26029
3.21334
3.16688
3.12166
3.0777
3.03529
2.99442
2.95555
2.91871
2.88553
2.85687
6.14542
6.08611
5.91629
5.57469
5.25331
4.97236
4.71717
4.47938
4.25459
4.04397
3.85122
3.6844
3.5529
3.50975
3.5278
3.6012
3.79072
4.19788
4.86228
5.2463
5.37445
5.38227
5.382
5.40271
5.47634
5.64173
5.92794
6.1652
6.26525
6.25541
6.21144
6.10415
5.89451
5.65643
5.42751
5.21343
5.01316
4.82489
4.64649
4.4771
4.31559
4.16183
4.01542
3.87684
3.746
3.62349
3.50912
3.40341
3.30632
3.21855
3.14067
3.07318
3.01856
2.97062
2.93233
2.90566
2.90257
2.90627
2.91859
2.94611
2.99825
3.05787
3.11745
3.17009
3.2131
3.24603
3.27119
3.29123
3.30909
3.32801
3.34776
3.37113
3.39919
3.43133
3.46542
3.49839
3.52715
3.54828
3.55743
3.55651
3.55249
3.54228
3.5213
3.49063
3.45349
3.41184
3.36715
3.32068
3.27383
3.22744
3.18197
3.13749
3.09436
3.05259
3.01245
2.97398
2.93755
2.90349
2.8728
2.84754
5.97971
5.98733
5.90804
5.70628
5.36672
5.06712
4.80725
4.57193
4.35367
4.15315
3.97935
3.84321
3.79937
3.81895
3.89844
4.10309
4.54102
5.22294
5.58511
5.62502
5.60252
5.53012
5.38515
5.3445
5.36298
5.42801
5.57784
5.84981
6.07375
6.16415
6.1549
6.11385
6.01329
5.81313
5.58361
5.35824
5.14536
4.94641
4.75988
4.58394
4.41696
4.2579
4.10638
3.96233
3.8259
3.69719
3.57623
3.463
3.35768
3.26038
3.1717
3.09202
3.0221
2.96357
2.91369
2.8714
2.84221
2.82886
2.83108
2.84026
2.86234
2.90731
2.96764
3.03457
3.10109
3.16164
3.21436
3.25924
3.30017
3.33872
3.37758
3.41742
3.45761
3.49679
3.53244
3.56165
3.58076
3.58334
3.58156
3.57567
3.56264
3.53704
3.50349
3.46419
3.4213
3.37609
3.33003
3.28402
3.2386
3.19396
3.15049
3.10818
3.06732
3.02791
2.99027
2.95456
2.92106
2.8905
2.86295
2.84226
5.55336
5.88604
5.8597
5.74385
5.48955
5.17654
4.90581
4.67032
4.45999
4.27962
4.14036
4.10279
4.12562
4.216
4.44564
4.93363
5.6259
5.97959
5.97729
5.93355
5.81195
5.59366
5.41464
5.32251
5.32447
5.34471
5.40532
5.54057
5.76781
5.95988
6.04015
6.03224
5.99612
5.90604
5.72393
5.50694
5.28477
5.07284
4.87506
4.68994
4.51571
4.35046
4.19359
4.04451
3.90321
3.76946
3.64321
3.52413
3.41245
3.30796
3.21128
3.12246
3.04214
2.97105
2.9098
2.85963
2.81614
2.78414
2.76666
2.76791
2.7747
2.7927
2.83085
2.89593
2.97605
3.06045
3.14348
3.22243
3.29367
3.35823
3.41723
3.47089
3.51786
3.55684
3.58549
3.6009
3.60016
3.59677
3.58859
3.57204
3.54382
3.5084
3.46817
3.42481
3.38025
3.33524
3.29035
3.24597
3.20254
3.16004
3.11883
3.07891
3.04062
3.00399
2.96936
2.93704
2.90718
2.88104
2.85751
2.84265
4.57697
5.64881
5.77354
5.72475
5.58462
5.29884
5.01753
4.78137
4.58919
4.44498
4.41577
4.44365
4.54982
4.8146
5.37211
6.08074
6.42173
6.40862
6.33544
6.15761
5.89123
5.66082
5.48748
5.37096
5.31784
5.31971
5.3336
5.37843
5.48056
5.663
5.82113
5.89858
5.89313
5.86375
5.78673
5.62667
5.4211
5.20264
4.99352
4.79748
4.61384
4.44105
4.27779
4.12351
3.97736
3.83928
3.70841
3.58467
3.4679
3.35797
3.25536
3.1599
3.07213
2.99243
2.92139
2.85971
2.80873
2.7684
2.73789
2.72241
2.72443
2.73238
2.7519
2.7924
2.86097
2.95096
3.05504
3.16499
3.27059
3.36594
3.44666
3.5119
3.56028
3.59404
3.60812
3.60703
3.60266
3.59211
3.57087
3.54091
3.50518
3.46461
3.42212
3.37869
3.33515
3.29171
3.24888
3.20671
3.16565
3.12568
3.08718
3.05012
3.01491
2.98164
2.9507
2.92256
2.8973
2.87667
2.85827
2.84895
2.93376
5.09908
5.64851
5.66126
5.5978
5.4378
5.15859
4.92364
4.75734
4.73635
4.7709
4.89819
5.20905
5.8571
6.58518
6.89066
6.8684
6.77277
6.5513
6.24453
5.9791
5.77027
5.60599
5.47527
5.37808
5.31758
5.29962
5.30426
5.32909
5.39361
5.52487
5.6601
5.74209
5.73859
5.71546
5.65365
5.52402
5.32542
5.1129
4.90746
4.7139
4.53213
4.36133
4.20087
4.0495
3.90688
3.7716
3.64365
3.52273
3.4085
3.30164
3.20128
3.10847
3.02289
2.94541
2.87647
2.81727
2.76774
2.73156
2.70617
2.70681
2.71132
2.72329
2.75004
2.80231
2.88001
2.97798
3.09455
3.21729
3.3342
3.43449
3.51292
3.56484
3.59755
3.59681
3.5926
3.58297
3.56241
3.53029
3.49332
3.45332
3.41232
3.37073
3.32892
3.28747
3.24642
3.20618
3.16675
3.12856
3.09161
3.05628
3.02264
2.9911
2.96191
2.93552
2.91254
2.89331
2.87879
2.86588
2.86369
2.22334
3.82171
5.2924
5.57855
5.56815
5.49901
5.33527
5.11491
5.07042
5.11243
5.26673
5.63784
6.40316
7.14796
7.4063
7.37221
7.24429
6.9644
6.6237
6.33577
6.10558
5.91664
5.75352
5.60693
5.47783
5.37085
5.29434
5.25217
5.24099
5.25173
5.28894
5.37166
5.48612
5.5647
5.56782
5.55397
5.5091
5.4072
5.21737
5.01513
4.81564
4.62475
4.44577
4.27815
4.1208
3.97301
3.8331
3.70123
3.57667
3.4591
3.34898
3.24535
3.1493
3.0602
2.97908
2.9062
2.84276
2.78856
2.74792
2.71563
2.71116
2.71406
2.72341
2.7453
2.78942
2.8582
2.94584
3.04301
3.15262
3.26443
3.36674
3.45162
3.51047
3.54843
3.54796
3.54375
3.53341
3.51075
3.47489
3.43565
3.3958
3.35586
3.31623
3.27696
3.23831
3.20028
3.16314
3.12698
3.09212
3.05871
3.02708
2.99751
2.97038
2.9462
2.92551
2.9092
2.89676
2.88824
2.88542
2.88667
1.62349
2.55497
4.45478
5.3622
5.52603
5.51556
5.46966
5.43004
5.47963
5.66551
6.10794
7.01109
7.76541
7.96131
7.91167
7.74501
7.39443
7.02032
6.71519
6.47267
6.26991
6.08726
5.91566
5.75153
5.59676
5.45684
5.33663
5.24506
5.18616
5.14867
5.15195
5.16974
5.21407
5.30228
5.3727
5.38873
5.37853
5.34431
5.26414
5.10469
4.91432
4.71702
4.5313
4.35574
4.19096
4.03687
3.89241
3.75702
3.62962
3.50957
3.39723
3.29171
3.19398
3.10346
3.02116
2.94737
2.88316
2.82841
2.7875
2.75507
2.75091
2.75372
2.76251
2.78213
2.82171
2.87539
2.94172
3.01633
3.09557
3.17848
3.26008
3.33524
3.396
3.44052
3.45794
3.4566
3.45078
3.43709
3.40914
3.37405
3.33627
3.29815
3.26068
3.2241
3.1885
3.15385
3.12026
3.08785
3.05688
3.02761
3.00039
2.97575
2.95412
2.93625
2.92315
2.91366
2.90923
2.91
2.91325
2.92241
1.36713
1.78139
2.8578
4.83294
5.41469
5.56552
5.63575
5.78593
6.11189
6.77676
7.77427
8.45051
8.54016
8.46763
8.25318
7.82221
7.43524
7.12132
6.86804
6.65379
6.45723
6.26718
6.08099
5.89929
5.72398
5.55977
5.40988
5.27957
5.17637
5.10038
5.04493
5.03077
5.03717
5.06023
5.11107
5.17318
5.19629
5.19016
5.16562
5.10301
4.97639
4.80806
4.62187
4.43832
4.26402
4.10191
3.95167
3.81171
3.68124
3.55905
3.44571
3.34013
3.24261
3.15309
3.07211
3.00038
2.939
2.88844
2.85207
2.82589
2.82611
2.82907
2.8372
2.855
2.88623
2.92269
2.96158
3.00334
3.04573
3.0906
3.1388
3.19032
3.24125
3.2867
3.32006
3.33738
3.33698
3.33366
3.32433
3.30435
3.27377
3.2402
3.20568
3.17183
3.13918
3.10794
3.07822
3.05004
3.02363
2.99933
2.97755
2.9592
2.94431
2.9354
2.92893
2.92925
2.93161
2.93834
2.95249
2.98215
1.20229
1.4401
2.1346
3.60516
5.07952
5.56448
5.94711
6.50885
7.43476
8.62315
9.2423
9.22513
9.08702
8.75489
8.28128
7.87196
7.54488
7.28562
7.06194
6.85058
6.645
6.44131
6.23989
6.04289
5.85168
5.66958
5.49859
5.34207
5.20413
5.09024
4.99999
4.93133
4.89018
4.89131
4.90031
4.92317
4.96856
4.9966
4.99332
4.9769
4.93165
4.83403
4.68267
4.51319
4.34284
4.17774
4.02028
3.87295
3.73695
3.61143
3.49692
3.39212
3.29633
3.21026
3.13397
3.06844
3.01438
2.97289
2.9444
2.93044
2.93124
2.9344
2.94145
2.95475
2.96899
2.9808
2.98955
2.99552
3.00159
3.01051
3.02528
3.04917
3.07972
3.11441
3.15098
3.18347
3.20514
3.21528
3.21447
3.21046
3.20001
3.17845
3.15067
3.12111
3.09175
3.06398
3.03817
3.01454
2.99329
2.97504
2.96016
2.95
2.94416
2.94382
2.94546
2.9511
2.96373
2.98943
3.0137
3.06254
1.09882
1.26766
1.58931
2.46232
4.26213
5.50751
6.60524
8.02228
9.51273
10.0874
10.0316
9.79194
9.28179
8.76133
8.32879
7.98824
7.71851
7.4848
7.2643
7.04443
6.82533
6.60726
6.39197
6.18171
5.97746
5.78118
5.59433
5.4186
5.25705
5.11213
4.98955
4.88814
4.8043
4.75075
4.72981
4.73206
4.74182
4.76475
4.79342
4.7917
4.78103
4.7504
4.68095
4.54904
4.40161
4.24627
4.09162
3.94353
3.80518
3.67803
3.56124
3.456
3.36238
3.28116
3.21228
3.1562
3.11337
3.08406
3.06674
3.06168
3.06204
3.06283
3.06183
3.05842
3.05085
3.03632
3.01483
2.98892
2.96438
2.94376
2.93351
2.93464
2.93989
2.95284
2.9795
3.01379
3.04825
3.07671
3.09537
3.10353
3.10267
3.09875
3.08911
3.06938
3.04667
3.02405
3.00263
2.98395
2.96838
2.95766
2.95131
2.95152
2.95317
2.95862
2.97055
2.99454
3.02311
3.06331
3.09345
3.1509
1.06564
1.13126
1.36928
1.79809
2.96338
5.26576
8.04562
10.4593
11.0081
10.8933
10.5251
9.82789
9.25945
8.80357
8.45057
8.17345
7.92956
7.69601
7.46316
7.22876
6.994
6.76223
6.53474
6.31296
6.09745
5.88936
5.68984
5.49968
5.32115
5.15573
5.00628
4.87716
4.7654
4.67215
4.60605
4.56728
4.55732
4.56016
4.56961
4.58898
4.59179
4.58667
4.56806
4.51865
4.41889
4.29249
4.15307
4.01336
3.87916
3.75398
3.63986
3.53808
3.44973
3.37497
3.31559
3.27139
3.2416
3.22436
3.21581
3.21195
3.20714
3.19769
3.17944
3.15146
3.11498
3.07385
3.02628
2.97828
2.93273
2.89215
2.86017
2.83721
2.83023
2.83204
2.83887
2.85466
2.88634
2.92173
2.95525
2.98166
2.99904
3.00833
3.00796
3.00558
2.99939
2.98665
2.97211
2.9605
2.95217
2.95233
2.9541
2.95945
2.97133
2.99339
3.0226
3.06057
3.10036
3.14815
3.18103
3.23709
1.03714
1.11009
1.20858
1.66498
2.45486
4.87089
9.90187
11.8145
11.6756
11.2211
10.4528
9.79473
9.30311
8.9369
8.65535
8.40142
8.15248
7.90184
7.64949
7.39726
7.14738
6.90297
6.66466
6.4328
6.20755
5.98945
5.77951
5.57816
5.38693
5.20696
5.03976
4.88789
4.75408
4.63592
4.53607
4.46
4.41062
4.38337
4.38227
4.38518
4.39278
4.40331
4.40109
4.39072
4.36071
4.29393
4.18721
4.07121
3.95181
3.83748
3.7325
3.63989
3.5617
3.49903
3.45143
3.41959
3.40047
3.38928
3.37989
3.3671
3.34578
3.31364
3.27082
3.21834
3.15963
3.09582
3.02951
2.96674
2.90779
2.85424
2.80808
2.77057
2.74443
2.7307
2.7315
2.73593
2.74758
2.77204
2.80823
2.84615
2.87972
2.90628
2.92441
2.93618
2.94267
2.94427
2.9444
2.94509
2.94753
2.95361
2.96616
2.98506
3.01321
3.05131
3.09456
3.14228
3.18755
3.23517
3.2651
3.31267
1.0303
1.09242
1.1751
1.58787
2.34798
4.95366
10.7953
11.789
11.5533
10.9904
10.3017
9.80445
9.42984
9.14048
8.87736
8.61525
8.34841
8.07887
7.80994
7.54403
7.28188
7.02569
6.77682
6.53563
6.30182
6.07549
5.85727
5.64754
5.44718
5.25712
5.07809
4.91183
4.75959
4.62405
4.50237
4.39864
4.31687
4.25795
4.22328
4.21133
4.21284
4.21808
4.22936
4.23234
4.22875
4.21491
4.17859
4.10532
4.01749
3.92664
3.83984
3.76362
3.70155
3.65402
3.61902
3.59602
3.57948
3.56245
3.539
3.5048
3.45842
3.40037
3.33339
3.26053
3.18359
3.10481
3.02876
2.9563
2.88875
2.82683
2.77173
2.72434
2.68599
2.65825
2.64239
2.64278
2.64609
2.65548
2.67581
2.71228
2.7536
2.79383
2.82917
2.85822
2.88139
2.90004
2.91633
2.93206
2.95115
2.97034
2.99848
3.03543
3.07895
3.128
3.17868
3.22895
3.27242
3.31299
3.33498
3.37114
1.03498
1.06389
1.22145
1.43098
2.48232
4.74624
11.0214
11.5234
11.2545
10.695
10.2238
9.8716
9.58956
9.32249
9.05175
8.77455
8.49349
8.21212
7.93326
7.65851
7.38858
7.12309
6.865
6.61554
6.37447
6.14167
5.91745
5.7019
5.49553
5.29887
5.11235
4.93698
4.77364
4.62384
4.48846
4.36715
4.26306
4.1787
4.11611
4.07653
4.06061
4.06198
4.06727
4.07897
4.09626
4.10595
4.10397
4.09301
4.06689
4.01448
3.95763
3.90828
3.8679
3.83433
3.80669
3.78277
3.75614
3.72013
3.67186
3.61032
3.53769
3.45657
3.37064
3.28202
3.19339
3.10692
3.02489
2.94708
2.87454
2.80761
2.74707
2.6934
2.64742
2.61014
2.58276
2.56746
2.56778
2.57082
2.57964
2.59887
2.6367
2.68195
2.72924
2.77463
2.8166
2.85504
2.89118
2.92745
2.96449
3.00558
3.05198
3.10324
3.15738
3.21174
3.2627
3.30808
3.34363
3.37307
3.38605
3.4111
1.03351
1.06179
1.21436
1.41608
2.4635
4.70589
11.1083
11.3835
11.1111
10.5963
10.2284
9.9475
9.68931
9.42508
9.15056
8.8691
8.58471
8.30041
8.01833
7.73988
7.46604
7.1971
6.93403
6.67823
6.43111
6.19304
5.96408
5.74423
5.53357
5.33246
5.14103
4.95988
4.78957
4.63096
4.48526
4.35252
4.23409
4.13232
4.04913
3.98734
3.94739
3.93609
3.93868
3.94721
3.96594
3.99691
4.0278
4.05435
4.07362
4.07301
4.06973
4.06191
4.04545
4.02097
3.99252
3.95696
3.90828
3.84462
3.7677
3.68026
3.58579
3.48768
3.38864
3.29072
3.1958
3.10529
3.01966
2.9389
2.86373
2.79405
2.73047
2.673
2.62235
2.57893
2.54394
2.51844
2.50606
2.50684
2.51082
2.52105
2.5434
2.58475
2.63584
2.69221
2.75107
2.81014
2.86929
2.92893
2.98955
3.05176
3.11514
3.17769
3.23703
3.2903
3.33509
3.3707
3.39544
3.41335
3.42026
3.43445
1.03302
1.05938
1.21387
1.40769
2.46045
4.67781
11.0758
11.3013
11.0344
10.5522
10.2224
9.97116
9.72866
9.47128
9.19965
8.91943
8.6354
8.35072
8.06752
7.78739
7.51148
7.24058
6.97509
6.71665
6.46664
6.22569
5.994
5.77167
5.55862
5.35505
5.16082
4.97648
4.80206
4.63839
4.48612
4.346
4.21876
4.10591
4.00936
3.9316
3.87505
3.84272
3.84402
3.85049
3.86628
3.89917
3.95466
4.01478
4.07707
4.12944
4.17115
4.19352
4.19052
4.1794
4.1537
4.10146
4.02526
3.93324
3.83111
3.72304
3.61283
3.50324
3.39628
3.29314
3.19519
3.10241
3.01505
2.93304
2.85665
2.7857
2.72046
2.66083
2.60731
2.56014
2.52015
2.48856
2.46605
2.46042
2.46219
2.46835
2.48269
2.51227
2.56027
2.62128
2.69215
2.76931
2.85108
2.93441
3.01863
3.10045
3.17747
3.24652
3.30552
3.3529
3.38853
3.41377
3.42906
3.43699
3.44026
3.44743
1.0228
1.08553
1.14697
1.55988
2.2753
4.94495
11.0787
11.1874
10.938
10.4972
10.1963
9.968
9.74229
9.49484
9.22807
8.95007
8.66691
8.38227
8.09858
7.81758
7.54066
7.2688
7.00272
6.74323
6.49143
6.24852
6.01491
5.79076
5.57603
5.37073
5.17472
4.98834
4.81141
4.64474
4.48851
4.34372
4.21109
4.09152
3.98695
3.89908
3.83147
3.78524
3.78095
3.78571
3.80034
3.83283
3.89862
3.98377
4.07851
4.17049
4.24807
4.29462
4.29235
4.28109
4.25312
4.195
4.10038
3.98893
3.86992
3.74822
3.62775
3.51082
3.3991
3.29315
3.19335
3.09941
3.01137
2.92896
2.85207
2.78062
2.7145
2.65377
2.59862
2.54936
2.50654
2.47128
2.44435
2.43011
2.43109
2.43526
2.4458
2.46777
2.51082
2.57196
2.64918
2.73979
2.83934
2.94334
3.04558
3.14168
3.2261
3.29677
3.35194
3.39266
3.42056
3.43833
3.44661
3.44926
3.45063
3.45416
1.03278
1.05871
1.21331
1.4058
2.45906
4.67459
11.0719
11.237
10.9651
10.493
10.1897
9.97071
9.75267
9.50837
9.24189
8.96317
8.67921
8.394
8.10991
7.82863
7.55147
7.27938
7.01315
6.75359
6.50172
6.25822
6.02391
5.79897
5.58356
5.37755
5.18083
4.9936
4.81564
4.64769
4.48976
4.34293
4.20784
4.0853
3.97715
3.88464
3.81154
3.75918
3.74892
3.75345
3.76817
3.80134
3.86978
3.96831
4.0822
4.19571
4.291
4.34955
4.34646
4.3331
4.30106
4.23543
4.13396
4.01449
3.8879
3.7598
3.63435
3.51379
3.39963
3.2921
3.19137
3.09696
3.00871
2.92618
2.8492
2.77757
2.71116
2.65002
2.59416
2.54403
2.49995
2.46288
2.43422
2.41513
2.41567
2.4189
2.42758
2.44644
2.48462
2.54561
2.62614
2.72428
2.83427
2.95038
3.06269
3.1657
3.25261
3.32236
3.37428
3.41085
3.43478
3.44859
3.45443
3.45487
3.45536
3.45713
)
;

boundaryField
{
    inlet
    {
        type            fixedValue;
        value           uniform 1;
    }
    outlet
    {
        type            waveTransmissive;
        gamma           1.4;
        fieldInf        1;
        lInf            3;
        value           nonuniform List<scalar> 
40
(
2.56223
2.567
2.57716
2.59467
2.62067
2.656
2.69936
2.75005
2.80664
2.86256
2.91037
2.94671
2.96256
2.96503
2.95879
2.94605
2.92937
2.91122
2.8932
2.87658
2.86238
2.85044
2.84107
2.83572
2.83603
2.84222
2.85679
2.87959
2.915
2.97418
3.05411
3.14201
3.2278
3.30311
3.36145
3.40139
3.42482
3.43786
3.44465
3.44763
)
;
    }
    bottom
    {
        type            symmetryPlane;
    }
    top
    {
        type            symmetryPlane;
    }
    obstacle
    {
        type            zeroGradient;
    }
    defaultFaces
    {
        type            empty;
    }
}


// ************************************************************************* //
