/*--------------------------------*- C++ -*----------------------------------*\
| =========                 |                                                 |
| \\      /  F ield         | OpenFOAM: The Open Source CFD Toolbox           |
|  \\    /   O peration     | Version:  2412                                  |
|   \\  /    A nd           | Website:  www.openfoam.com                      |
|    \\/     M anipulation  |                                                 |
\*---------------------------------------------------------------------------*/
FoamFile
{
    version     2.0;
    format      ascii;
    arch        "LSB;label=32;scalar=64";
    class       volScalarField;
    location    "4.5";
    object      T;
}
// * * * * * * * * * * * * * * * * * * * * * * * * * * * * * * * * * * * * * //

dimensions      [0 0 0 1 0 0 0];

internalField   nonuniform List<scalar> 
5250
(
1.00001
1.00002
1.00006
1.0001
1.00033
1.00061
1.00182
1.00374
1.00977
1.02525
1.05747
1.17539
1.40326
2.12706
2.64938
2.75218
2.74643
2.74196
2.75577
2.76912
2.77906
2.78664
2.78974
2.79256
2.79972
1.00001
1.00002
1.00006
1.0001
1.00033
1.0006
1.0018
1.00367
1.00963
1.0247
1.05643
1.1717
1.39481
2.10879
2.6438
2.75174
2.74591
2.74071
2.75439
2.76762
2.77737
2.78472
2.78787
2.79011
2.79694
1.00001
1.00002
1.00005
1.0001
1.00032
1.00058
1.00175
1.00353
1.00937
1.02355
1.05431
1.16384
1.37658
2.0672
2.62845
2.7491
2.74329
2.73686
2.75101
2.76404
2.77447
2.78218
2.78524
2.78795
2.79415
1.00001
1.00001
1.00005
1.00009
1.0003
1.00055
1.00169
1.00332
1.00899
1.02189
1.05127
1.15249
1.35012
2.00266
2.60312
2.74365
2.7384
2.72903
2.74365
2.75675
2.76605
2.77549
2.78009
2.78238
2.79
1.00001
1.00001
1.00005
1.00009
1.00029
1.00052
1.00161
1.00308
1.00852
1.01992
1.04764
1.13888
1.31806
1.92407
2.56405
2.73251
2.72765
2.71897
2.73584
2.74959
2.76047
2.76683
2.77235
2.77638
2.78139
1.00001
1.00001
1.00005
1.00008
1.00027
1.00048
1.00151
1.00284
1.00807
1.01798
1.04439
1.12526
1.289
1.78718
2.56406
2.71716
2.70736
2.69891
2.71732
2.73178
2.74843
2.75693
2.75857
2.76225
2.77191
1.00001
1.00001
1.00004
1.00008
1.00025
1.00045
1.00141
1.00262
1.00765
1.01637
1.04169
1.11344
1.26436
1.72004
2.56286
2.70741
2.69698
2.688
2.705
2.71613
2.73024
2.74281
2.74694
2.74846
2.752
1.00001
1.00001
1.00004
1.00007
1.00023
1.00042
1.00132
1.00242
1.00726
1.01486
1.03928
1.10192
1.24233
1.67268
2.53995
2.68975
2.67411
2.67682
2.6846
2.69833
2.71043
2.72042
2.72366
2.72348
2.72787
1
1.00001
1.00004
1.00006
1.00021
1.00038
1.0012
1.00219
1.00667
1.01339
1.03599
1.09154
1.21772
1.61586
2.47698
2.66724
2.67159
2.66811
2.66919
2.67994
2.68764
2.69762
2.69872
2.6909
2.67253
1
1.00001
1.00003
1.00006
1.00018
1.00033
1.00102
1.00194
1.00558
1.01205
1.03078
1.08423
1.18855
1.56893
2.40445
2.63008
2.66499
2.65664
2.64999
2.65804
2.65993
2.66373
2.65904
2.64146
2.59109
1
1.00001
1.00002
1.00006
1.00011
1.00031
1.00068
1.00168
1.00443
1.00991
1.02889
1.06041
1.19751
1.44752
2.19926
2.59668
2.66567
2.65295
2.6371
2.6346
2.63535
2.63035
2.61151
2.56158
2.37094
1
1.00001
1.00002
1.00004
1.00014
1.00025
1.00076
1.00148
1.00412
1.00927
1.02284
1.06353
1.13865
1.43098
2.11346
2.50831
2.65121
2.64258
2.62381
2.61491
2.60203
2.59056
2.56203
2.50092
2.30372
1
1.00001
1.00002
1.00004
1.00012
1.00022
1.0007
1.00126
1.00393
1.00751
1.0214
1.04852
1.12067
1.32806
1.9448
2.43133
2.61938
2.61656
2.61034
2.59886
2.58346
2.5492
2.51173
2.45336
2.30225
1
1
1.00002
1.00003
1.0001
1.00018
1.00058
1.00106
1.00329
1.0062
1.01802
1.03887
1.10083
1.25645
1.75876
2.3589
2.58335
2.57575
2.57824
2.57339
2.56011
2.53069
2.46913
2.41953
2.30732
1
1
1.00001
1.00003
1.00008
1.00015
1.00047
1.00085
1.00259
1.00504
1.01367
1.03296
1.07685
1.22388
1.55002
2.27946
2.55012
2.55795
2.55153
2.54295
2.53182
2.50793
2.44924
2.38475
2.30387
1
1
1.00001
1.00002
1.00007
1.00012
1.00037
1.00068
1.00202
1.00406
1.01068
1.02675
1.06128
1.1842
1.42115
2.10043
2.47992
2.54653
2.53108
2.52188
2.50013
2.48391
2.44135
2.3751
2.29706
1
1
1.00001
1.00002
1.00005
1.00009
1.0003
1.00054
1.00167
1.00317
1.00882
1.02023
1.04863
1.1403
1.31978
1.90955
2.36471
2.52049
2.51652
2.50363
2.47777
2.44331
2.41696
2.3643
2.29225
1
1
1.00001
1.00001
1.00004
1.00007
1.00023
1.00042
1.00131
1.0024
1.00712
1.01467
1.03797
1.09854
1.23065
1.60701
2.25477
2.45747
2.48139
2.48018
2.46587
2.43241
2.39443
2.35075
2.28993
1
1
1.00001
1.00001
1.00003
1.00006
1.00017
1.00031
1.00097
1.00182
1.00521
1.01113
1.02821
1.07619
1.1678
1.50394
2.19008
2.39694
2.43957
2.43353
2.42865
2.41216
2.3778
2.33453
2.28173
1
1
1
1.00001
1.00002
1.00005
1.0001
1.00029
1.00055
1.00152
1.00337
1.00824
1.02216
1.04896
1.1475
1.33095
1.92941
2.32982
2.4242
2.41946
2.40267
2.3847
2.36113
2.32496
2.27751
1
1
1
1.00001
1.00001
1.00004
1.00007
1.00023
1.00041
1.00129
1.00238
1.0071
1.01441
1.03765
1.09355
1.22998
1.57262
2.20094
2.38503
2.3879
2.37884
2.35566
2.32744
2.30109
2.26841
1
1
1
1
1.00001
1.00002
1.00007
1.00012
1.00038
1.00071
1.00208
1.00424
1.01112
1.02726
1.06323
1.17541
1.44259
1.99192
2.32096
2.37054
2.36388
2.34602
2.31206
2.27789
2.24483
1
1
1
1
1.00001
1.00002
1.00004
1.00012
1.00022
1.00067
1.00125
1.0037
1.00745
1.01989
1.04824
1.11384
1.31155
1.85435
2.17271
2.31768
2.3319
2.3259
2.30742
2.27252
2.23677
1
1
1
1
1.00001
1.00001
1.00003
1.00006
1.00019
1.00035
1.00105
1.00204
1.00563
1.01239
1.03068
1.08248
1.18365
1.51137
2.10489
2.2616
2.28717
2.28378
2.27715
2.25934
2.22753
1
1
1
1
1
1.00001
1.00002
1.00006
1.0001
1.00031
1.00058
1.00166
1.00343
1.00877
1.02192
1.05015
1.1443
1.3215
1.85223
2.19328
2.27094
2.26813
2.25709
2.24173
2.21686
1
1
1
1
1
1.00001
1.00001
1.00004
1.00007
1.00022
1.0004
1.00122
1.00225
1.00666
1.01324
1.03543
1.08231
1.20941
1.50073
2.05136
2.22638
2.23679
2.23284
2.2164
2.19265
1
1
1
1
1
1
1.00001
1.00002
1.00006
1.00011
1.00034
1.00063
1.00187
1.00363
1.01002
1.02225
1.05412
1.14163
1.35521
1.81552
2.1446
2.21834
2.21692
2.20668
2.18602
1
1
1
1
1
1
1.00001
1.00002
1.00003
1.00009
1.00018
1.00052
1.00099
1.00288
1.0057
1.01547
1.03446
1.08671
1.21095
1.60914
1.97112
2.16452
2.1862
2.18498
2.17313
1
1
1
1
1
1
1
1.00001
1.00003
1.00005
1.00014
1.00026
1.00079
1.0015
1.00415
1.00902
1.02197
1.05881
1.12416
1.37688
1.86107
2.08976
2.15647
2.15973
2.15278
1
1
1
1
1
1
1
1.00001
1.00002
1.00003
1.0001
1.00017
1.00053
1.00097
1.00293
1.00555
1.01567
1.03323
1.08566
1.20307
1.59397
1.93824
2.11411
2.13221
2.13088
1
1
1
1
1
1
1
1
1.00001
1.00002
1.00005
1.00014
1.00025
1.00076
1.00144
1.00398
1.00854
1.02098
1.05525
1.11834
1.35202
1.81275
2.03739
2.10823
2.10766
1
1
1
1
1
1
1
1
1.00001
1.00002
1.00003
1.00009
1.00016
1.0005
1.00091
1.00271
1.00514
1.0145
1.03016
1.07919
1.18125
1.53817
1.87385
2.06326
2.089
1
1
1
1
1
1
1
1
1
1.00001
1.00002
1.00004
1.00013
1.00023
1.00069
1.00131
1.00365
1.00769
1.01923
1.0493
1.10849
1.30649
1.74504
1.97145
2.05083
1
1
1
1
1
1
1
1
1
1.00001
1.00001
1.00003
1.00006
1.00018
1.00034
1.001
1.00189
1.00535
1.011
1.02794
1.06858
1.15776
1.40495
1.8505
2.00543
1
1
1
1
1
1
1
1
1
1
1.00001
1.00002
1.00004
1.00011
1.00021
1.00063
1.00114
1.00342
1.00644
1.01784
1.03929
1.09252
1.24399
1.61206
1.90524
1
1
1
1
1
1
1
1
1
1
1
1.00001
1.00002
1.00007
1.00012
1.00037
1.00068
1.00203
1.00381
1.01085
1.02177
1.05888
1.12786
1.37886
1.69797
1
1
1
1
1
1
1
1
1
1
1
1.00001
1.00002
1.00003
1.00009
1.00017
1.00049
1.00092
1.00264
1.00513
1.01378
1.03011
1.07284
1.17731
1.46977
1
1
1
1
1
1
1
1
1
1
1
1
1.00001
1.00002
1.00005
1.0001
1.00029
1.00053
1.00158
1.00297
1.00827
1.01713
1.04276
1.10128
1.25049
1
1
1
1
1
1
1
1
1
1
1
1
1
1.00001
1.00002
1.00007
1.00013
1.00038
1.00072
1.00204
1.004
1.01087
1.02259
1.05965
1.12957
1
1
1
1
1
1
1
1
1
1
1
1
1
1.00001
1.00002
1.00003
1.00009
1.00017
1.0005
1.00093
1.00267
1.00518
1.01378
1.03029
1.07137
1
1
1
1
1
1
1
1
1
1
1
1
1
1
1.00001
1.00002
1.00005
1.0001
1.00029
1.00053
1.00155
1.00289
1.00813
1.01632
1.04216
1
1
1
1
1
1
1
1
1
1
1
1
1
1
1
1.00001
1.00002
1.00007
1.00013
1.00037
1.0007
1.00198
1.00387
1.01049
1.02165
1
1
1
1
1
1
1
1
1
1
1
1
1
1
1
1.00001
1.00002
1.00003
1.00009
1.00018
1.00051
1.00095
1.0027
1.00527
1.01404
1
1
1
1
1
1
1
1
1
1
1
1
1
1
1
1
1.00001
1.00003
1.00005
1.00015
1.00027
1.00081
1.00149
1.00435
1.0084
1
1
1
1
1
1
1
1
1
1
1
1
1
1
1
1
1.00001
1.00002
1.00004
1.00012
1.00021
1.00065
1.00119
1.00357
1.00684
1
1
1
1
1
1
1
1
1
1
1
1
1
1
1
1
1.00001
1.00001
1.00004
1.00008
1.00024
1.00045
1.00137
1.00258
1.00747
1
1
1
1
1
1
1
1
1
1
1
1
1
1
1
1
1.00001
1.00001
1.00004
1.00007
1.00023
1.00042
1.00133
1.00245
1.00735
1
1
1
1
1
1
1
1
1
1
1
1
1
1
1
1
1.00001
1.00001
1.00004
1.00007
1.00022
1.00041
1.00126
1.0024
1.00688
1
1
1
1
1
1
1
1
1
1
1
1
1
1
1
1
1
1.00001
1.00003
1.00009
1.00016
1.00047
1.00096
1.00256
1.00615
1
1
1
1
1
1
1
1
1
1
1
1
1
1
1
1
1.00001
1.00001
1.00004
1.00007
1.00022
1.0004
1.00124
1.00237
1.00679
2.34163
2.25094
2.25312
2.34621
2.43682
2.59929
2.75232
2.92965
3.06867
3.17386
3.21115
3.209
3.0437
2.97456
2.97842
2.96509
2.94171
2.93418
2.9244
2.91366
2.90532
2.89127
2.87975
2.86934
2.85628
2.84998
2.84273
2.83919
2.84182
2.84916
2.86746
2.88835
2.9129
2.93589
2.95569
2.97155
2.98256
2.99205
2.99826
3.0015
3.00256
3.00245
2.99649
2.99481
2.98575
2.98084
2.96943
2.96352
2.95104
2.94453
2.93103
2.92312
2.9084
2.90058
2.88606
2.87774
2.86293
2.8544
2.83941
2.83096
2.81653
2.80779
2.7937
2.78456
2.77065
2.76125
2.74758
2.73832
2.72495
2.71599
2.70287
2.69394
2.68061
2.67142
2.6579
2.64864
2.63516
2.62602
2.61275
2.60385
2.59087
2.58229
2.56965
2.56142
2.54917
2.54135
2.52952
2.52215
2.51082
2.50394
2.49325
2.48699
2.47712
2.47171
2.46301
2.45896
2.45212
2.45057
2.44753
2.44826
2.20317
2.12833
2.09104
2.08519
2.08843
2.10596
2.1699
2.35063
2.66527
2.82225
2.96809
3.06955
3.10125
3.11031
3.1128
3.11852
3.1142
3.1053
3.11398
3.12787
3.12595
3.11178
3.0989
3.09251
3.08257
3.07555
3.07112
3.06918
3.06881
3.06955
3.07301
3.07491
3.07564
3.07097
3.06422
3.05977
3.04001
3.02678
3.01105
2.99918
2.97392
2.95815
2.93832
2.92177
2.90273
2.88633
2.86777
2.8523
2.83466
2.82006
2.80299
2.78798
2.77001
2.75567
2.73864
2.72504
2.70869
2.69544
2.67952
2.66646
2.65089
2.63816
2.62314
2.61085
2.59616
2.58419
2.5697
2.55816
2.54402
2.53282
2.51882
2.50765
2.49393
2.48308
2.46979
2.45938
2.4464
2.43643
2.42379
2.41414
2.40193
2.39252
2.38074
2.37159
2.36019
2.35132
2.34029
2.33176
2.32113
2.31302
2.30282
2.29534
2.28572
2.27908
2.27037
2.26505
2.25805
2.25491
2.25162
2.25008
2.1944
2.12044
2.0438
1.98267
1.92439
1.92131
1.95204
2.05627
2.23987
2.52718
2.6975
2.73175
2.82078
2.9324
2.98193
3.0232
3.05963
3.08418
3.10796
3.1301
3.14649
3.15872
3.16728
3.18294
3.2148
3.23731
3.24043
3.23688
3.23275
3.22045
3.20614
3.1766
3.14594
3.10851
3.06706
3.01634
2.98022
2.94077
2.91076
2.87886
2.85214
2.82722
2.80366
2.78213
2.76165
2.74311
2.72459
2.70849
2.69208
2.67819
2.66305
2.64912
2.63375
2.62008
2.60634
2.59356
2.58074
2.56859
2.55645
2.54488
2.53297
2.52183
2.50985
2.49902
2.48709
2.47655
2.46486
2.45455
2.44314
2.43302
2.4219
2.41206
2.40119
2.39167
2.38097
2.37175
2.36118
2.35214
2.34175
2.33285
2.32268
2.314
2.30407
2.29564
2.28601
2.27786
2.26851
2.26076
2.25165
2.24441
2.23559
2.22895
2.22045
2.21458
2.20672
2.20192
2.19557
2.19252
2.19017
2.18814
2.19622
2.10728
2.03225
1.95922
1.90545
1.87241
1.87696
1.91518
2.02543
2.20832
2.41207
2.51315
2.58467
2.62157
2.67433
2.77142
2.84073
2.88409
2.94749
2.9991
3.03829
3.07176
3.1033
3.13271
3.16689
3.20321
3.22634
3.23744
3.23743
3.22108
3.18243
3.12782
3.06337
3.00113
2.93652
2.89132
2.84563
2.8104
2.77702
2.74964
2.72479
2.70346
2.68376
2.66674
2.64948
2.63401
2.61778
2.60416
2.59004
2.57869
2.56648
2.55588
2.54324
2.53193
2.51963
2.50858
2.4965
2.48587
2.4742
2.46402
2.45266
2.44276
2.43153
2.42181
2.41058
2.40078
2.3894
2.37936
2.36798
2.35792
2.34679
2.33708
2.32625
2.31699
2.30635
2.29732
2.28684
2.27787
2.26761
2.25865
2.24864
2.23981
2.23007
2.22161
2.21211
2.20417
2.19488
2.18743
2.17839
2.17154
2.1629
2.15689
2.14895
2.14403
2.13725
2.13352
2.12874
2.12682
2.12578
2.12464
2.20388
2.11081
2.03638
1.96531
1.90793
1.86088
1.84254
1.85725
1.90038
2.0283
2.21427
2.31567
2.3846
2.45158
2.49385
2.53111
2.57677
2.64835
2.70421
2.73599
2.78624
2.85497
2.90144
2.94147
2.98701
3.02493
3.05444
3.08348
3.07988
3.05767
3.00896
2.94338
2.87845
2.81398
2.76474
2.72255
2.69073
2.66467
2.6431
2.62519
2.60936
2.59523
2.58274
2.57131
2.56075
2.55039
2.54041
2.5303
2.5203
2.51072
2.50138
2.49198
2.48186
2.47167
2.4617
2.4522
2.44253
2.43323
2.42332
2.41408
2.40409
2.39503
2.38501
2.37596
2.36579
2.3567
2.34645
2.33739
2.32718
2.31817
2.30803
2.2991
2.28905
2.28025
2.27031
2.26157
2.2518
2.24308
2.2334
2.22477
2.21506
2.20659
2.1969
2.18864
2.17914
2.17132
2.16214
2.15498
2.14611
2.1397
2.13116
2.1255
2.11778
2.11291
2.10682
2.10289
2.09923
2.09771
2.09718
2.09586
2.21363
2.13002
2.04888
1.98277
1.91884
1.87024
1.82973
1.8249
1.84304
1.8929
2.01075
2.17384
2.25931
2.28974
2.33196
2.38727
2.41777
2.44814
2.48312
2.5276
2.57662
2.60899
2.64605
2.70004
2.74319
2.78373
2.80979
2.84744
2.84565
2.83155
2.78706
2.73011
2.67153
2.62433
2.58493
2.55994
2.54285
2.53226
2.52289
2.51584
2.50793
2.50153
2.49397
2.48734
2.47958
2.47241
2.46399
2.45624
2.44805
2.44085
2.43329
2.42603
2.41725
2.40867
2.39914
2.39075
2.38152
2.3731
2.36364
2.35481
2.34494
2.33601
2.32606
2.31726
2.30747
2.29878
2.28924
2.28069
2.27122
2.26266
2.25304
2.24431
2.23455
2.22571
2.21594
2.20722
2.1976
2.1892
2.17981
2.17166
2.16243
2.1543
2.14512
2.13716
2.12809
2.12067
2.11189
2.10531
2.09709
2.09139
2.084
2.07896
2.07271
2.06827
2.06337
2.06018
2.05685
2.05671
2.05595
2.05422
2.21882
2.13983
2.0704
1.99979
1.94225
1.88585
1.84462
1.81385
1.81524
1.83647
1.89378
1.99362
2.13326
2.20419
2.22631
2.25295
2.28886
2.3261
2.3496
2.36575
2.39859
2.43675
2.4755
2.50688
2.53938
2.58108
2.61608
2.65348
2.66331
2.65512
2.61971
2.56944
2.52685
2.48285
2.45782
2.43669
2.42895
2.42746
2.42817
2.42752
2.42589
2.42339
2.41948
2.41505
2.41012
2.40497
2.39943
2.39344
2.38693
2.38048
2.37424
2.36803
2.36099
2.35342
2.34543
2.33777
2.32993
2.32262
2.31472
2.30737
2.29898
2.29128
2.2826
2.27481
2.26616
2.25842
2.24986
2.24221
2.23379
2.22623
2.21769
2.20998
2.20093
2.19294
2.18346
2.17542
2.16606
2.15829
2.14938
2.14188
2.13335
2.12611
2.11762
2.11059
2.102
2.09535
2.08699
2.08096
2.07336
2.06812
2.06173
2.05739
2.05229
2.04916
2.04526
2.04365
2.04208
2.04226
2.04198
2.04075
2.22105
2.15416
2.0835
2.02309
1.96105
1.90944
1.86137
1.8238
1.80491
1.8081
1.83141
1.89756
1.97764
2.09188
2.15069
2.17572
2.19027
2.21123
2.24306
2.26218
2.28526
2.30232
2.33416
2.36948
2.40565
2.43808
2.47714
2.52711
2.54566
2.53938
2.50582
2.46467
2.41999
2.38351
2.35716
2.33694
2.32896
2.3293
2.33523
2.34073
2.34478
2.34709
2.34678
2.34547
2.34277
2.34062
2.33683
2.33382
2.32922
2.32517
2.32019
2.31631
2.31077
2.30539
2.29818
2.29198
2.28488
2.27865
2.2716
2.26524
2.2579
2.25127
2.24338
2.23651
2.22835
2.2214
2.21327
2.20624
2.1982
2.19109
2.18305
2.1758
2.16749
2.15991
2.15121
2.14336
2.13455
2.12685
2.11841
2.11138
2.10349
2.09713
2.08958
2.08354
2.0762
2.07017
2.06327
2.05736
2.05133
2.04624
2.04124
2.03768
2.03385
2.03163
2.02948
2.02845
2.0281
2.02822
2.02811
2.02622
2.2233
2.15939
2.09879
2.03753
1.9831
1.93035
1.88274
1.84419
1.81034
1.79894
1.80572
1.82908
1.89533
1.96672
2.0555
2.10376
2.13141
2.1424
2.15637
2.17085
2.19832
2.21802
2.24178
2.26598
2.29876
2.34545
2.39513
2.45318
2.47455
2.46518
2.4339
2.39472
2.34971
2.31133
2.28263
2.2672
2.25558
2.25013
2.25424
2.26311
2.2741
2.2806
2.28688
2.28835
2.29014
2.28903
2.28757
2.2857
2.28307
2.28027
2.27661
2.27317
2.26892
2.26409
2.25804
2.25199
2.2455
2.23961
2.23293
2.22699
2.22006
2.21384
2.20655
2.19977
2.19204
2.18481
2.17688
2.16969
2.1619
2.1551
2.14747
2.14087
2.13313
2.12629
2.1181
2.11079
2.10215
2.09484
2.0862
2.07944
2.07122
2.0652
2.05764
2.05201
2.04514
2.03947
2.03324
2.02786
2.02253
2.01823
2.01441
2.0116
2.00977
2.00859
2.00843
2.0088
2.00916
2.00972
2.01099
2.00929
2.22283
2.16657
2.10769
2.05174
1.99797
1.94754
1.90201
1.85885
1.82641
1.79898
1.79493
1.80321
1.82645
1.88679
1.95836
2.02476
2.06297
2.08778
2.10468
2.11175
2.12271
2.14566
2.17313
2.2012
2.22911
2.28141
2.35562
2.41893
2.43421
2.41854
2.38711
2.34668
2.302
2.25943
2.23014
2.21156
2.19932
2.19195
2.18873
2.19364
2.20371
2.21598
2.22543
2.2323
2.23654
2.23737
2.238
2.23707
2.23556
2.23361
2.23078
2.22796
2.22446
2.2208
2.21562
2.21014
2.20392
2.19832
2.19234
2.18674
2.18071
2.1748
2.16828
2.16191
2.15476
2.14807
2.14044
2.13374
2.12609
2.11986
2.11263
2.10694
2.09991
2.09419
2.08671
2.0806
2.07253
2.06611
2.05795
2.05167
2.04423
2.0384
2.03218
2.02687
2.02167
2.01681
2.01235
2.0081
2.00453
2.00132
1.999
1.99748
1.99659
1.99671
1.99707
1.99769
1.99838
1.99905
2.00062
1.99906
2.22109
2.17042
2.11829
2.06564
2.01399
1.96617
1.91939
1.87917
1.83941
1.81247
1.78832
1.78923
1.79951
1.82424
1.88029
1.94477
2.00341
2.02884
2.05259
2.06971
2.07883
2.09458
2.11498
2.15166
2.19189
2.26131
2.34832
2.40529
2.41068
2.39239
2.35744
2.31766
2.26642
2.22726
2.1938
2.17192
2.15619
2.14736
2.14264
2.13966
2.14411
2.15355
2.16567
2.17662
2.18487
2.19049
2.19378
2.19478
2.19521
2.19426
2.19237
2.19044
2.18763
2.18491
2.18081
2.17616
2.17053
2.16525
2.15965
2.15445
2.14861
2.14318
2.13676
2.13088
2.12381
2.11761
2.11022
2.10396
2.0965
2.09037
2.08308
2.07734
2.07026
2.06482
2.05775
2.05212
2.04482
2.03874
2.03162
2.0254
2.01903
2.01327
2.00787
2.00297
1.99848
1.99467
1.99127
1.98854
1.98631
1.98462
1.98373
1.98298
1.98312
1.98326
1.98358
1.98389
1.98431
1.98471
1.98439
1.98331
2.21077
2.16842
2.12228
2.07481
2.0286
1.98113
1.93926
1.89571
1.86011
1.8243
1.79958
1.78213
1.7834
1.7941
1.81985
1.86938
1.93281
1.98376
2.00288
2.02462
2.03931
2.05872
2.07871
2.11674
2.17927
2.27119
2.36525
2.39849
2.39366
2.3699
2.33759
2.29143
2.24395
2.20558
2.1717
2.14772
2.12688
2.11593
2.10612
2.10305
2.1002
2.10322
2.11088
2.12254
2.13381
2.14324
2.15003
2.15422
2.1559
2.1566
2.15526
2.15377
2.15079
2.14858
2.14502
2.1417
2.13653
2.13205
2.12641
2.12166
2.11564
2.11053
2.10406
2.09848
2.0915
2.08557
2.07841
2.07259
2.06554
2.05992
2.05281
2.04722
2.04021
2.03478
2.02813
2.02263
2.01627
2.01046
2.00438
1.99863
1.99309
1.98802
1.98327
1.97909
1.97551
1.97256
1.97039
1.96892
1.96815
1.96801
1.96827
1.9685
1.96876
1.96909
1.96896
1.96842
1.96724
1.96622
1.96399
1.9613
2.19891
2.16161
2.1213
2.07993
2.0368
1.99645
1.95298
1.91628
1.87678
1.84412
1.81329
1.79017
1.77815
1.77987
1.79084
1.81791
1.86039
1.91891
1.96527
1.98842
2.00369
2.02456
2.0579
2.10397
2.19733
2.30822
2.38128
2.3915
2.38006
2.35241
2.31499
2.2686
2.22672
2.1908
2.15955
2.13357
2.11218
2.0953
2.08333
2.07469
2.07109
2.06769
2.06855
2.07405
2.08356
2.09368
2.10318
2.11045
2.11564
2.11793
2.11907
2.11798
2.11569
2.11368
2.11066
2.10803
2.10356
2.09924
2.0934
2.08845
2.08225
2.07716
2.07088
2.06571
2.0591
2.0536
2.04649
2.04083
2.03361
2.02806
2.02101
2.01544
2.0087
2.00291
1.9966
1.99087
1.98514
1.97971
1.97445
1.96945
1.96474
1.96038
1.95646
1.95325
1.95064
1.94878
1.94766
1.94726
1.94761
1.94798
1.94878
1.94948
1.95027
1.95007
1.94948
1.94841
1.94602
1.94342
1.93895
1.93512
2.1924
2.15452
2.11736
2.07944
2.04063
2.00191
1.96484
1.92671
1.89297
1.85895
1.82866
1.80316
1.78185
1.77529
1.7775
1.78899
1.81582
1.85763
1.91039
1.95372
1.98459
2.00667
2.05067
2.12386
2.24572
2.35581
2.39147
2.38781
2.37023
2.33927
2.29791
2.25626
2.21954
2.18537
2.15551
2.12902
2.10633
2.0863
2.07087
2.057
2.04951
2.04242
2.04064
2.03685
2.03881
2.04471
2.0534
2.06246
2.06993
2.07536
2.07781
2.0781
2.07635
2.07442
2.07115
2.06909
2.06546
2.06224
2.05684
2.05236
2.0461
2.04133
2.03492
2.03033
2.02401
2.01932
2.01278
2.00751
2.00078
1.99506
1.9887
1.98298
1.97702
1.97133
1.96566
1.96024
1.95514
1.95044
1.94618
1.94237
1.93882
1.93574
1.93318
1.93135
1.93015
1.92969
1.93006
1.93045
1.93117
1.93208
1.9332
1.93371
1.93333
1.93267
1.93145
1.92922
1.92479
1.91952
1.9139
1.91005
2.18786
2.15336
2.11657
2.08036
2.04436
2.00647
1.97152
1.93537
1.90183
1.86933
1.84015
1.81108
1.79148
1.77146
1.77081
1.77492
1.78726
1.8152
1.85772
1.91008
1.95815
2.00361
2.06577
2.18604
2.31712
2.38989
2.39509
2.38613
2.36276
2.32824
2.28977
2.25203
2.21885
2.18639
2.15878
2.13117
2.10784
2.08471
2.06616
2.04776
2.03442
2.02131
2.01456
2.00601
2.00384
2.00013
2.00346
2.00935
2.01849
2.02545
2.03184
2.03484
2.03653
2.03607
2.0341
2.03256
2.0299
2.02784
2.02362
2.0198
2.01412
2.00974
2.00395
1.99965
1.99423
1.98984
1.98448
1.97942
1.97367
1.96807
1.96228
1.95669
1.95118
1.9459
1.94081
1.93601
1.93157
1.92759
1.92416
1.92119
1.91881
1.91719
1.91619
1.91584
1.91627
1.91681
1.91775
1.91905
1.92058
1.92168
1.92191
1.92163
1.92073
1.91891
1.91553
1.91051
1.90436
1.89815
1.89192
1.888
2.17079
2.14689
2.11502
2.07992
2.04609
2.01187
1.97674
1.94366
1.91006
1.87897
1.84837
1.82214
1.7952
1.778
1.76228
1.76366
1.77102
1.78775
1.81853
1.86958
1.93395
2.00416
2.11575
2.26575
2.38084
2.40652
2.40192
2.38562
2.35875
2.32056
2.28443
2.25233
2.22057
2.19132
2.16174
2.13487
2.10866
2.08513
2.06123
2.04083
2.02016
2.00392
1.98956
1.97868
1.97145
1.96429
1.96249
1.96087
1.96587
1.97296
1.9822
1.98885
1.99523
1.99738
1.99893
1.998
1.99607
1.99484
1.99225
1.98988
1.98547
1.9816
1.97682
1.97252
1.9678
1.96331
1.95849
1.95362
1.94854
1.94347
1.93838
1.93344
1.92865
1.92415
1.91994
1.91615
1.91281
1.90997
1.90753
1.90577
1.90474
1.90465
1.90521
1.90617
1.90737
1.90933
1.91134
1.91305
1.9142
1.91391
1.91336
1.91223
1.90969
1.90539
1.89935
1.89295
1.88588
1.87911
1.87241
1.86818
2.15659
2.13009
2.10685
2.07781
2.04481
2.01417
1.98086
1.9497
1.9171
1.88752
1.85662
1.83072
1.80346
1.7826
1.76453
1.7581
1.76138
1.77232
1.79541
1.84071
1.91376
2.01811
2.17999
2.34234
2.413
2.41209
2.40292
2.38157
2.34772
2.316
2.28312
2.25334
2.2218
2.19334
2.16308
2.13637
2.10739
2.08205
2.05513
2.03135
2.00728
1.98789
1.96898
1.95653
1.94388
1.93689
1.92892
1.92586
1.92452
1.92706
1.93399
1.94265
1.95178
1.95798
1.96289
1.96421
1.96472
1.96361
1.96208
1.9605
1.95778
1.95427
1.95025
1.94621
1.94196
1.93766
1.93312
1.92854
1.92392
1.91935
1.91489
1.91062
1.9066
1.90289
1.89959
1.8968
1.89451
1.89278
1.89172
1.89167
1.8923
1.89332
1.89469
1.89687
1.8994
1.90179
1.9033
1.90394
1.90376
1.90299
1.90113
1.89773
1.89251
1.88638
1.87976
1.87256
1.8654
1.85807
1.85132
1.84694
2.14847
2.12179
2.094
2.07018
2.04226
2.0125
1.98344
1.95351
1.92412
1.89448
1.86676
1.8386
1.81433
1.7907
1.77139
1.76126
1.76279
1.77224
1.79193
1.83574
1.91406
2.05491
2.25493
2.39382
2.41632
2.41073
2.39594
2.37426
2.34336
2.31094
2.27986
2.24842
2.21813
2.18668
2.15734
2.12693
2.0993
2.07076
2.04423
2.01852
1.99598
1.97479
1.95711
1.94026
1.92643
1.91469
1.90501
1.89812
1.89333
1.89193
1.89247
1.89738
1.90439
1.91283
1.91969
1.92533
1.9285
1.93017
1.92989
1.92884
1.92726
1.92503
1.92171
1.91787
1.91386
1.90985
1.90581
1.9018
1.89783
1.894
1.89037
1.88703
1.88404
1.88152
1.87952
1.87797
1.87702
1.87691
1.87754
1.87876
1.88022
1.88262
1.88599
1.88878
1.89137
1.8926
1.89256
1.8922
1.89124
1.88905
1.88458
1.87931
1.87314
1.86657
1.85953
1.85243
1.84502
1.83821
1.83167
1.8278
2.13953
2.11311
2.08659
2.05951
2.03486
2.00765
1.98082
1.95289
1.92721
1.8982
1.87363
1.84543
1.82315
1.79968
1.78151
1.77202
1.77499
1.78585
1.80823
1.85609
1.95695
2.10525
2.28052
2.37261
2.38723
2.37876
2.36759
2.34486
2.31463
2.28357
2.25494
2.22539
2.19743
2.16857
2.14156
2.11404
2.08838
2.06136
2.03738
2.0123
1.9905
1.9683
1.94923
1.92972
1.91371
1.89761
1.88629
1.87512
1.86804
1.86112
1.85972
1.85818
1.86043
1.8664
1.87338
1.88217
1.8883
1.89383
1.89621
1.89747
1.89679
1.89594
1.89452
1.89235
1.88928
1.8861
1.88291
1.8798
1.87678
1.87393
1.87136
1.86915
1.86749
1.86638
1.86583
1.86601
1.86693
1.86824
1.8701
1.87241
1.8763
1.87973
1.88262
1.88515
1.8855
1.88544
1.88486
1.88316
1.87965
1.87503
1.86902
1.86262
1.8556
1.84846
1.84108
1.83378
1.82651
1.8198
1.81345
1.80967
2.12033
2.10376
2.08122
2.0556
2.03152
2.00502
1.98013
1.95152
1.92768
1.89991
1.87744
1.85094
1.82975
1.80929
1.79363
1.79089
1.79857
1.81455
1.84722
1.91396
2.02301
2.14604
2.24023
2.30425
2.33119
2.33215
2.32491
2.31297
2.29281
2.2661
2.23867
2.21149
2.18446
2.15837
2.13241
2.10718
2.08145
2.05601
2.0302
2.00572
1.9823
1.96072
1.94012
1.921
1.90289
1.88615
1.87127
1.85837
1.84808
1.83992
1.83358
1.83054
1.82979
1.83055
1.83428
1.84153
1.84926
1.85763
1.86332
1.86825
1.86981
1.87091
1.87026
1.86959
1.86827
1.86616
1.86346
1.86077
1.85826
1.85612
1.85446
1.85343
1.85315
1.85349
1.85437
1.85577
1.85775
1.8611
1.86482
1.86887
1.87264
1.8756
1.87758
1.87748
1.87715
1.87616
1.87396
1.86958
1.8641
1.85816
1.85128
1.84443
1.83703
1.82986
1.82246
1.81547
1.80842
1.80213
1.79602
1.79254
2.09938
2.08464
2.06473
2.04429
2.02401
2.00117
1.97864
1.95186
1.92865
1.90228
1.87944
1.85632
1.83542
1.81962
1.8118
1.81751
1.83127
1.85878
1.91567
2.00239
2.09721
2.15019
2.19196
2.23559
2.27019
2.28567
2.28638
2.28063
2.26991
2.25329
2.22933
2.20287
2.17498
2.14883
2.12345
2.09958
2.07487
2.0509
2.02599
2.00269
1.97936
1.9581
1.93684
1.91758
1.89795
1.88075
1.86312
1.84878
1.83511
1.82493
1.81576
1.80887
1.80348
1.80186
1.80079
1.80283
1.80774
1.81646
1.82447
1.83262
1.83787
1.84228
1.84355
1.84492
1.84457
1.84419
1.84333
1.84204
1.84067
1.83973
1.83969
1.84027
1.8414
1.84305
1.84539
1.84962
1.85398
1.85833
1.86269
1.86644
1.86944
1.86983
1.86998
1.86945
1.8677
1.86459
1.85966
1.85409
1.84747
1.84077
1.83337
1.82627
1.81868
1.81159
1.80427
1.79756
1.79077
1.78483
1.77908
1.77581
2.08817
2.07482
2.05674
2.0338
2.0125
1.99153
1.97304
1.95072
1.92857
1.90536
1.88419
1.86301
1.84661
1.83738
1.84091
1.85362
1.87889
1.93044
2.00984
2.09049
2.12856
2.14313
2.15566
2.17668
2.20185
2.2292
2.24506
2.24931
2.24454
2.23669
2.22148
2.19738
2.16983
2.14415
2.11909
2.0956
2.07132
2.04787
2.02373
2.00061
1.9775
1.95563
1.93418
1.91415
1.89434
1.87585
1.85753
1.84104
1.82548
1.8126
1.80129
1.79213
1.78371
1.7777
1.77408
1.77358
1.77449
1.77884
1.78521
1.79461
1.80241
1.81034
1.81522
1.81941
1.8216
1.82305
1.82429
1.82456
1.82514
1.82587
1.82704
1.82896
1.83206
1.83581
1.84026
1.84525
1.85023
1.85469
1.85799
1.86095
1.86051
1.86028
1.85944
1.85743
1.85309
1.84831
1.84206
1.83577
1.82868
1.82177
1.81426
1.80729
1.80001
1.79341
1.78649
1.78033
1.77397
1.76856
1.76336
1.7605
2.0629
2.05815
2.04685
2.02779
2.00608
1.98517
1.96431
1.94488
1.92542
1.90554
1.88681
1.87157
1.86294
1.86636
1.87954
1.90436
1.9554
2.02893
2.10473
2.13197
2.13853
2.13212
2.13233
2.13377
2.1438
2.16489
2.1934
2.21334
2.21912
2.21478
2.20741
2.19238
2.16842
2.14145
2.11649
2.09125
2.06819
2.04418
2.02189
1.99816
1.97599
1.95299
1.93233
1.91106
1.89218
1.8718
1.85382
1.8347
1.8187
1.80278
1.79004
1.77779
1.76821
1.75846
1.75196
1.74691
1.74639
1.74658
1.74899
1.75457
1.76343
1.77235
1.78125
1.78865
1.79462
1.7993
1.80292
1.80605
1.80908
1.81241
1.81589
1.82005
1.82507
1.83056
1.83623
1.84156
1.84619
1.8491
1.85095
1.85078
1.85014
1.84862
1.84555
1.84149
1.83586
1.83013
1.82331
1.81679
1.80954
1.8029
1.79569
1.78921
1.78231
1.77621
1.7697
1.76405
1.75816
1.75333
1.74869
1.74612
2.03219
2.03399
2.02641
2.01714
1.99854
1.98028
1.96087
1.94205
1.924
1.90625
1.89203
1.88491
1.88938
1.9032
1.93063
1.97944
2.05672
2.12384
2.14868
2.1465
2.13451
2.12452
2.10769
2.10733
2.10887
2.11787
2.13827
2.16613
2.18357
2.18847
2.18445
2.1768
2.16364
2.14008
2.11444
2.08922
2.06543
2.04226
2.01926
1.99561
1.97188
1.94897
1.92719
1.90695
1.88705
1.86755
1.84783
1.82897
1.81087
1.79485
1.77965
1.76643
1.75395
1.74336
1.73387
1.72654
1.72144
1.7197
1.71951
1.72108
1.72571
1.7336
1.74355
1.75397
1.76413
1.77292
1.78052
1.78738
1.7938
1.79995
1.80628
1.81284
1.81919
1.82522
1.8304
1.83485
1.83763
1.83774
1.8377
1.83705
1.83519
1.83185
1.82675
1.82168
1.81533
1.80921
1.80241
1.79612
1.78916
1.78296
1.77615
1.77018
1.7637
1.75819
1.75222
1.74725
1.742
1.73787
1.73394
1.73194
2.01187
2.01512
2.01278
1.99927
1.98501
1.96707
1.95223
1.93622
1.92253
1.90975
1.90484
1.91105
1.92672
1.95529
2.00711
2.08377
2.14634
2.16894
2.16406
2.15045
2.13509
2.10924
2.09349
2.08513
2.08576
2.08757
2.09538
2.11341
2.13612
2.14951
2.1543
2.15072
2.14374
2.13223
2.10905
2.08453
2.05952
2.03702
2.01347
1.99053
1.96612
1.94372
1.92164
1.90182
1.88156
1.86199
1.84163
1.82279
1.80414
1.78796
1.77172
1.75728
1.74287
1.73023
1.71885
1.70959
1.70167
1.69622
1.69334
1.6929
1.69385
1.69756
1.70497
1.71646
1.72951
1.74268
1.75514
1.76657
1.77702
1.78675
1.79566
1.80372
1.81067
1.81616
1.81993
1.82253
1.82197
1.82161
1.82059
1.81859
1.81446
1.81013
1.80423
1.79874
1.7922
1.78641
1.77971
1.77386
1.76717
1.76158
1.75521
1.74999
1.74403
1.73927
1.73387
1.72977
1.72529
1.72214
1.7192
1.71785
1.94079
1.99746
1.998
1.99291
1.979
1.96071
1.94327
1.92932
1.919
1.91881
1.92773
1.94641
1.97741
2.03526
2.11221
2.17249
2.19153
2.18573
2.1707
2.14969
2.12291
2.10044
2.082
2.07119
2.06505
2.06445
2.06547
2.0699
2.08299
2.10057
2.11204
2.11733
2.11414
2.10829
2.09716
2.0761
2.05348
2.03026
2.00721
1.98307
1.9592
1.93589
1.91493
1.89423
1.87491
1.85414
1.83449
1.81474
1.79664
1.77949
1.76304
1.74689
1.73208
1.71712
1.70566
1.69378
1.68568
1.67782
1.67248
1.66996
1.67001
1.67107
1.67501
1.68332
1.69579
1.71106
1.72741
1.7437
1.75902
1.7723
1.78318
1.79194
1.79809
1.8018
1.8041
1.80339
1.80283
1.80156
1.79854
1.79563
1.79054
1.78571
1.77959
1.77443
1.76829
1.76304
1.75691
1.75165
1.74559
1.74053
1.73472
1.72996
1.72459
1.72034
1.71573
1.71235
1.70885
1.70668
1.70472
1.70388
1.7856
1.95462
1.97694
1.97678
1.97075
1.95821
1.94196
1.92947
1.92725
1.93907
1.95889
1.9956
2.05824
2.13755
2.19562
2.21133
2.20547
2.18889
2.16635
2.13684
2.11254
2.09149
2.07372
2.05986
2.04801
2.0414
2.03758
2.03811
2.03951
2.04745
2.06142
2.07084
2.07667
2.07361
2.06877
2.05866
2.04198
2.02071
1.99771
1.97368
1.94941
1.92638
1.90531
1.88478
1.86532
1.84456
1.8249
1.80577
1.78724
1.771
1.75285
1.73775
1.72089
1.70701
1.69404
1.68179
1.67255
1.66283
1.65704
1.65315
1.65325
1.654
1.65638
1.66246
1.67314
1.68728
1.70376
1.72248
1.7407
1.75721
1.77045
1.77982
1.78594
1.78894
1.78806
1.78712
1.78509
1.78258
1.77751
1.77315
1.76712
1.76232
1.75638
1.75157
1.74569
1.74101
1.73528
1.73081
1.72523
1.721
1.71569
1.71186
1.70707
1.70377
1.69983
1.69733
1.69468
1.69326
1.69223
1.69169
1.57831
1.8637
1.95267
1.96179
1.96075
1.95227
1.94349
1.93754
1.94871
1.97068
2.01065
2.08047
2.1616
2.21461
2.22694
2.22027
2.20307
2.17616
2.14913
2.12309
2.10167
2.0841
2.06453
2.04995
2.0333
2.02146
2.01244
2.00641
2.00536
2.00638
2.01007
2.01919
2.0284
2.03537
2.03302
2.02928
2.02106
2.00835
1.98767
1.96536
1.94099
1.91866
1.89667
1.87615
1.85647
1.83537
1.81656
1.79722
1.77977
1.76301
1.74528
1.73004
1.71369
1.70028
1.68732
1.67516
1.66564
1.65571
1.65005
1.64553
1.64588
1.64704
1.64869
1.6534
1.66311
1.675
1.68992
1.70603
1.72322
1.73955
1.75307
1.764
1.7706
1.77383
1.77334
1.77237
1.77013
1.76728
1.76174
1.75695
1.75111
1.74589
1.73994
1.73472
1.72924
1.7243
1.71912
1.71436
1.70948
1.70506
1.70069
1.69673
1.69317
1.68997
1.68768
1.68565
1.6848
1.68406
1.68476
1.6841
1.3872
1.67125
1.88372
1.93565
1.94908
1.95019
1.95135
1.96147
1.98518
2.03054
2.10683
2.18817
2.23589
2.24386
2.2361
2.21693
2.18946
2.15899
2.13443
2.1139
2.09402
2.07767
2.05891
2.04147
2.02508
2.0079
1.99656
1.98469
1.97887
1.97505
1.97565
1.97727
1.98283
1.99312
1.99817
1.99701
1.99389
1.98774
1.97779
1.95933
1.93628
1.91302
1.89083
1.87044
1.85077
1.83018
1.81143
1.79262
1.77533
1.75892
1.74158
1.72666
1.71096
1.69777
1.68524
1.67333
1.66404
1.65447
1.649
1.6444
1.6446
1.64548
1.64665
1.65066
1.65881
1.66763
1.67936
1.69122
1.70346
1.71608
1.72776
1.73814
1.74574
1.75053
1.7518
1.75153
1.75058
1.74833
1.74421
1.7396
1.73431
1.72923
1.72414
1.71927
1.71458
1.70995
1.70555
1.70121
1.69711
1.69301
1.68952
1.68597
1.68362
1.68106
1.68013
1.67884
1.6791
1.67982
1.68126
1.68104
1.1771
1.45428
1.74315
1.8973
1.92801
1.94326
1.96251
1.99462
2.05821
2.14684
2.22429
2.26397
2.26477
2.25548
2.23383
2.20155
2.17378
2.1495
2.1292
2.11173
2.0927
2.07528
2.05656
2.03721
2.02028
2.00153
1.98683
1.97228
1.96104
1.95352
1.94701
1.94686
1.94811
1.95032
1.95694
1.9605
1.9619
1.96009
1.95603
1.9477
1.93042
1.91007
1.88947
1.86851
1.8478
1.82687
1.80791
1.78999
1.77263
1.75658
1.73961
1.72474
1.71013
1.69704
1.68529
1.67355
1.66476
1.65607
1.65114
1.64791
1.64815
1.64892
1.64998
1.65327
1.65784
1.66378
1.66996
1.67657
1.68288
1.6899
1.6975
1.70547
1.71263
1.7187
1.72266
1.72425
1.72455
1.72414
1.72261
1.71957
1.7155
1.71098
1.70645
1.70216
1.69783
1.69413
1.69014
1.68702
1.68348
1.68091
1.67824
1.67635
1.67519
1.6744
1.6745
1.67526
1.67656
1.67841
1.68229
1.68343
1.09461
1.24433
1.53846
1.81216
1.91175
1.94698
1.99771
2.08032
2.1795
2.25912
2.28734
2.28471
2.26971
2.24698
2.21622
2.18838
2.16584
2.14605
2.12712
2.10937
2.08985
2.07097
2.05214
2.03196
2.01418
1.9947
1.97741
1.9615
1.94636
1.93655
1.92611
1.92054
1.91738
1.91781
1.91896
1.92264
1.92548
1.92837
1.92681
1.92354
1.9159
1.90249
1.88588
1.86671
1.84622
1.82512
1.80561
1.78811
1.77024
1.75383
1.73744
1.72225
1.7093
1.69615
1.68565
1.67531
1.66753
1.66157
1.65766
1.65659
1.65676
1.65718
1.65854
1.6598
1.6624
1.66338
1.6645
1.66506
1.66639
1.66842
1.67184
1.67622
1.68189
1.68771
1.69356
1.69792
1.70059
1.70197
1.70195
1.70124
1.69933
1.69594
1.69189
1.68777
1.68374
1.68019
1.6767
1.67393
1.67114
1.6693
1.66765
1.66711
1.66709
1.66796
1.66904
1.67115
1.67428
1.67877
1.68462
1.68767
1.057
1.12291
1.36281
1.63274
1.86681
1.96541
2.09084
2.21747
2.3022
2.32272
2.31399
2.29278
2.26016
2.22792
2.2006
2.17787
2.15881
2.14103
2.12316
2.10553
2.08696
2.06815
2.04937
2.02933
2.01051
1.99127
1.97255
1.95596
1.93887
1.92526
1.91216
1.9019
1.89398
1.88855
1.88823
1.88911
1.89048
1.89326
1.89712
1.89601
1.8935
1.8876
1.87886
1.86308
1.84399
1.82496
1.8065
1.78865
1.77133
1.75352
1.73823
1.72368
1.71108
1.69988
1.68984
1.68236
1.67601
1.67281
1.67068
1.6705
1.67058
1.67063
1.67039
1.66966
1.66826
1.66591
1.66239
1.65905
1.65614
1.65402
1.65393
1.6554
1.65763
1.66153
1.6665
1.67255
1.67752
1.68152
1.68375
1.68452
1.68392
1.68269
1.68019
1.67714
1.67355
1.6706
1.66759
1.66532
1.66348
1.66236
1.66213
1.66251
1.66329
1.66519
1.66763
1.67243
1.67778
1.68378
1.69044
1.69366
1.0302
1.07435
1.17343
1.47161
1.75856
2.03078
2.24491
2.35363
2.36863
2.35315
2.32558
2.28427
2.25045
2.22253
2.20013
2.18093
2.16308
2.14507
2.12636
2.10753
2.08795
2.06843
2.04929
2.02952
2.01073
1.99193
1.97324
1.95593
1.93821
1.92289
1.90793
1.89557
1.88493
1.87564
1.87079
1.86796
1.86832
1.86963
1.87078
1.87352
1.87273
1.8708
1.86698
1.86009
1.84558
1.8293
1.8126
1.79524
1.77758
1.7614
1.74632
1.73363
1.72183
1.71176
1.70389
1.69806
1.69496
1.69341
1.69301
1.6929
1.69248
1.69132
1.68905
1.6849
1.68017
1.67435
1.66821
1.66153
1.65612
1.65111
1.64824
1.64628
1.6469
1.64864
1.65097
1.65537
1.66073
1.66667
1.67082
1.67412
1.67548
1.67546
1.67425
1.67267
1.67042
1.66785
1.6652
1.66333
1.66233
1.66247
1.66281
1.6641
1.66663
1.67102
1.67583
1.68198
1.6882
1.69422
1.70043
1.70291
1.02271
1.05098
1.12006
1.31569
1.7703
2.19242
2.44895
2.48378
2.44252
2.40347
2.35526
2.31321
2.28043
2.25462
2.23318
2.21321
2.19328
2.17295
2.15214
2.13105
2.10995
2.08889
2.06886
2.0488
2.02924
2.01042
1.99099
1.97307
1.95503
1.93785
1.92243
1.90717
1.89514
1.88302
1.87435
1.86715
1.86343
1.86213
1.86244
1.86307
1.86371
1.86309
1.86147
1.85856
1.8519
1.84107
1.82736
1.81152
1.79511
1.77983
1.76685
1.75489
1.74481
1.73668
1.73061
1.72746
1.72626
1.72584
1.72538
1.72428
1.72217
1.7182
1.71327
1.70667
1.69955
1.69102
1.6828
1.67451
1.66739
1.66049
1.6553
1.65092
1.64911
1.64861
1.65011
1.65206
1.65486
1.65972
1.665
1.67029
1.67376
1.67612
1.67673
1.67662
1.67551
1.67416
1.67293
1.67207
1.67187
1.67219
1.67372
1.67707
1.68091
1.68707
1.69295
1.69961
1.70565
1.71075
1.71567
1.71693
1.01909
1.04282
1.10442
1.27974
1.75897
2.38688
2.63905
2.6274
2.56806
2.50988
2.44835
2.4032
2.36762
2.33846
2.3122
2.28703
2.26264
2.23844
2.21479
2.19136
2.1683
2.14555
2.12348
2.10202
2.08133
2.06136
2.04178
2.02309
2.00515
1.98716
1.97075
1.95391
1.93897
1.92423
1.91145
1.89995
1.89091
1.88477
1.88078
1.87955
1.87889
1.87842
1.87772
1.87584
1.8721
1.86683
1.85944
1.84627
1.83295
1.81995
1.80831
1.79777
1.78904
1.78305
1.77918
1.77732
1.77608
1.77487
1.77263
1.76934
1.76385
1.75751
1.7492
1.74063
1.73035
1.72094
1.71058
1.70184
1.69248
1.68493
1.67733
1.67183
1.6669
1.66431
1.66335
1.66444
1.6656
1.66779
1.67165
1.67709
1.68224
1.68649
1.68932
1.69078
1.6912
1.69108
1.69095
1.69122
1.69195
1.69385
1.69639
1.7019
1.70652
1.71355
1.71922
1.72528
1.72992
1.7332
1.73603
1.73578
1.01581
1.04053
1.10656
1.25204
1.67914
2.52467
2.71697
2.71102
2.66733
2.60948
2.55839
2.51506
2.47903
2.44608
2.41519
2.38583
2.35741
2.33022
2.30407
2.27919
2.25518
2.23257
2.21041
2.18915
2.16849
2.14826
2.12753
2.10708
2.08597
2.06447
2.04337
2.02215
2.00176
1.98294
1.96488
1.94946
1.93551
1.92504
1.91685
1.91191
1.90986
1.90902
1.90799
1.9077
1.90685
1.9046
1.9004
1.89531
1.88797
1.87803
1.86873
1.86184
1.85533
1.85116
1.84727
1.84531
1.84194
1.83879
1.83235
1.82571
1.81612
1.8068
1.79533
1.78436
1.77228
1.76112
1.74967
1.73911
1.72873
1.71937
1.71085
1.70341
1.69712
1.69252
1.68922
1.6888
1.68957
1.69056
1.69271
1.69649
1.703
1.70886
1.7147
1.71869
1.7221
1.72434
1.72654
1.7287
1.73153
1.73478
1.73956
1.74431
1.75022
1.75513
1.7601
1.76351
1.76602
1.767
1.7676
1.76602
1.01504
1.03975
1.10286
1.24579
1.67704
2.55218
2.73604
2.73084
2.70298
2.66252
2.62736
2.59572
2.56613
2.537
2.5088
2.48109
2.45442
2.4286
2.40364
2.37978
2.35604
2.3331
2.30968
2.28603
2.26153
2.23665
2.21111
2.18505
2.15928
2.13328
2.10796
2.08368
2.06008
2.03791
2.01781
1.99816
1.98201
1.96657
1.95494
1.9459
1.93975
1.93784
1.93629
1.93621
1.93679
1.93791
1.93948
1.93953
1.93833
1.93518
1.93241
1.92972
1.92727
1.92375
1.92038
1.91562
1.9105
1.90253
1.89345
1.88232
1.87065
1.85778
1.84442
1.83111
1.8175
1.80509
1.79201
1.78096
1.76906
1.75971
1.7498
1.74207
1.73456
1.72876
1.7244
1.7217
1.72188
1.72251
1.72369
1.72598
1.73096
1.73714
1.74456
1.75104
1.75769
1.76305
1.76875
1.77373
1.77945
1.78508
1.79128
1.79708
1.80255
1.80706
1.81029
1.81247
1.81302
1.81254
1.81249
1.80987
1.01499
1.03816
1.10378
1.24238
1.67869
2.55329
2.73391
2.72876
2.7066
2.6757
2.65115
2.62925
2.60785
2.58545
2.56334
2.5406
2.51815
2.49517
2.47216
2.44843
2.42433
2.39909
2.37366
2.34668
2.31958
2.29168
2.26368
2.2355
2.20797
2.18009
2.15411
2.12761
2.10352
2.07992
2.05791
2.0385
2.01976
2.00414
1.99156
1.98037
1.97427
1.97163
1.97193
1.97311
1.9759
1.9801
1.98721
1.99322
1.99922
2.00383
2.00763
2.00667
2.00514
2.0034
1.99895
1.99126
1.98075
1.96849
1.95397
1.93966
1.92463
1.90989
1.89518
1.88112
1.86777
1.85511
1.843
1.83181
1.82068
1.81063
1.79999
1.7909
1.78093
1.7733
1.76448
1.75838
1.75303
1.75029
1.74807
1.74752
1.7489
1.75231
1.76035
1.76753
1.77938
1.78852
1.80085
1.80987
1.82144
1.82916
1.83875
1.84411
1.85069
1.85341
1.85689
1.85767
1.85894
1.85887
1.85895
1.8589
1.01465
1.04139
1.08972
1.27747
1.72889
2.49285
2.74039
2.73247
2.71375
2.68562
2.66492
2.64687
2.62857
2.60873
2.58789
2.56652
2.54479
2.52295
2.50058
2.47801
2.45466
2.43067
2.40599
2.38023
2.35407
2.32695
2.29977
2.27234
2.24506
2.21812
2.19235
2.16649
2.14311
2.11959
2.0988
2.07894
2.06048
2.04546
2.03086
2.01942
2.01229
2.00711
2.00795
2.00967
2.01364
2.01799
2.0284
2.04008
2.05308
2.06466
2.07107
2.076
2.07351
2.07053
2.06505
2.05673
2.04391
2.02822
2.01177
1.99584
1.97935
1.96383
1.9479
1.93347
1.91863
1.9047
1.89058
1.87658
1.86298
1.8489
1.8355
1.82191
1.80861
1.79632
1.78453
1.77376
1.7665
1.75875
1.75688
1.7535
1.75377
1.7562
1.76181
1.77242
1.78456
1.80047
1.81491
1.83259
1.84582
1.86141
1.87111
1.88258
1.88808
1.89558
1.89786
1.90262
1.9033
1.9053
1.90579
1.90793
1.0149
1.03784
1.10372
1.24185
1.67924
2.55622
2.73295
2.72605
2.70567
2.67782
2.65796
2.64258
2.62616
2.60935
2.59143
2.57316
2.55418
2.53454
2.51384
2.49236
2.46934
2.44552
2.41988
2.39381
2.366
2.3385
2.30996
2.28234
2.25461
2.228
2.2025
2.17735
2.15478
2.13191
2.11207
2.0924
2.07474
2.05977
2.04468
2.03359
2.02545
2.01938
2.0204
2.02249
2.02672
2.03191
2.04387
2.05975
2.0767
2.09143
2.10209
2.10885
2.1057
2.10322
2.09797
2.08839
2.07469
2.05852
2.04135
2.02466
2.00732
1.99102
1.97467
1.9594
1.94394
1.92917
1.91408
1.89956
1.88486
1.87044
1.85635
1.84233
1.8295
1.8166
1.80613
1.79539
1.78884
1.78261
1.78131
1.78111
1.78229
1.78598
1.79386
1.80712
1.82349
1.84335
1.86293
1.88518
1.90263
1.92175
1.93414
1.94719
1.95426
1.96242
1.96595
1.97119
1.97272
1.97638
1.97751
1.98147
)
;

boundaryField
{
    inlet
    {
        type            fixedValue;
        value           uniform 1;
    }
    outlet
    {
        type            zeroGradient;
    }
    bottom
    {
        type            symmetryPlane;
    }
    top
    {
        type            symmetryPlane;
    }
    obstacle
    {
        type            zeroGradient;
    }
    defaultFaces
    {
        type            empty;
    }
}


// ************************************************************************* //
