/*--------------------------------*- C++ -*----------------------------------*\
| =========                 |                                                 |
| \\      /  F ield         | OpenFOAM: The Open Source CFD Toolbox           |
|  \\    /   O peration     | Version:  2412                                  |
|   \\  /    A nd           | Website:  www.openfoam.com                      |
|    \\/     M anipulation  |                                                 |
\*---------------------------------------------------------------------------*/
FoamFile
{
    version     2.0;
    format      ascii;
    arch        "LSB;label=32;scalar=64";
    class       volScalarField;
    location    "5";
    object      Ma;
}
// * * * * * * * * * * * * * * * * * * * * * * * * * * * * * * * * * * * * * //

dimensions      [0 0 0 0 0 0 0];

internalField   nonuniform List<scalar> 
5250
(
2.99999
2.99997
2.99988
2.99975
2.99925
2.99852
2.99574
2.9911
2.9759
2.94205
2.85759
2.62282
2.17897
1.22041
0.532982
0.259545
0.314792
0.328171
0.292176
0.236284
0.186686
0.147282
0.107945
0.0656272
0.0348324
2.99999
2.99997
2.99988
2.99976
2.99926
2.99854
2.9958
2.99125
2.97628
2.94317
2.86006
2.62967
2.19223
1.2409
0.544162
0.261184
0.317696
0.332099
0.296522
0.241688
0.193301
0.15512
0.117725
0.0797469
0.056002
2.99999
2.99997
2.99988
2.99976
2.99928
2.99859
2.99591
2.99156
2.97701
2.94554
2.86522
2.64441
2.22124
1.28765
0.570512
0.268325
0.326682
0.343259
0.308767
0.256197
0.21009
0.174374
0.140718
0.109056
0.090929
2.99999
2.99997
2.99989
2.99978
2.99931
2.99866
2.99608
2.99201
2.9781
2.94905
2.87284
2.66655
2.26543
1.36207
0.611494
0.282425
0.342445
0.362116
0.329074
0.279299
0.235662
0.202486
0.172425
0.145395
0.129784
2.99999
2.99997
2.9999
2.99979
2.99935
2.99874
2.99631
2.99257
2.97948
2.95342
2.88238
2.69448
2.32214
1.46287
0.665609
0.307764
0.367128
0.38918
0.357512
0.310591
0.268778
0.237839
0.210571
0.186682
0.172381
2.99999
2.99998
2.9999
2.99981
2.9994
2.99884
2.99656
2.99319
2.98098
2.95829
2.89289
2.7261
2.38762
1.58957
0.73593
0.351274
0.404715
0.425901
0.395536
0.351509
0.310558
0.281008
0.256123
0.234788
0.221786
3
2.99998
2.99991
2.99982
2.99945
2.99893
2.99683
2.99377
2.9824
2.96238
2.90161
2.75444
2.44142
1.72201
0.798088
0.38305
0.434143
0.455096
0.431311
0.394122
0.357031
0.330194
0.308846
0.291441
0.282128
3
2.99998
2.99992
2.99984
2.99949
2.99902
2.99707
2.99428
2.98357
2.96584
2.9087
2.77933
2.4839
1.80274
0.881097
0.430727
0.457798
0.472968
0.463153
0.43504
0.405239
0.384263
0.369177
0.358911
0.359216
3
2.99998
2.99993
2.99985
2.99954
2.99911
2.99734
2.99482
2.98494
2.96921
2.91642
2.80251
2.52863
1.89223
0.984135
0.490707
0.47316
0.488964
0.491253
0.473464
0.45357
0.441592
0.436443
0.440569
0.465468
3
2.99999
2.99994
2.99987
2.99961
2.99922
2.99771
2.99544
2.98708
2.97266
2.92671
2.82098
2.57886
1.9752
1.09055
0.558116
0.48696
0.506301
0.518324
0.511218
0.503006
0.501267
0.512385
0.54682
0.639545
3
2.99999
2.99996
2.99988
2.99975
2.99929
2.99846
2.99594
2.99022
2.97571
2.93765
2.85331
2.59942
2.13529
1.18521
0.637729
0.500052
0.52351
0.544618
0.547972
0.550124
0.562347
0.59675
0.674398
0.845071
3
2.99999
2.99996
2.99991
2.99971
2.99941
2.99829
2.99654
2.99042
2.97902
2.94529
2.86366
2.681
2.18672
1.38835
0.73222
0.525071
0.548043
0.573416
0.584379
0.596225
0.621587
0.674532
0.774082
0.95546
3
2.99999
2.99996
2.99992
2.99974
2.99949
2.99846
2.99701
2.99119
2.98242
2.95096
2.8912
2.72795
2.33852
1.59272
0.840043
0.567788
0.586055
0.607296
0.622702
0.640908
0.677163
0.739402
0.83895
0.993082
3
3
2.99997
2.99993
2.99978
2.99957
2.99871
2.9975
2.99266
2.98545
2.95909
2.91206
2.77349
2.46944
1.8018
0.957498
0.628368
0.632081
0.6469
0.664452
0.685299
0.723923
0.789007
0.879624
1.00841
3
3
2.99998
2.99995
2.99982
2.99965
2.99896
2.99799
2.99411
2.98831
2.96773
2.92768
2.82069
2.54597
2.01054
1.08142
0.69797
0.66728
0.683754
0.70319
0.726922
0.76485
0.827105
0.90954
1.0185
3
3
2.99998
2.99996
2.99986
2.99973
2.99919
2.99842
2.99546
2.99071
2.97486
2.94131
2.85535
2.62366
2.18527
1.27687
0.804555
0.696709
0.71141
0.732455
0.7624
0.79949
0.855274
0.932244
1.02701
3
3
2.99999
2.99997
2.99989
2.99978
2.99935
2.99873
2.99627
2.99263
2.97954
2.95488
2.88512
2.70622
2.34856
1.52906
0.943811
0.741112
0.741474
0.761041
0.793744
0.833059
0.882089
0.949503
1.03393
3.00001
3
2.99999
2.99998
2.99992
2.99983
2.9995
2.99902
2.99711
2.99437
2.98393
2.96671
2.91211
2.78814
2.51433
1.88166
1.11903
0.816772
0.789052
0.799575
0.825752
0.863377
0.909953
0.968383
1.04132
3.00001
3
3
2.99998
2.99994
2.99988
2.99962
2.99926
2.99785
2.99575
2.98803
2.97484
2.93327
2.8383
2.62358
2.07978
1.29076
0.895661
0.831149
0.839476
0.860458
0.893312
0.935639
0.988252
1.05165
3.00001
3
3
2.99999
2.99997
2.99989
2.99978
2.99936
2.99872
2.99647
2.9924
2.98016
2.9518
2.88347
2.69443
2.3295
1.52733
1.02202
0.873003
0.872303
0.890916
0.922384
0.960617
1.00675
1.06231
3.00001
3.00001
3
2.99999
2.99998
2.99992
2.99983
2.9995
2.99903
2.99715
2.99442
2.98419
2.96707
2.91403
2.7946
2.52237
1.92837
1.20347
0.939981
0.916296
0.926731
0.953769
0.990347
1.02982
1.07599
3.00001
3.00001
3
3
2.99998
2.99996
2.99986
2.99971
2.99915
2.99832
2.9952
2.99021
2.97356
2.93998
2.85224
2.63351
2.16888
1.40057
1.02309
0.95209
0.959148
0.981144
1.01542
1.05297
1.09446
3.00001
3.00001
3
3
2.99999
2.99996
2.99992
2.99974
2.99949
2.99852
2.99705
2.99165
2.98283
2.95388
2.89345
2.74227
2.3758
1.67585
1.16413
1.0053
0.994816
1.00755
1.03438
1.07082
1.11062
3.00001
3.00001
3.00001
3
2.99999
2.99998
2.99993
2.99986
2.99958
2.99917
2.99763
2.99524
2.98698
2.97196
2.92757
2.82365
2.59594
2.05881
1.34627
1.07915
1.03737
1.04279
1.06108
1.08987
1.12605
3.00001
3.00001
3.00001
3
3
2.99999
2.99996
2.99988
2.99976
2.99931
2.99864
2.99619
2.99213
2.97908
2.95176
2.88138
2.70022
2.34334
1.59624
1.18989
1.07681
1.07235
1.08478
1.11042
1.14304
3.00001
3.00001
3.00001
3
3
2.99999
2.99998
2.99992
2.99984
2.99952
2.99907
2.99729
2.9947
2.98501
2.96932
2.9195
2.81567
2.5616
2.03058
1.37515
1.1394
1.10952
1.11372
1.13458
1.16386
3.00001
3.00001
3.00001
3.00001
3
3
2.99998
2.99996
2.99987
2.99974
2.99925
2.99851
2.99577
2.99147
2.97673
2.94945
2.87379
2.69527
2.29941
1.61301
1.23603
1.14566
1.14147
1.15351
1.1789
3.00001
3.00001
3.00001
3.00001
3.00001
3
2.99999
2.99997
2.99993
2.99979
2.99959
2.99882
2.99764
2.99341
2.98652
2.96393
2.92047
2.80206
2.5431
1.9579
1.40717
1.20371
1.17545
1.17983
1.19864
3.00001
3.00001
3.00001
3.00001
3.00001
3
3
2.99999
2.99995
2.99989
2.99968
2.99937
2.99821
2.99644
2.99027
2.97931
2.94703
2.87192
2.71031
2.27664
1.63287
1.29307
1.21364
1.20829
1.2184
3.00001
3.00001
3.00001
3.00001
3.00001
3.00001
3
2.99999
2.99997
2.99993
2.99979
2.99959
2.9988
2.99766
2.99333
2.98675
2.96379
2.92246
2.80524
2.55509
1.98802
1.46397
1.26949
1.24053
1.24359
3.00001
3.00001
3.00001
3.00001
3.00001
3.00001
3
3
2.99999
2.99995
2.9999
2.9997
2.9994
2.99829
2.9966
2.99075
2.98035
2.9498
2.87917
2.72605
2.31613
1.69885
1.36391
1.27736
1.27053
3.00001
3.00001
3.00001
3.00001
3.00001
3.00001
3.00001
3
2.99999
2.99997
2.99994
2.99981
2.99962
2.99889
2.99784
2.99388
2.98784
2.96695
2.92977
2.82308
2.60242
2.07809
1.5487
1.33547
1.30135
3.00001
3.00001
3.00001
3.00001
3.00001
3.00001
3.00001
3
3
2.99999
2.99996
2.99991
2.99972
2.99945
2.99845
2.99692
2.9916
2.98231
2.95444
2.89196
2.75067
2.3883
1.78792
1.43309
1.33854
3.00001
3.00001
3.00001
3.00001
3.00001
3.00001
3.00001
3.00001
3
2.99999
2.99998
2.99993
2.99986
2.99959
2.9992
2.99774
2.99553
2.98775
2.97457
2.9348
2.84878
2.65125
2.20998
1.63058
1.40435
3.00001
3.00001
3.00001
3.00001
3.00001
3.00001
3.00001
3.00001
3
3
2.99999
2.99996
2.99992
2.99975
2.99951
2.99859
2.99728
2.99227
2.98476
2.95888
2.91063
2.7867
2.4872
1.94055
1.52588
3.00001
3.00001
3.00001
3.00001
3.00001
3.00001
3.00001
3.00001
3.00001
3
3
2.99998
2.99995
2.99985
2.99971
2.99916
2.99836
2.9954
2.99089
2.97514
2.94855
2.8662
2.7111
2.28728
1.76498
3.00001
3.00001
3.00001
3.00001
3.00001
3.00001
3.00001
3.00001
3.00001
3.00001
3
2.99999
2.99997
2.99993
2.9998
2.9996
2.99888
2.9978
2.99392
2.98776
2.96771
2.9299
2.83111
2.60844
2.13155
3.00001
3.00001
3.00001
3.00001
3.00001
3.00001
3.00001
3.00001
3.00001
3.00001
3
3
2.99999
2.99996
2.99989
2.99977
2.99934
2.99871
2.99639
2.9929
2.98074
2.95995
2.8988
2.77286
2.46558
3.00001
3.00001
3.00001
3.00001
3.00001
3.00001
3.00001
3.00001
3.00001
3.00001
3.00001
3
3
2.99998
2.99995
2.99985
2.99969
2.99914
2.99828
2.99531
2.99045
2.97485
2.94654
2.86443
2.70602
3.00001
3.00001
3.00001
3.00001
3.00001
3.00001
3.00001
3.00001
3.00001
3.00001
3.00001
3
3
2.99999
2.99997
2.99993
2.99979
2.99959
2.99885
2.99774
2.99381
2.98757
2.96739
2.92923
2.83196
3.00001
3.00001
3.00001
3.00001
3.00001
3.00001
3.00001
3.00001
3.00001
3.00001
3.00001
3.00001
3
3
2.99998
2.99996
2.99988
2.99977
2.99934
2.99872
2.99644
2.99297
2.98109
2.9608
2.90085
3.00001
3.00001
3.00001
3.00001
3.00001
3.00001
3.00001
3.00001
3.00001
3.00001
3.00001
3.00001
3.00001
3
3
2.99998
2.99995
2.99985
2.99969
2.99914
2.99829
2.99535
2.99057
2.97524
2.94759
3.00001
3.00001
3.00001
3.00001
3.00001
3.00001
3.00001
3.00001
3.00001
3.00001
3.00001
3.00001
3.00001
3
3
2.99999
2.99997
2.99993
2.99978
2.99957
2.99879
2.99761
2.99349
2.98687
2.96565
3.00001
3.00001
3.00001
3.00001
3.00001
3.00001
3.00001
3.00001
3.00001
3.00001
3.00001
3.00001
3.00001
3.00001
3
3
2.99998
2.99994
2.99988
2.99964
2.99929
2.99798
2.99603
2.98893
2.97773
3.00001
3.00001
3.00001
3.00001
3.00001
3.00001
3.00001
3.00001
3.00001
3.00001
3.00001
3.00001
3.00001
3.00001
3
3
2.99999
2.99995
2.9999
2.99971
2.99942
2.99832
2.99671
2.99061
2.98104
3.00001
3.00001
3.00001
3.00001
3.00001
3.00001
3.00001
3.00001
3.00001
3.00001
3.00001
3.00001
3.00001
3.00001
3
3
2.99999
2.99997
2.9999
2.99979
2.99939
2.99879
2.99656
2.99289
2.98087
3.00001
3.00001
3.00001
3.00001
3.00001
3.00001
3.00001
3.00001
3.00001
3.00001
3.00001
3.00001
3.00001
3.00001
3
3
2.99999
2.99997
2.9999
2.9998
2.99939
2.99882
2.9965
2.99309
2.98065
3.00001
3.00001
3.00001
3.00001
3.00001
3.00001
3.00001
3.00001
3.00001
3.00001
3.00001
3.00001
3.00001
3.00001
3
3
2.99999
2.99997
2.99991
2.99981
2.99944
2.99889
2.99687
2.99329
2.98215
3.00001
3.00001
3.00001
3.00001
3.00001
3.00001
3.00001
3.00001
3.00001
3.00001
3.00001
3.00001
3.00001
3.00001
3.00001
3
2.99999
2.99997
2.99992
2.99977
2.99953
2.99863
2.9972
2.99233
2.9826
3.00001
3.00001
3.00001
3.00001
3.00001
3.00001
3.00001
3.00001
3.00001
3.00001
3.00001
3.00001
3.00001
3.00001
3
3
2.99999
2.99997
2.99991
2.99982
2.99945
2.9989
2.9969
2.99333
2.98223
1.06607
1.14449
0.891524
0.398523
0.175109
0.179667
0.300826
0.397512
0.463478
0.496627
0.510455
0.518263
0.527137
0.539358
0.554313
0.570407
0.586692
0.603374
0.620633
0.637727
0.654455
0.671628
0.688543
0.701807
0.709114
0.712699
0.712095
0.702822
0.680206
0.645063
0.599691
0.548441
0.49368
0.437937
0.382621
0.329426
0.278957
0.231502
0.185287
0.141818
0.10052
0.0617381
0.0318612
0.0306883
0.0597655
0.0927733
0.124212
0.154262
0.182543
0.209041
0.236527
0.264452
0.291428
0.316836
0.34175
0.365543
0.389106
0.411624
0.434003
0.455382
0.47669
0.497029
0.517351
0.536723
0.556115
0.574568
0.593055
0.610614
0.628195
0.644868
0.661498
0.677264
0.692834
0.707619
0.721954
0.735577
0.748492
0.760666
0.77196
0.782348
0.791739
0.79996
0.806809
0.812782
0.818429
0.823395
0.827342
0.830426
0.832885
0.835538
0.838069
0.841235
0.844952
0.849644
0.854744
0.860008
0.865783
0.871528
0.876741
0.882951
1.10513
1.13492
1.01038
0.796185
0.51074
0.412126
0.314107
0.223461
0.129612
0.0550337
0.0940668
0.165039
0.227454
0.277699
0.317166
0.347578
0.37084
0.391331
0.411337
0.431014
0.450258
0.469294
0.487688
0.502929
0.511763
0.515357
0.51455
0.504137
0.479169
0.439958
0.391775
0.338735
0.284096
0.22976
0.17789
0.130579
0.089307
0.0616855
0.0569007
0.078275
0.109371
0.141136
0.17207
0.200946
0.230309
0.259431
0.287878
0.315258
0.341374
0.365808
0.390401
0.415575
0.440348
0.463624
0.486275
0.508077
0.529594
0.550321
0.570802
0.59053
0.610053
0.628853
0.647503
0.665421
0.683245
0.700331
0.717345
0.733655
0.749849
0.765399
0.780715
0.795451
0.809826
0.823621
0.836939
0.849623
0.8617
0.873068
0.883671
0.893472
0.902381
0.910286
0.916966
0.922857
0.928494
0.933587
0.93783
0.941337
0.944438
0.947537
0.950639
0.954164
0.958244
0.963069
0.968267
0.973396
0.979143
0.984702
0.989638
0.995395
1.11058
1.17022
1.15794
1.06451
0.914032
0.785506
0.696129
0.617339
0.531539
0.443151
0.357266
0.27944
0.208209
0.144163
0.0890482
0.0532078
0.0637192
0.0984204
0.136012
0.171044
0.203724
0.233698
0.26116
0.28311
0.29461
0.296927
0.292884
0.280465
0.254001
0.214653
0.172395
0.131559
0.102723
0.0943735
0.108138
0.134941
0.166148
0.198313
0.22848
0.258444
0.288212
0.31693
0.344501
0.370612
0.396319
0.42144
0.446194
0.470114
0.493138
0.514644
0.535879
0.557711
0.57974
0.60053
0.62064
0.640054
0.659204
0.67775
0.696104
0.71381
0.731413
0.748355
0.765256
0.781499
0.797711
0.813307
0.828807
0.843769
0.858512
0.872805
0.886778
0.900318
0.913455
0.926107
0.938265
0.949887
0.960908
0.971299
0.980999
0.98995
0.998124
1.00543
1.01166
1.01715
1.02245
1.02733
1.03151
1.0352
1.03855
1.04192
1.0453
1.04894
1.05307
1.05766
1.06247
1.0673
1.07265
1.07776
1.08229
1.08729
1.12123
1.20075
1.23453
1.21095
1.13896
1.055
0.977197
0.908153
0.841662
0.76484
0.685267
0.610534
0.541006
0.475827
0.414864
0.358025
0.304208
0.254528
0.208489
0.166936
0.129393
0.0948113
0.0634727
0.0379709
0.0324698
0.0437423
0.0470168
0.0477702
0.0569508
0.0984197
0.141142
0.184063
0.225657
0.263335
0.297953
0.330055
0.360238
0.388223
0.414392
0.439351
0.463807
0.487265
0.510027
0.531741
0.553077
0.573841
0.594424
0.614365
0.633786
0.651796
0.669434
0.6874
0.706155
0.724078
0.741459
0.758052
0.7746
0.790532
0.806532
0.821891
0.837334
0.852161
0.867038
0.881378
0.895691
0.90956
0.923324
0.936714
0.949932
0.962802
0.975422
0.987679
0.999569
1.01104
1.02205
1.03255
1.0425
1.05182
1.06052
1.06855
1.07589
1.08253
1.08833
1.09346
1.09852
1.10328
1.10765
1.11166
1.1156
1.1195
1.12349
1.12756
1.13199
1.13653
1.14126
1.14593
1.15111
1.15586
1.15991
1.16481
1.12554
1.21113
1.26729
1.2851
1.26284
1.21565
1.16306
1.10946
1.05744
1.00209
0.94098
0.879181
0.816951
0.755893
0.697892
0.642918
0.590055
0.54077
0.494733
0.450614
0.408565
0.368717
0.330862
0.295901
0.264384
0.241534
0.232539
0.234481
0.263755
0.306394
0.353011
0.39945
0.439861
0.474216
0.503305
0.528785
0.551727
0.572632
0.592158
0.610798
0.628912
0.646559
0.663792
0.680504
0.697025
0.713263
0.729508
0.74551
0.761276
0.77603
0.790296
0.80465
0.820102
0.835376
0.850359
0.86454
0.878771
0.892478
0.906328
0.9197
0.933149
0.946192
0.959224
0.971934
0.984557
0.996877
1.00908
1.02095
1.03267
1.04405
1.05519
1.06597
1.07642
1.08644
1.09609
1.1052
1.11387
1.12192
1.12948
1.13637
1.14279
1.14855
1.15386
1.15849
1.16314
1.16757
1.17203
1.17626
1.18065
1.18502
1.18962
1.19398
1.19859
1.2031
1.20798
1.21247
1.21725
1.22141
1.22494
1.2292
1.12526
1.21191
1.27767
1.31799
1.3292
1.31116
1.28031
1.24481
1.20684
1.16713
1.12323
1.07709
1.02927
0.978346
0.928839
0.879696
0.832734
0.787292
0.743591
0.700816
0.660304
0.620569
0.581159
0.543498
0.510266
0.483682
0.465456
0.461028
0.480475
0.519466
0.564335
0.608212
0.646383
0.675862
0.697448
0.714006
0.728048
0.74057
0.752787
0.764478
0.776367
0.787971
0.79977
0.811336
0.823171
0.834912
0.847034
0.85911
0.871444
0.88306
0.894282
0.905357
0.917575
0.930219
0.942898
0.954945
0.967043
0.978793
0.990712
1.00241
1.01417
1.02572
1.03725
1.04857
1.05982
1.07088
1.08178
1.09251
1.10301
1.11329
1.12334
1.13302
1.14246
1.15139
1.16003
1.16801
1.17565
1.18254
1.18911
1.19494
1.20054
1.20553
1.21047
1.21491
1.21952
1.22397
1.22884
1.23359
1.23875
1.24381
1.24923
1.25427
1.25962
1.26438
1.26951
1.27397
1.27863
1.28242
1.28559
1.28967
1.12283
1.20583
1.27679
1.32856
1.35851
1.36549
1.35435
1.33344
1.30919
1.2819
1.25143
1.21747
1.18252
1.14441
1.10575
1.06626
1.02534
0.987102
0.948524
0.910527
0.871967
0.834372
0.793823
0.7574
0.720932
0.687851
0.655883
0.642987
0.659824
0.698171
0.743351
0.787743
0.82494
0.853896
0.871245
0.879958
0.884326
0.887919
0.892151
0.897228
0.903279
0.909697
0.916823
0.924095
0.931991
0.940036
0.948718
0.957578
0.967051
0.976196
0.985022
0.993583
1.00308
1.01336
1.02413
1.03453
1.04492
1.05506
1.0653
1.0754
1.08556
1.09563
1.10564
1.11558
1.1254
1.13515
1.14478
1.15426
1.1636
1.17265
1.18148
1.18989
1.19803
1.20564
1.21293
1.21961
1.22595
1.23166
1.23711
1.24198
1.24679
1.25117
1.25574
1.26007
1.26483
1.26948
1.2748
1.28002
1.28601
1.29167
1.29787
1.30346
1.30943
1.31455
1.31991
1.32437
1.32892
1.3324
1.33516
1.33885
1.12137
1.19918
1.26892
1.32756
1.36884
1.39195
1.39768
1.39166
1.37741
1.36076
1.34059
1.31754
1.29212
1.2648
1.23485
1.20654
1.17361
1.14311
1.11018
1.07841
1.04344
1.00804
0.969082
0.93192
0.891338
0.846613
0.80087
0.782062
0.79793
0.835351
0.882451
0.929107
0.96754
0.99691
1.01641
1.02387
1.0215
1.01649
1.01226
1.01032
1.01051
1.01236
1.01544
1.01919
1.02385
1.02885
1.03462
1.04068
1.0475
1.05446
1.06124
1.06782
1.07484
1.08289
1.0917
1.10062
1.10951
1.11833
1.12718
1.13603
1.14495
1.1539
1.16284
1.17177
1.18064
1.1894
1.19806
1.20651
1.21481
1.22278
1.2305
1.23778
1.24478
1.25123
1.25739
1.26294
1.26826
1.27299
1.27761
1.28177
1.28601
1.29004
1.2944
1.29884
1.30379
1.3089
1.31473
1.3206
1.32732
1.33366
1.34064
1.34694
1.35361
1.35945
1.36539
1.37036
1.37525
1.37886
1.38158
1.38506
1.12237
1.19388
1.26114
1.31999
1.36855
1.40201
1.42113
1.42648
1.42309
1.41349
1.40081
1.38671
1.36957
1.35158
1.32883
1.3086
1.28406
1.26095
1.23439
1.20789
1.17625
1.14388
1.10762
1.06893
1.02065
0.957967
0.900449
0.882256
0.900158
0.937445
0.984693
1.03379
1.07634
1.10503
1.12746
1.1392
1.14076
1.13277
1.12173
1.11225
1.10544
1.10166
1.10005
1.10041
1.10201
1.10442
1.10769
1.11146
1.11592
1.12092
1.12611
1.13108
1.13624
1.14223
1.14924
1.15679
1.1644
1.17209
1.17978
1.18755
1.19533
1.20316
1.21104
1.2189
1.22678
1.23457
1.24229
1.24982
1.25717
1.26418
1.27091
1.27717
1.28308
1.28842
1.29344
1.29791
1.30219
1.30607
1.30995
1.31369
1.31765
1.32173
1.32631
1.33115
1.33676
1.3425
1.34923
1.3559
1.3634
1.37043
1.37815
1.38517
1.39258
1.39914
1.40581
1.41144
1.41689
1.42112
1.42399
1.42728
1.12537
1.19099
1.25416
1.31246
1.36258
1.40312
1.43089
1.44706
1.45162
1.44995
1.44275
1.43389
1.42283
1.41173
1.39686
1.38206
1.36439
1.3473
1.32711
1.3048
1.27675
1.24712
1.21246
1.16911
1.10826
1.02651
0.964163
0.950774
0.971404
1.00788
1.05622
1.10998
1.15497
1.18721
1.20734
1.22269
1.23035
1.22954
1.22037
1.20658
1.19375
1.18306
1.17593
1.17159
1.16983
1.16962
1.17063
1.17253
1.17501
1.1783
1.18196
1.18571
1.18939
1.19359
1.19881
1.20501
1.21161
1.21837
1.22524
1.23221
1.23922
1.24632
1.25339
1.2605
1.26755
1.27453
1.28137
1.28801
1.29439
1.3004
1.30611
1.31132
1.3162
1.32053
1.3246
1.32819
1.33173
1.33499
1.33851
1.34199
1.34608
1.35034
1.35547
1.36083
1.36721
1.37372
1.38131
1.38859
1.39671
1.40435
1.41262
1.42028
1.42831
1.43554
1.44292
1.44924
1.45545
1.46032
1.46384
1.46701
1.13087
1.18964
1.24907
1.30473
1.35536
1.39863
1.43275
1.45655
1.46995
1.4741
1.47334
1.46815
1.46069
1.45374
1.44437
1.43492
1.42222
1.40997
1.39339
1.37402
1.34975
1.32168
1.28602
1.23311
1.15216
1.05435
1.00029
0.995898
1.01907
1.05645
1.10835
1.16173
1.20814
1.24244
1.26693
1.28246
1.29356
1.29915
1.29845
1.29012
1.27613
1.26086
1.24759
1.23744
1.23076
1.22665
1.22488
1.22443
1.22524
1.22685
1.22923
1.23199
1.23474
1.23767
1.24129
1.24604
1.25166
1.25761
1.26377
1.26998
1.27629
1.28258
1.28892
1.2952
1.30146
1.3076
1.31362
1.31938
1.32483
1.32991
1.33467
1.3389
1.34283
1.34627
1.34953
1.35253
1.35554
1.35858
1.36193
1.36562
1.36996
1.3748
1.38053
1.38672
1.39391
1.40136
1.40947
1.41749
1.42605
1.43439
1.44311
1.4514
1.45993
1.46781
1.47578
1.48281
1.48971
1.49536
1.49962
1.50305
1.14085
1.19246
1.24612
1.29913
1.34802
1.39209
1.42949
1.45855
1.4789
1.49058
1.4943
1.49425
1.48987
1.48537
1.47906
1.47282
1.46512
1.45485
1.44179
1.42249
1.40178
1.37206
1.33047
1.26092
1.15222
1.05218
1.01778
1.02547
1.05006
1.09177
1.14415
1.19694
1.24112
1.27765
1.30522
1.32568
1.33888
1.34773
1.35234
1.35289
1.34614
1.33376
1.31805
1.30319
1.29065
1.28146
1.27537
1.27191
1.27054
1.27053
1.27166
1.27353
1.27578
1.27801
1.28055
1.28393
1.28841
1.29362
1.2991
1.30474
1.31042
1.31613
1.32179
1.3274
1.3329
1.33827
1.34345
1.3483
1.35288
1.35703
1.36083
1.36419
1.36725
1.37002
1.37271
1.37535
1.37821
1.38128
1.38494
1.38909
1.39413
1.39975
1.40639
1.41358
1.42157
1.42967
1.43834
1.447
1.45612
1.465
1.47422
1.48302
1.49204
1.50043
1.50893
1.51656
1.52407
1.53041
1.53544
1.53915
1.1537
1.19985
1.24712
1.29575
1.34274
1.38566
1.42416
1.45647
1.48116
1.49862
1.50883
1.51238
1.51266
1.50986
1.50586
1.50082
1.49542
1.4868
1.47494
1.45724
1.436
1.40169
1.34527
1.24656
1.12027
1.04262
1.02918
1.04349
1.07342
1.11847
1.17061
1.21891
1.26044
1.29635
1.32596
1.35034
1.36877
1.38155
1.38978
1.39397
1.39535
1.3913
1.38119
1.36685
1.35142
1.33754
1.32645
1.31872
1.31397
1.31169
1.31118
1.31195
1.3136
1.31562
1.31763
1.32001
1.32326
1.3275
1.33232
1.33738
1.34251
1.34765
1.35272
1.35764
1.36241
1.36693
1.37117
1.37508
1.37867
1.38185
1.38472
1.38727
1.38969
1.39203
1.39453
1.39713
1.4002
1.40364
1.40793
1.41282
1.41874
1.42536
1.43288
1.44079
1.4492
1.45786
1.46695
1.47613
1.4856
1.49494
1.50448
1.51367
1.52301
1.53179
1.54067
1.54877
1.55678
1.56374
1.56949
1.57354
1.16544
1.20739
1.25152
1.29546
1.33966
1.38156
1.41974
1.45355
1.48157
1.50235
1.51723
1.52565
1.52866
1.5289
1.52654
1.52243
1.51698
1.50868
1.49667
1.4803
1.45291
1.40715
1.32381
1.19141
1.07696
1.03822
1.04177
1.05998
1.09331
1.13998
1.18779
1.23127
1.26974
1.30452
1.33466
1.36145
1.38333
1.4019
1.41452
1.42357
1.42804
1.43105
1.43016
1.42336
1.41123
1.39662
1.38213
1.36992
1.36083
1.35491
1.35185
1.35079
1.35122
1.35263
1.35448
1.35633
1.35856
1.36156
1.36547
1.36987
1.37443
1.37894
1.38334
1.38753
1.39148
1.39512
1.39842
1.4014
1.40404
1.40638
1.40847
1.41037
1.41239
1.41453
1.417
1.41976
1.42328
1.42733
1.43251
1.43833
1.44527
1.4526
1.46063
1.46891
1.47779
1.48682
1.4963
1.50576
1.51559
1.52518
1.53506
1.54449
1.55415
1.56317
1.57234
1.58073
1.58906
1.59639
1.60263
1.6069
1.17763
1.21516
1.25551
1.29695
1.33813
1.37866
1.41664
1.45078
1.48082
1.50515
1.52294
1.53561
1.54179
1.54383
1.54296
1.53819
1.53208
1.52324
1.51087
1.48947
1.45122
1.38158
1.2551
1.11798
1.04915
1.03888
1.04955
1.07376
1.11106
1.15542
1.19731
1.23622
1.2719
1.30501
1.33527
1.36318
1.38785
1.40983
1.42758
1.44255
1.45193
1.45899
1.46281
1.46494
1.46216
1.45366
1.44059
1.42669
1.41351
1.4031
1.39576
1.39157
1.38985
1.38985
1.39106
1.39272
1.39456
1.39654
1.3991
1.40233
1.40606
1.40982
1.41343
1.41675
1.41975
1.42229
1.42456
1.42651
1.42815
1.42972
1.43119
1.43286
1.43482
1.43697
1.43956
1.44264
1.44682
1.45187
1.45804
1.46474
1.47221
1.48
1.48846
1.49715
1.50637
1.51567
1.52536
1.53493
1.5448
1.55437
1.56421
1.57356
1.58318
1.59215
1.60134
1.60979
1.61823
1.62574
1.6323
1.63665
1.19426
1.22626
1.2621
1.3004
1.33928
1.37718
1.41445
1.44892
1.47933
1.5064
1.5269
1.54274
1.55263
1.55644
1.55631
1.55048
1.54366
1.53277
1.51543
1.48353
1.42318
1.31024
1.16248
1.0629
1.03682
1.04145
1.05666
1.0852
1.1249
1.16381
1.20099
1.23577
1.26926
1.30075
1.33112
1.35937
1.38606
1.41036
1.43251
1.45209
1.46757
1.48022
1.48835
1.49546
1.49852
1.49981
1.49539
1.48572
1.47206
1.45891
1.44697
1.43845
1.43257
1.42999
1.42903
1.42957
1.43069
1.43211
1.43366
1.43544
1.43771
1.4402
1.4428
1.44505
1.44688
1.44845
1.44978
1.45082
1.45155
1.45227
1.45336
1.45508
1.45714
1.45942
1.46232
1.46603
1.47113
1.47697
1.48367
1.49076
1.49859
1.50671
1.51545
1.52433
1.5337
1.54307
1.5528
1.56239
1.57222
1.58176
1.59151
1.60084
1.61037
1.61935
1.6285
1.63698
1.64547
1.65306
1.65985
1.6642
1.21157
1.24314
1.27378
1.30729
1.34309
1.37908
1.41372
1.44774
1.47837
1.50613
1.52954
1.54708
1.5606
1.56631
1.5663
1.56013
1.55088
1.53635
1.50908
1.45773
1.35984
1.20811
1.08273
1.03684
1.03431
1.04385
1.06586
1.0982
1.13417
1.16836
1.20156
1.23349
1.265
1.29552
1.32563
1.35435
1.38241
1.40863
1.43364
1.45609
1.47682
1.49447
1.50871
1.51985
1.52821
1.5343
1.53701
1.53648
1.53002
1.519
1.50536
1.49277
1.48202
1.47474
1.46994
1.4679
1.46688
1.46712
1.4676
1.46826
1.4691
1.47006
1.47103
1.47187
1.4725
1.47289
1.47303
1.47305
1.47313
1.47355
1.47484
1.47667
1.47887
1.48146
1.48504
1.48969
1.49537
1.50163
1.50874
1.51629
1.52449
1.53293
1.54185
1.55087
1.56024
1.56959
1.57921
1.5887
1.59836
1.60779
1.61735
1.62656
1.63589
1.64477
1.65373
1.66214
1.67052
1.67814
1.68503
1.68949
1.22721
1.25757
1.28838
1.31853
1.34988
1.383
1.41582
1.44792
1.47825
1.50551
1.53076
1.54959
1.56534
1.57203
1.5712
1.56383
1.55223
1.52925
1.48652
1.40429
1.25874
1.11118
1.04236
1.03091
1.0362
1.05181
1.07781
1.10945
1.14054
1.17078
1.20082
1.23078
1.26085
1.29092
1.32066
1.35004
1.37881
1.40645
1.43346
1.45854
1.48279
1.50393
1.52375
1.53926
1.5527
1.56249
1.57081
1.57514
1.57669
1.57385
1.56515
1.55239
1.53884
1.5266
1.51672
1.50958
1.50523
1.50255
1.50105
1.50008
1.49926
1.49853
1.49784
1.49715
1.49637
1.49558
1.49475
1.49398
1.49368
1.49437
1.49594
1.49791
1.50042
1.50366
1.5082
1.51336
1.51957
1.52627
1.5338
1.54165
1.55015
1.55876
1.56783
1.57684
1.58622
1.59546
1.60496
1.61429
1.62377
1.63304
1.64237
1.65144
1.66052
1.66931
1.67809
1.68648
1.69473
1.7023
1.7091
1.7135
1.24064
1.27155
1.30134
1.33091
1.36019
1.3903
1.42042
1.45048
1.4799
1.50628
1.53155
1.55129
1.5673
1.57334
1.56971
1.56008
1.54248
1.50633
1.43814
1.30984
1.15337
1.05579
1.03089
1.03275
1.04178
1.062
1.08949
1.11788
1.14531
1.17322
1.20117
1.23002
1.25914
1.28899
1.31866
1.34873
1.37794
1.40716
1.43504
1.46249
1.4881
1.51266
1.53474
1.555
1.5723
1.58646
1.5981
1.60716
1.61334
1.61559
1.61522
1.60931
1.59848
1.58439
1.57006
1.55748
1.54748
1.54015
1.53492
1.53113
1.52814
1.52553
1.52312
1.52091
1.51879
1.51692
1.51528
1.51433
1.51405
1.51536
1.51717
1.51926
1.52219
1.52608
1.53121
1.53698
1.54368
1.55074
1.55856
1.56654
1.57514
1.58369
1.59275
1.60162
1.61091
1.61995
1.62932
1.63838
1.64769
1.65664
1.6658
1.6746
1.68352
1.69204
1.70055
1.70869
1.71663
1.72404
1.73064
1.73504
1.26029
1.28517
1.31295
1.34088
1.36876
1.39697
1.42599
1.45394
1.48261
1.50824
1.53271
1.55242
1.56694
1.56891
1.56131
1.54744
1.5188
1.4612
1.35339
1.20024
1.08389
1.04145
1.03772
1.0428
1.05603
1.07747
1.10278
1.12815
1.15362
1.17976
1.20672
1.23465
1.26329
1.29253
1.32219
1.3519
1.38147
1.4108
1.43934
1.46736
1.49406
1.5198
1.54376
1.56644
1.58662
1.60494
1.61958
1.63214
1.6416
1.64887
1.65229
1.6532
1.64995
1.6408
1.62689
1.61115
1.59591
1.58245
1.57164
1.56312
1.55658
1.55121
1.54681
1.54291
1.53958
1.53695
1.53496
1.53382
1.53463
1.53598
1.53769
1.54004
1.54361
1.54831
1.5541
1.56032
1.56733
1.57459
1.58247
1.59048
1.59894
1.60742
1.61622
1.62497
1.63397
1.64286
1.65192
1.66087
1.66993
1.67877
1.68761
1.69615
1.70466
1.71287
1.721
1.7288
1.73639
1.74345
1.74974
1.75388
1.27898
1.2992
1.32705
1.35317
1.37943
1.40518
1.43244
1.45846
1.48535
1.51025
1.53325
1.55168
1.56084
1.55743
1.54543
1.5216
1.47472
1.3829
1.24291
1.11993
1.06436
1.05339
1.05632
1.06379
1.07831
1.0987
1.12092
1.14361
1.16747
1.19216
1.21819
1.24499
1.27294
1.30152
1.33069
1.36001
1.38925
1.41802
1.44651
1.47413
1.50127
1.52719
1.55228
1.57579
1.59792
1.61799
1.63616
1.65141
1.66407
1.67406
1.68163
1.68607
1.68718
1.68573
1.67879
1.66604
1.64894
1.63069
1.61355
1.59877
1.58678
1.5773
1.56987
1.56428
1.55988
1.55677
1.55505
1.55386
1.55514
1.5567
1.55869
1.56158
1.56598
1.57125
1.57748
1.58399
1.59119
1.59848
1.60637
1.61428
1.6227
1.63102
1.63975
1.64831
1.6572
1.66594
1.67487
1.68354
1.69227
1.70074
1.70925
1.71747
1.72571
1.73363
1.7415
1.74899
1.75627
1.76296
1.76886
1.77274
1.30061
1.31457
1.33736
1.36428
1.3903
1.41473
1.44015
1.46464
1.48916
1.512
1.53252
1.54659
1.54708
1.53639
1.51649
1.47655
1.39841
1.27319
1.15419
1.09459
1.07827
1.07865
1.08319
1.0916
1.10527
1.12254
1.1414
1.16193
1.18394
1.20753
1.23225
1.25817
1.28499
1.31267
1.34077
1.36912
1.3972
1.42522
1.4528
1.47996
1.50672
1.53261
1.55788
1.58194
1.60488
1.62639
1.6463
1.66412
1.68005
1.69263
1.70301
1.70999
1.71451
1.71573
1.71515
1.71003
1.69878
1.682
1.66192
1.64198
1.62379
1.60887
1.59702
1.58836
1.58269
1.5786
1.57714
1.57726
1.57866
1.58037
1.58304
1.58669
1.59161
1.59712
1.60352
1.61009
1.61727
1.62452
1.63227
1.64005
1.6482
1.65634
1.66476
1.67315
1.6817
1.69008
1.69857
1.70686
1.71522
1.72332
1.73148
1.73931
1.74716
1.75461
1.76204
1.76894
1.77567
1.78164
1.78691
1.79019
1.32635
1.33303
1.3503
1.37437
1.39963
1.42345
1.44776
1.4711
1.49374
1.5139
1.5291
1.53261
1.52295
1.50509
1.46938
1.39906
1.28624
1.17774
1.12098
1.10483
1.1038
1.10809
1.11395
1.12239
1.13333
1.14654
1.16204
1.17998
1.19992
1.22209
1.24583
1.27082
1.29668
1.32321
1.35008
1.37748
1.40464
1.43207
1.45893
1.48571
1.51194
1.53775
1.56284
1.58738
1.61061
1.63331
1.65397
1.67384
1.69121
1.70698
1.71982
1.72993
1.73633
1.73972
1.74103
1.74078
1.73626
1.72619
1.71067
1.69125
1.66989
1.64996
1.63316
1.61956
1.6107
1.60479
1.60233
1.60266
1.60422
1.60623
1.60925
1.61352
1.61885
1.62438
1.6306
1.63698
1.64401
1.65104
1.65859
1.66611
1.67408
1.68197
1.69013
1.69805
1.70618
1.71407
1.72216
1.72998
1.73796
1.7456
1.75338
1.76074
1.76819
1.77514
1.78207
1.78838
1.79447
1.79971
1.80415
1.80688
1.36256
1.3589
1.36823
1.38586
1.41002
1.43265
1.4548
1.47633
1.49561
1.51183
1.51635
1.50786
1.48964
1.45572
1.38909
1.28532
1.18599
1.13757
1.12453
1.12657
1.13222
1.1394
1.14674
1.15336
1.16068
1.17026
1.18266
1.19817
1.2164
1.23726
1.26005
1.28403
1.30899
1.33429
1.36037
1.38648
1.41305
1.4394
1.46577
1.49182
1.51772
1.54308
1.56824
1.59243
1.61623
1.63865
1.66035
1.68044
1.69924
1.71623
1.7311
1.74355
1.75317
1.75843
1.76124
1.76233
1.76153
1.75687
1.74767
1.73449
1.71712
1.69757
1.67853
1.66154
1.64842
1.63923
1.6343
1.63301
1.63431
1.63586
1.63867
1.6427
1.64809
1.6536
1.65982
1.66587
1.67255
1.67917
1.68645
1.69369
1.70136
1.70876
1.71644
1.72389
1.7316
1.73905
1.74674
1.75411
1.7617
1.76887
1.77622
1.78304
1.78999
1.79625
1.80257
1.808
1.81324
1.81734
1.82073
1.82264
1.39922
1.38339
1.38599
1.40049
1.42179
1.44414
1.46436
1.48152
1.49597
1.50012
1.49162
1.47284
1.43851
1.37135
1.27245
1.18131
1.14108
1.13349
1.13995
1.14982
1.16199
1.17184
1.17793
1.1821
1.18699
1.19351
1.20323
1.21646
1.23315
1.25264
1.27426
1.29727
1.32139
1.34572
1.37089
1.39602
1.42177
1.44745
1.47319
1.49881
1.52404
1.54908
1.57352
1.59755
1.62096
1.64349
1.66526
1.6857
1.70486
1.72259
1.73822
1.75235
1.76356
1.7723
1.77702
1.78012
1.7813
1.78033
1.77582
1.76883
1.7586
1.74478
1.72854
1.71185
1.69639
1.6839
1.67493
1.66995
1.66874
1.66955
1.67114
1.67389
1.67855
1.68377
1.68984
1.69575
1.70221
1.70845
1.71534
1.72196
1.72909
1.73589
1.74314
1.74997
1.75728
1.76413
1.77145
1.7782
1.78535
1.79186
1.79867
1.8048
1.81109
1.81662
1.82204
1.82657
1.83057
1.83363
1.83573
1.83711
1.48801
1.41821
1.40952
1.41454
1.4305
1.452
1.47108
1.48575
1.48789
1.47766
1.45679
1.41948
1.35014
1.25118
1.16661
1.13376
1.13125
1.14012
1.15646
1.17637
1.19142
1.20035
1.20528
1.20875
1.21253
1.21766
1.22527
1.23645
1.25103
1.26918
1.28907
1.31104
1.33387
1.35785
1.38211
1.40676
1.43153
1.45651
1.4816
1.50672
1.53162
1.55629
1.58035
1.60408
1.62703
1.64947
1.67095
1.6915
1.71077
1.72856
1.74461
1.75874
1.77077
1.78045
1.7875
1.79173
1.79503
1.79664
1.79668
1.79439
1.79036
1.78352
1.77352
1.7612
1.7475
1.73431
1.72228
1.71298
1.70696
1.70496
1.70519
1.70606
1.7085
1.71232
1.71813
1.72386
1.73033
1.73629
1.74287
1.7489
1.7557
1.76197
1.76901
1.77547
1.7826
1.78909
1.79611
1.80248
1.80919
1.81523
1.82145
1.82696
1.83248
1.83716
1.84154
1.84482
1.84747
1.84918
1.8497
1.85022
1.65873
1.4713
1.43854
1.43531
1.4418
1.45639
1.47252
1.47811
1.46738
1.44499
1.40322
1.3289
1.22727
1.14802
1.12027
1.12271
1.1332
1.15513
1.18238
1.20341
1.21715
1.22559
1.2309
1.23491
1.2392
1.24426
1.2511
1.26075
1.27334
1.28891
1.30712
1.3275
1.34941
1.37228
1.39597
1.42002
1.44436
1.46875
1.4932
1.51761
1.54195
1.56595
1.58959
1.61258
1.63503
1.65661
1.67745
1.69707
1.71543
1.73233
1.74763
1.76132
1.77322
1.78339
1.79177
1.79816
1.80313
1.80734
1.81067
1.81311
1.81424
1.81397
1.81061
1.80479
1.79654
1.78647
1.77457
1.76284
1.75267
1.7457
1.74203
1.7412
1.74145
1.74269
1.74591
1.75084
1.75654
1.76244
1.76845
1.77436
1.78046
1.78652
1.79279
1.79904
1.80535
1.81167
1.81788
1.82406
1.82999
1.83579
1.84114
1.84624
1.8506
1.8545
1.85729
1.85937
1.86053
1.86051
1.85934
1.85986
1.93568
1.58008
1.47423
1.45653
1.45506
1.46091
1.46566
1.45754
1.43259
1.38704
1.30485
1.20135
1.12677
1.10364
1.10852
1.12438
1.15195
1.18324
1.20767
1.22546
1.23841
1.24782
1.25535
1.26153
1.26745
1.27347
1.28026
1.28858
1.29924
1.31267
1.32856
1.3469
1.36722
1.38904
1.41167
1.43502
1.45858
1.48241
1.50613
1.52977
1.55319
1.57623
1.59895
1.62095
1.64238
1.66281
1.6824
1.70078
1.71797
1.73375
1.74803
1.76098
1.7725
1.78263
1.79202
1.80006
1.80753
1.81436
1.82086
1.82719
1.83282
1.8366
1.83878
1.83911
1.83754
1.83273
1.8247
1.81408
1.80266
1.7921
1.78364
1.77812
1.77549
1.77525
1.77562
1.77745
1.7814
1.78688
1.79263
1.79862
1.80438
1.81042
1.81612
1.82213
1.82777
1.83365
1.83915
1.84481
1.84989
1.85503
1.85928
1.86342
1.86627
1.86871
1.86964
1.87017
1.86902
1.86738
1.86433
1.86379
2.27944
1.80242
1.55458
1.49002
1.47166
1.46319
1.45047
1.42269
1.36771
1.27396
1.16896
1.10284
1.08535
1.09233
1.11304
1.14524
1.17843
1.20542
1.22633
1.24278
1.25668
1.26858
1.27908
1.28821
1.29644
1.30393
1.31133
1.31927
1.32847
1.33976
1.35341
1.36943
1.38748
1.40741
1.42863
1.45083
1.47341
1.49633
1.51912
1.54181
1.56415
1.58608
1.60759
1.62832
1.64846
1.66752
1.68554
1.70255
1.71807
1.73266
1.74554
1.75758
1.76844
1.77884
1.78876
1.7985
1.80845
1.81781
1.82774
1.83666
1.84572
1.85332
1.86039
1.86498
1.8673
1.86674
1.8645
1.85933
1.85117
1.83989
1.82878
1.81873
1.81132
1.80678
1.80516
1.80517
1.80613
1.80889
1.81351
1.81904
1.8249
1.83072
1.83639
1.842
1.84738
1.85276
1.85781
1.86284
1.86728
1.87152
1.87478
1.87761
1.87893
1.87972
1.87913
1.87774
1.87527
1.87142
1.86431
1.86106
2.60746
2.14652
1.71183
1.53478
1.48929
1.46019
1.42011
1.34738
1.23585
1.13014
1.07516
1.06487
1.07445
1.10056
1.13718
1.17059
1.19816
1.22024
1.2388
1.25553
1.27116
1.28578
1.29929
1.31136
1.32211
1.33168
1.34026
1.3486
1.35721
1.36701
1.37857
1.39233
1.40816
1.42598
1.44524
1.46582
1.48703
1.50873
1.5304
1.55206
1.57329
1.5942
1.6144
1.63396
1.65257
1.67026
1.68676
1.70215
1.71604
1.7291
1.74071
1.75219
1.76263
1.77377
1.78434
1.79602
1.8073
1.81952
1.8313
1.84335
1.85477
1.86535
1.87502
1.88311
1.88935
1.89269
1.89343
1.89153
1.88799
1.88157
1.87203
1.86055
1.84976
1.84068
1.83443
1.83106
1.83026
1.83072
1.83236
1.83593
1.84114
1.84656
1.85216
1.85748
1.86265
1.86748
1.872
1.87621
1.87974
1.88283
1.8847
1.88577
1.88552
1.88439
1.88259
1.8792
1.87354
1.86618
1.85634
1.85129
2.78129
2.48028
1.98321
1.63324
1.50479
1.43891
1.34052
1.20032
1.08312
1.03847
1.03884
1.05463
1.08736
1.12755
1.16179
1.18927
1.2113
1.23035
1.24856
1.26655
1.28443
1.30164
1.31786
1.33276
1.34606
1.35799
1.36839
1.37791
1.38682
1.39602
1.406
1.41763
1.431
1.44649
1.46355
1.48224
1.50165
1.52197
1.54222
1.56274
1.58258
1.60221
1.62083
1.63895
1.65577
1.67174
1.68627
1.69975
1.712
1.72348
1.73419
1.74492
1.75547
1.76678
1.77829
1.79081
1.80342
1.81682
1.82989
1.84326
1.85579
1.86793
1.87888
1.88923
1.89791
1.90462
1.90906
1.91036
1.90864
1.90575
1.90082
1.89297
1.88205
1.87107
1.86109
1.85369
1.84894
1.84739
1.8478
1.84914
1.8519
1.85608
1.86145
1.8667
1.87192
1.87646
1.88068
1.88399
1.88671
1.8882
1.88881
1.88824
1.88697
1.88422
1.87944
1.87202
1.86304
1.85353
1.84267
1.83739
2.86775
2.71399
2.30436
1.83503
1.54802
1.38486
1.17091
1.0271
0.986099
0.99576
1.0246
1.06705
1.10952
1.1448
1.17286
1.195
1.2143
1.23314
1.25241
1.27219
1.29204
1.31145
1.32995
1.34724
1.36296
1.37719
1.38976
1.40099
1.41089
1.42038
1.4297
1.43983
1.45112
1.46428
1.47889
1.49513
1.5124
1.53074
1.54941
1.56823
1.58669
1.60443
1.62164
1.6374
1.65256
1.66585
1.67862
1.6896
1.7005
1.71018
1.72055
1.73041
1.74164
1.75284
1.76547
1.77811
1.79182
1.80525
1.81936
1.83267
1.84631
1.8587
1.87095
1.88173
1.89229
1.90074
1.90795
1.9126
1.91515
1.91454
1.91191
1.9082
1.90224
1.89312
1.88223
1.87185
1.86339
1.85774
1.85501
1.85478
1.85637
1.85858
1.862
1.86655
1.87156
1.87619
1.87997
1.88272
1.88401
1.88438
1.88386
1.88193
1.87823
1.87184
1.86386
1.85408
1.84359
1.83367
1.82346
1.81909
2.92601
2.82102
2.59777
2.11015
1.62948
1.22007
0.949535
0.898948
0.923904
0.969536
1.02869
1.0758
1.11304
1.14235
1.16542
1.18572
1.20573
1.22631
1.24758
1.26929
1.29093
1.31224
1.33235
1.3514
1.3689
1.38497
1.39939
1.4123
1.42366
1.43394
1.44344
1.45283
1.4627
1.47336
1.48549
1.49887
1.51377
1.52931
1.54584
1.56212
1.57881
1.59456
1.60984
1.62349
1.63643
1.64755
1.65816
1.66739
1.67682
1.68567
1.69548
1.7054
1.71667
1.72827
1.74111
1.75408
1.76792
1.78161
1.79577
1.80947
1.82325
1.83628
1.84906
1.8607
1.87209
1.88208
1.89136
1.89835
1.90418
1.90702
1.90771
1.90538
1.90271
1.89808
1.89113
1.88098
1.87097
1.86188
1.85565
1.85196
1.85111
1.85181
1.85429
1.857
1.86054
1.86404
1.86723
1.86856
1.86963
1.86912
1.86679
1.86209
1.85526
1.84605
1.83599
1.82521
1.81492
1.80614
1.79802
1.79522
2.94082
2.86983
2.68893
2.28659
1.61956
0.946136
0.672926
0.727407
0.803998
0.893131
0.963756
1.01456
1.05218
1.08147
1.10726
1.13217
1.15692
1.18165
1.20629
1.23061
1.25451
1.27782
1.30033
1.32149
1.34127
1.35947
1.37623
1.39125
1.4048
1.41666
1.42755
1.43733
1.44698
1.45645
1.46686
1.47805
1.49066
1.50386
1.51782
1.53206
1.54615
1.56009
1.57326
1.58567
1.59631
1.60652
1.61519
1.62431
1.63264
1.64236
1.65186
1.66326
1.67453
1.68774
1.70045
1.71492
1.72842
1.74352
1.75718
1.77229
1.78554
1.80014
1.81252
1.82604
1.83709
1.84923
1.85884
1.86875
1.87597
1.88252
1.88626
1.88785
1.88686
1.88454
1.88137
1.87582
1.86747
1.85774
1.84864
1.84181
1.83723
1.83551
1.83536
1.83649
1.83851
1.8406
1.84215
1.84255
1.84161
1.83904
1.83424
1.82636
1.81729
1.80661
1.79626
1.78624
1.77784
1.77142
1.76607
1.76493
2.94833
2.88495
2.71519
2.32288
1.5824
0.713861
0.378684
0.504137
0.646331
0.752705
0.828345
0.88373
0.927313
0.965075
0.999934
1.03295
1.06446
1.09457
1.12348
1.15122
1.17806
1.20374
1.22872
1.2525
1.27508
1.29591
1.31539
1.33302
1.34918
1.36345
1.37625
1.38765
1.39789
1.40766
1.41729
1.42738
1.43788
1.44945
1.46109
1.4734
1.4855
1.49765
1.50906
1.52021
1.53031
1.53981
1.54905
1.55843
1.5684
1.57913
1.59085
1.60344
1.61696
1.63105
1.64582
1.66076
1.67609
1.69131
1.70658
1.72161
1.73634
1.75085
1.76461
1.77831
1.79068
1.80329
1.81421
1.82557
1.83451
1.84373
1.84995
1.85581
1.85797
1.85889
1.85755
1.85553
1.85165
1.84481
1.83551
1.82627
1.81847
1.81269
1.80907
1.80698
1.80592
1.80506
1.80375
1.80152
1.79766
1.79189
1.78377
1.7744
1.76387
1.75377
1.74423
1.73668
1.73054
1.72704
1.72385
1.72423
2.95552
2.88969
2.71457
2.36879
1.5797
0.676645
0.266318
0.407112
0.537906
0.623577
0.687437
0.741041
0.789255
0.83378
0.875489
0.914443
0.951085
0.985682
1.01843
1.0497
1.0795
1.10804
1.13537
1.16143
1.18658
1.21012
1.23226
1.25272
1.27153
1.28853
1.30373
1.31709
1.32902
1.33962
1.34943
1.35873
1.36801
1.37732
1.38719
1.39725
1.40763
1.41777
1.428
1.43794
1.44791
1.45775
1.46826
1.47926
1.49145
1.50436
1.51856
1.53324
1.54896
1.56473
1.58122
1.59732
1.61396
1.62983
1.64622
1.66153
1.67738
1.69193
1.70703
1.72064
1.73497
1.74761
1.76126
1.77297
1.78564
1.79601
1.80679
1.81495
1.8227
1.82669
1.82966
1.82935
1.82873
1.82574
1.81966
1.81065
1.80009
1.7909
1.7822
1.77569
1.7694
1.76419
1.75794
1.75162
1.743
1.73379
1.72288
1.71246
1.70183
1.69319
1.68559
1.68067
1.67686
1.67551
1.6739
1.6752
2.95746
2.89042
2.71862
2.36866
1.56406
0.652371
0.237781
0.380737
0.490696
0.55063
0.59564
0.639456
0.683799
0.727387
0.769401
0.809582
0.847891
0.884353
0.919354
0.952764
0.984885
1.01569
1.04537
1.07365
1.10093
1.12681
1.15135
1.17427
1.19546
1.21476
1.2321
1.24734
1.26069
1.27215
1.28194
1.2905
1.29795
1.30526
1.31245
1.32031
1.32824
1.33674
1.34528
1.35441
1.36419
1.37505
1.38698
1.40021
1.41459
1.43004
1.44632
1.46314
1.48041
1.49776
1.51527
1.53259
1.54991
1.56694
1.58391
1.60057
1.61717
1.63348
1.64974
1.66594
1.68177
1.6977
1.71278
1.72825
1.74231
1.75665
1.76898
1.78113
1.79057
1.79907
1.80357
1.80622
1.80618
1.80472
1.80111
1.79399
1.78274
1.77024
1.75698
1.74463
1.73239
1.72101
1.70906
1.69726
1.68443
1.67212
1.65976
1.64918
1.63975
1.63291
1.62753
1.62454
1.62248
1.62217
1.62139
1.62305
2.95661
2.89306
2.71746
2.37066
1.56561
0.65512
0.24399
0.381598
0.482574
0.528125
0.558263
0.590478
0.626714
0.664884
0.703318
0.741235
0.778302
0.81437
0.849462
0.883392
0.916439
0.948443
0.979363
1.00934
1.03816
1.06563
1.09187
1.11657
1.13942
1.16051
1.17946
1.19616
1.2106
1.2227
1.23242
1.24004
1.24595
1.251
1.25594
1.26125
1.26681
1.27323
1.27985
1.28822
1.29774
1.30948
1.32257
1.33777
1.35378
1.37129
1.38894
1.40763
1.42604
1.44507
1.46359
1.48246
1.50082
1.51948
1.53763
1.556
1.57392
1.59189
1.60956
1.62709
1.64434
1.66127
1.67773
1.69373
1.709
1.72374
1.73729
1.75006
1.76111
1.77052
1.77777
1.78138
1.78209
1.78124
1.77882
1.77343
1.76277
1.74874
1.73079
1.71289
1.69306
1.67441
1.65491
1.6371
1.61949
1.6046
1.59111
1.58102
1.5728
1.56765
1.56391
1.56237
1.56152
1.562
1.56222
1.56431
2.95495
2.88586
2.72955
2.30164
1.53445
0.590804
0.190866
0.348041
0.449184
0.494353
0.522618
0.552474
0.586693
0.623172
0.660309
0.697208
0.733688
0.769489
0.804662
0.838983
0.87263
0.905254
0.937077
0.967958
0.997715
1.02627
1.0536
1.07944
1.10334
1.12576
1.14559
1.16352
1.1786
1.19129
1.20099
1.20794
1.2127
1.21642
1.21997
1.22343
1.22704
1.23117
1.23649
1.24404
1.25369
1.26656
1.2811
1.29763
1.3152
1.33398
1.35309
1.37273
1.39218
1.41185
1.43121
1.45061
1.46976
1.48881
1.50764
1.52637
1.54478
1.56319
1.5811
1.59912
1.61636
1.6338
1.65012
1.66666
1.68184
1.6971
1.71071
1.72401
1.7353
1.74554
1.75333
1.75829
1.75965
1.75854
1.7562
1.75136
1.74151
1.72618
1.70623
1.683
1.65736
1.63127
1.6056
1.58213
1.56163
1.54459
1.53157
1.52166
1.51537
1.51083
1.50905
1.50781
1.50831
1.50898
1.50965
1.51179
2.95664
2.89315
2.71664
2.36865
1.56157
0.656692
0.252868
0.388666
0.487983
0.52586
0.545295
0.568108
0.597171
0.629802
0.663906
0.698415
0.732899
0.767146
0.801118
0.834523
0.867539
0.899743
0.93135
0.962224
0.992005
1.0209
1.04839
1.07467
1.09884
1.12169
1.14192
1.16011
1.17544
1.18817
1.19759
1.20401
1.2079
1.21099
1.2134
1.2156
1.21821
1.22125
1.22535
1.23156
1.24107
1.25433
1.26909
1.28589
1.30371
1.32258
1.34165
1.36108
1.38033
1.39974
1.41888
1.43801
1.45696
1.47571
1.49433
1.51269
1.53091
1.54895
1.56674
1.58444
1.60157
1.61875
1.63495
1.65132
1.66634
1.68152
1.69496
1.70832
1.71955
1.73003
1.73798
1.74362
1.74528
1.74401
1.74163
1.73692
1.72755
1.71225
1.69077
1.66482
1.63514
1.60469
1.57462
1.54818
1.52539
1.50763
1.49434
1.48478
1.47884
1.47486
1.47337
1.47238
1.47301
1.47368
1.47432
1.47621
)
;

boundaryField
{
    inlet
    {
        type            calculated;
        value           uniform 3.00001;
    }
    outlet
    {
        type            calculated;
        value           nonuniform List<scalar> 
40
(
0.882951
0.995395
1.08729
1.16481
1.2292
1.28967
1.33885
1.38506
1.42728
1.46701
1.50305
1.53915
1.57354
1.6069
1.63665
1.6642
1.68949
1.7135
1.73504
1.75388
1.77274
1.79019
1.80688
1.82264
1.83711
1.85022
1.85986
1.86379
1.86106
1.85129
1.83739
1.81909
1.79522
1.76493
1.72423
1.6752
1.62305
1.56431
1.51179
1.47621
)
;
    }
    bottom
    {
        type            symmetryPlane;
    }
    top
    {
        type            symmetryPlane;
    }
    obstacle
    {
        type            calculated;
        value           uniform 0;
    }
    defaultFaces
    {
        type            empty;
    }
}


// ************************************************************************* //
