/*--------------------------------*- C++ -*----------------------------------*\
| =========                 |                                                 |
| \\      /  F ield         | OpenFOAM: The Open Source CFD Toolbox           |
|  \\    /   O peration     | Version:  2412                                  |
|   \\  /    A nd           | Website:  www.openfoam.com                      |
|    \\/     M anipulation  |                                                 |
\*---------------------------------------------------------------------------*/
FoamFile
{
    version     2.0;
    format      ascii;
    arch        "LSB;label=32;scalar=64";
    class       volScalarField;
    location    "5";
    object      T;
}
// * * * * * * * * * * * * * * * * * * * * * * * * * * * * * * * * * * * * * //

dimensions      [0 0 0 1 0 0 0];

internalField   nonuniform List<scalar> 
5250
(
1.00001
1.00002
1.00006
1.00011
1.00035
1.00065
1.00191
1.00401
1.01029
1.0273
1.06129
1.18904
1.43428
2.19057
2.6537
2.74754
2.74217
2.7398
2.75401
2.7663
2.77833
2.78475
2.79147
2.79262
2.79304
1.00001
1.00002
1.00006
1.00011
1.00035
1.00064
1.00188
1.00394
1.01014
1.02674
1.06023
1.18527
1.42564
2.17367
2.64862
2.74731
2.74184
2.73882
2.75292
2.76498
2.77681
2.78302
2.78935
2.78994
2.78991
1.00001
1.00002
1.00006
1.0001
1.00034
1.00062
1.00184
1.00379
1.00987
1.02555
1.05802
1.17717
1.40692
2.13516
2.63479
2.74527
2.73985
2.73565
2.75003
2.7619
2.77413
2.78055
2.78706
2.78791
2.78742
1.00001
1.00002
1.00005
1.0001
1.00032
1.00059
1.00177
1.00357
1.00947
1.02378
1.05479
1.16512
1.37897
2.07326
2.61179
2.74074
2.73588
2.72924
2.74377
2.75568
2.76646
2.77448
2.78151
2.78228
2.78346
1.00001
1.00001
1.00005
1.00009
1.0003
1.00055
1.00168
1.0033
1.00895
1.02159
1.05075
1.15014
1.34408
1.98855
2.57975
2.73313
2.72832
2.72045
2.73641
2.74869
2.76085
2.76626
2.77504
2.77664
2.77512
1.00001
1.00001
1.00005
1.00009
1.00028
1.00051
1.00158
1.003
1.00839
1.01914
1.04635
1.13346
1.30518
1.88221
2.53404
2.71706
2.71149
2.70264
2.72043
2.73193
2.74919
2.75412
2.76084
2.76463
2.76624
1.00001
1.00001
1.00004
1.00008
1.00026
1.00046
1.00146
1.00273
1.00784
1.01713
1.04285
1.11882
1.27492
1.73603
2.54625
2.70098
2.6943
2.68669
2.70756
2.7163
2.73312
2.74275
2.74836
2.74917
2.74722
1.00001
1.00001
1.00004
1.00007
1.00024
1.00043
1.00135
1.00249
1.0074
1.01541
1.0401
1.10606
1.24951
1.68816
2.53717
2.68784
2.66978
2.67111
2.68276
2.69729
2.71079
2.71941
2.72686
2.72691
2.72434
1
1.00001
1.00004
1.00007
1.00022
1.00039
1.00123
1.00225
1.00684
1.01379
1.03691
1.09427
1.22434
1.63011
2.49181
2.66655
2.66587
2.66332
2.66532
2.67729
2.69079
2.69674
2.69886
2.69262
2.67137
1
1.00001
1.00003
1.00006
1.00018
1.00034
1.00105
1.00199
1.00578
1.01236
1.03183
1.08642
1.19499
1.58056
2.42267
2.63195
2.65886
2.65088
2.64661
2.65396
2.65956
2.66545
2.66176
2.64546
2.59183
1
1.00001
1.00002
1.00006
1.00011
1.00032
1.0007
1.00172
1.00455
1.01017
1.02968
1.06195
1.20301
1.46011
2.22133
2.60002
2.6605
2.64768
2.63383
2.63283
2.63405
2.62982
2.61221
2.56501
2.37363
1
1.00001
1.00002
1.00004
1.00014
1.00026
1.00078
1.00152
1.00422
1.00955
1.02339
1.06548
1.14206
1.44562
2.13919
2.51293
2.64657
2.63804
2.61973
2.61177
2.60246
2.59248
2.56553
2.50691
2.31052
1
1.00001
1.00002
1.00004
1.00012
1.00022
1.00072
1.0013
1.00404
1.00773
1.02194
1.05024
1.12362
1.34101
1.97161
2.43967
2.62044
2.61694
2.60875
2.59442
2.5796
2.54902
2.51383
2.45994
2.31201
1
1.00001
1.00002
1.00003
1.0001
1.00019
1.0006
1.00108
1.00337
1.00637
1.01849
1.03981
1.10382
1.26194
1.78403
2.35233
2.5795
2.57382
2.57918
2.5735
2.55931
2.52999
2.47336
2.42597
2.31818
1
1
1.00001
1.00003
1.00008
1.00015
1.00048
1.00087
1.0027
1.00516
1.01423
1.03345
1.07893
1.22642
1.56667
2.28964
2.54894
2.55206
2.54726
2.54195
2.5311
2.5077
2.44761
2.39474
2.31518
1
1
1.00001
1.00002
1.00007
1.00012
1.00038
1.00069
1.00205
1.00416
1.01084
1.02747
1.06253
1.18861
1.43073
2.11954
2.4856
2.54262
2.52609
2.51825
2.50031
2.48555
2.44341
2.3761
2.30706
1
1
1.00001
1.00002
1.00005
1.0001
1.00031
1.00055
1.00171
1.00325
1.00901
1.02075
1.04973
1.14389
1.32822
1.92612
2.37378
2.51952
2.51424
2.49923
2.4733
2.44262
2.42105
2.37019
2.3023
1
1
1.00001
1.00001
1.00004
1.00007
1.00024
1.00042
1.00133
1.00245
1.00725
1.01499
1.03863
1.10112
1.2345
1.62279
2.25678
2.45748
2.48219
2.4792
2.46336
2.42789
2.39263
2.35376
2.29804
1
1
1.00001
1.00001
1.00003
1.00006
1.00018
1.00032
1.00099
1.00186
1.00535
1.01135
1.02894
1.07768
1.17211
1.51187
2.20136
2.39793
2.43781
2.43363
2.42859
2.41169
2.37733
2.33597
2.28721
1
1
1
1.00001
1.00002
1.00005
1.0001
1.0003
1.00056
1.00156
1.00344
1.00842
1.02264
1.04999
1.15077
1.33855
1.94577
2.33769
2.42362
2.41913
2.40279
2.38342
2.36002
2.32579
2.28181
1
1
1
1.00001
1.00001
1.00004
1.00007
1.00023
1.00042
1.00131
1.00243
1.00713
1.01481
1.03789
1.09706
1.23269
1.58553
2.19595
2.38959
2.38912
2.37963
2.35665
2.32713
2.30134
2.27151
1
1
1
1
1.00001
1.00002
1.00007
1.00013
1.00039
1.00073
1.00218
1.00433
1.01161
1.02762
1.06518
1.17747
1.45871
2.00217
2.32511
2.37146
2.36428
2.34722
2.31316
2.27888
2.24716
1
1
1
1
1.00001
1.00002
1.00004
1.00012
1.00022
1.00068
1.00128
1.00377
1.00764
1.02028
1.04975
1.11651
1.32132
1.87601
2.17597
2.31764
2.33338
2.32768
2.30941
2.27503
2.23792
1
1
1
1
1.00001
1.00001
1.00003
1.00006
1.00019
1.00036
1.00108
1.00209
1.00577
1.01271
1.03146
1.08444
1.18933
1.51969
2.11581
2.25814
2.2843
2.28285
2.27877
2.26417
2.23336
1
1
1
1
1
1.00001
1.00002
1.00006
1.0001
1.00032
1.00059
1.00171
1.00352
1.00904
1.02241
1.05147
1.14766
1.33065
1.86879
2.20047
2.26978
2.26619
2.25481
2.2396
2.22074
1
1
1
1
1
1.00001
1.00001
1.00004
1.00007
1.00022
1.00041
1.00125
1.0023
1.00681
1.01362
1.03593
1.08529
1.21332
1.51121
2.05084
2.23363
2.23994
2.23462
2.2161
2.19314
1
1
1
1
1
1
1.00001
1.00002
1.00006
1.00012
1.00035
1.00065
1.00193
1.00374
1.01037
1.02292
1.05587
1.14495
1.36935
1.83203
2.15462
2.22158
2.21999
2.20798
2.1856
1
1
1
1
1
1
1.00001
1.00002
1.00003
1.0001
1.00018
1.00054
1.00103
1.00299
1.00593
1.01608
1.03601
1.09009
1.22202
1.63636
1.98773
2.16882
2.18928
2.18694
2.17439
1
1
1
1
1
1
1
1.00001
1.00003
1.00005
1.00015
1.00027
1.00082
1.00156
1.00432
1.00934
1.02285
1.06094
1.12876
1.38751
1.87664
2.09683
2.15923
2.1622
2.15547
1
1
1
1
1
1
1
1.00001
1.00002
1.00003
1.0001
1.00018
1.00055
1.00101
1.00305
1.00579
1.01632
1.03487
1.08901
1.21452
1.62042
1.95056
2.11611
2.13389
2.13228
1
1
1
1
1
1
1
1
1.00001
1.00003
1.00005
1.00014
1.00026
1.00078
1.00149
1.00411
1.00887
1.02164
1.05736
1.1214
1.36392
1.82567
2.03979
2.10899
2.10923
1
1
1
1
1
1
1
1
1.00001
1.00002
1.00003
1.00009
1.00017
1.00051
1.00094
1.0028
1.00531
1.01492
1.03133
1.08094
1.18857
1.55005
1.88211
2.06446
2.08737
1
1
1
1
1
1
1
1
1
1.00001
1.00002
1.00004
1.00013
1.00024
1.00071
1.00135
1.00374
1.00796
1.0197
1.05099
1.11115
1.31898
1.76024
1.981
2.0532
1
1
1
1
1
1
1
1
1
1.00001
1.00001
1.00003
1.00006
1.00019
1.00035
1.00103
1.00195
1.0055
1.01136
1.02876
1.07047
1.16363
1.41251
1.85612
2.01101
1
1
1
1
1
1
1
1
1
1
1.00001
1.00002
1.00004
1.00012
1.00021
1.00065
1.00118
1.00354
1.00668
1.01837
1.04103
1.0956
1.25631
1.63409
1.91641
1
1
1
1
1
1
1
1
1
1
1
1.00001
1.00002
1.00007
1.00013
1.00039
1.00071
1.0021
1.00396
1.01129
1.02262
1.06149
1.13265
1.40113
1.71505
1
1
1
1
1
1
1
1
1
1
1
1.00001
1.00002
1.00003
1.00009
1.00017
1.00051
1.00096
1.00276
1.00536
1.01441
1.03168
1.07595
1.18809
1.49283
1
1
1
1
1
1
1
1
1
1
1
1
1.00001
1.00002
1.00006
1.0001
1.00031
1.00056
1.00165
1.00309
1.00871
1.01771
1.04552
1.10417
1.27033
1
1
1
1
1
1
1
1
1
1
1
1
1
1.00001
1.00003
1.00007
1.00014
1.0004
1.00075
1.00213
1.00417
1.0113
1.02356
1.06197
1.1352
1
1
1
1
1
1
1
1
1
1
1
1
1
1.00001
1.00002
1.00003
1.0001
1.00018
1.00053
1.00098
1.00281
1.00545
1.01453
1.03209
1.07524
1
1
1
1
1
1
1
1
1
1
1
1
1
1
1.00001
1.00002
1.00006
1.0001
1.0003
1.00056
1.00163
1.00306
1.00855
1.01724
1.04474
1
1
1
1
1
1
1
1
1
1
1
1
1
1
1
1.00001
1.00003
1.00007
1.00014
1.00039
1.00074
1.00211
1.00411
1.01113
1.02309
1
1
1
1
1
1
1
1
1
1
1
1
1
1
1
1.00001
1.00002
1.00004
1.0001
1.00019
1.00055
1.00104
1.00295
1.00576
1.01536
1
1
1
1
1
1
1
1
1
1
1
1
1
1
1
1.00001
1.00001
1.00003
1.00006
1.00017
1.00031
1.00093
1.00172
1.00504
1.00981
1
1
1
1
1
1
1
1
1
1
1
1
1
1
1
1
1.00001
1.00002
1.00005
1.00014
1.00025
1.00077
1.00143
1.00428
1.00837
1
1
1
1
1
1
1
1
1
1
1
1
1
1
1
1
1.00001
1.00002
1.00005
1.00009
1.00028
1.00053
1.00155
1.00318
1.00825
1
1
1
1
1
1
1
1
1
1
1
1
1
1
1
1
1.00001
1.00002
1.00005
1.00009
1.00029
1.00051
1.00161
1.00305
1.00853
1
1
1
1
1
1
1
1
1
1
1
1
1
1
1
1
1.00001
1.00001
1.00005
1.00008
1.00026
1.00049
1.00139
1.00304
1.00758
1
1
1
1
1
1
1
1
1
1
1
1
1
1
1
1
1.00001
1.00002
1.00004
1.00011
1.00021
1.00062
1.00125
1.00334
1.00798
1
1
1
1
1
1
1
1
1
1
1
1
1
1
1
1
1.00001
1.00001
1.00005
1.00008
1.00026
1.00049
1.00137
1.00302
1.00754
2.37488
2.37702
2.71423
3.01204
3.2097
3.062
2.91846
2.91707
2.9025
2.87611
2.86898
2.86321
2.85476
2.84858
2.84145
2.83137
2.82154
2.81197
2.79968
2.7884
2.77818
2.76445
2.7541
2.74467
2.73741
2.734
2.73368
2.73768
2.75213
2.77164
2.79834
2.82368
2.85085
2.87369
2.89586
2.91341
2.927
2.93945
2.94707
2.95266
2.9549
2.95554
2.95286
2.95292
2.94829
2.94523
2.93775
2.93359
2.92439
2.91936
2.90882
2.90272
2.88998
2.88348
2.8703
2.86323
2.84974
2.84216
2.8286
2.82055
2.80693
2.79854
2.78494
2.77635
2.76288
2.75423
2.74109
2.73248
2.71985
2.71126
2.69936
2.69076
2.67995
2.6713
2.66199
2.65364
2.6459
2.63864
2.63241
2.62698
2.62253
2.61936
2.61756
2.61689
2.61644
2.61679
2.61784
2.61949
2.6231
2.62476
2.62787
2.6291
2.63047
2.62994
2.62897
2.62779
2.62518
2.62361
2.62002
2.618
2.23225
2.23284
2.41537
2.56404
2.90634
3.04758
3.0876
3.10278
3.12752
3.12678
3.08147
3.04465
3.04034
3.03964
3.02672
3.00518
2.99605
2.98995
2.9775
2.96825
2.96296
2.95267
2.94408
2.93815
2.93042
2.92753
2.92687
2.92826
2.93915
2.95059
2.96378
2.97406
2.97907
2.98097
2.97653
2.96915
2.96337
2.95517
2.94256
2.93182
2.91265
2.90068
2.88366
2.87101
2.85562
2.84303
2.82779
2.81532
2.8006
2.78867
2.7742
2.76195
2.74668
2.73447
2.71989
2.70806
2.69375
2.68216
2.66819
2.65676
2.64318
2.63208
2.61881
2.60818
2.59527
2.58503
2.5726
2.56252
2.5507
2.54069
2.52972
2.51995
2.50986
2.50064
2.49149
2.48313
2.47515
2.46787
2.46135
2.45552
2.4506
2.44667
2.44395
2.44219
2.44062
2.43957
2.43924
2.43959
2.44064
2.44119
2.44212
2.44212
2.44154
2.43981
2.43742
2.43575
2.43189
2.42951
2.42578
2.42274
2.21899
2.18059
2.19869
2.30484
2.43078
2.63888
2.77148
2.85986
2.94389
3.00999
3.04257
3.05167
3.06649
3.07311
3.07913
3.08678
3.0932
3.09742
3.10713
3.13464
3.14833
3.1438
3.12372
3.11426
3.10994
3.10811
3.10784
3.10876
3.10995
3.10693
3.09481
3.07417
3.0528
3.0289
3.00079
2.96898
2.94167
2.91436
2.88912
2.86607
2.84362
2.82408
2.80402
2.78713
2.76873
2.75322
2.73572
2.72081
2.7045
2.69039
2.67501
2.66103
2.64523
2.63127
2.61644
2.60319
2.58888
2.57628
2.56233
2.55043
2.5368
2.5254
2.5121
2.50105
2.48824
2.47738
2.4653
2.45465
2.44354
2.43325
2.42301
2.41333
2.40394
2.39512
2.38677
2.37895
2.37178
2.36521
2.35934
2.35429
2.35002
2.34672
2.34456
2.34338
2.34243
2.34188
2.34211
2.34266
2.34396
2.34478
2.34571
2.34626
2.34607
2.34511
2.3437
2.34258
2.33977
2.33813
2.33484
2.33329
2.21921
2.15328
2.12974
2.15403
2.22344
2.31976
2.41152
2.4987
2.5657
2.65846
2.76473
2.85002
2.91121
2.95372
2.98128
3.00139
3.02498
3.05071
3.07601
3.10562
3.13582
3.15605
3.17079
3.18118
3.18835
3.19399
3.19598
3.19251
3.17954
3.15185
3.11364
3.07211
3.01886
2.97145
2.92222
2.88461
2.84924
2.81965
2.79192
2.76867
2.74531
2.72591
2.70598
2.68921
2.67177
2.65688
2.64089
2.62751
2.61292
2.60117
2.58803
2.5766
2.56314
2.55156
2.53881
2.52818
2.51577
2.50564
2.49347
2.48367
2.47186
2.46221
2.4509
2.44126
2.43047
2.42081
2.41045
2.40077
2.39071
2.38111
2.37143
2.36212
2.35309
2.34446
2.33634
2.32879
2.32181
2.31558
2.30998
2.30515
2.30103
2.29772
2.29516
2.29364
2.29203
2.29076
2.28976
2.28932
2.28892
2.28856
2.28798
2.28735
2.28605
2.28476
2.28259
2.28109
2.27795
2.27615
2.27314
2.27042
2.22424
2.15341
2.10831
2.09391
2.11584
2.1643
2.21707
2.27655
2.32905
2.3832
2.45289
2.52206
2.59589
2.66771
2.72693
2.77717
2.8271
2.86736
2.90128
2.93993
2.98323
3.02576
3.06412
3.09362
3.11722
3.13509
3.13892
3.13109
3.10256
3.05392
2.99761
2.93203
2.87508
2.82067
2.77706
2.74166
2.71146
2.68633
2.66393
2.64398
2.62592
2.6095
2.59403
2.58031
2.56666
2.55437
2.54158
2.52994
2.51786
2.50746
2.49669
2.48712
2.47557
2.46547
2.45393
2.44455
2.43347
2.42435
2.41369
2.40478
2.39466
2.38582
2.37622
2.36741
2.35821
2.34964
2.34079
2.3326
2.32423
2.31639
2.30861
2.30124
2.29409
2.28743
2.28097
2.27518
2.26961
2.26487
2.26033
2.25682
2.25343
2.25116
2.24895
2.24803
2.24665
2.24591
2.24475
2.24421
2.24311
2.24235
2.24072
2.23984
2.23802
2.23683
2.23433
2.23297
2.23008
2.22893
2.22641
2.22512
2.22806
2.15539
2.10295
2.07179
2.06211
2.08134
2.11
2.14453
2.18286
2.22022
2.26409
2.30849
2.35429
2.41138
2.46243
2.51591
2.56254
2.60697
2.64991
2.69635
2.73468
2.77574
2.82327
2.86844
2.90377
2.93399
2.95126
2.94479
2.9167
2.86219
2.7997
2.73741
2.68335
2.63985
2.6079
2.5844
2.56467
2.54969
2.53498
2.52368
2.5118
2.50241
2.49235
2.48417
2.47504
2.4673
2.45826
2.45031
2.44111
2.43335
2.42498
2.41783
2.40887
2.40055
2.39087
2.38277
2.37335
2.36506
2.35563
2.34695
2.33763
2.32894
2.3199
2.31137
2.3027
2.29431
2.28606
2.27792
2.27004
2.26232
2.25469
2.24758
2.24034
2.23402
2.22755
2.22232
2.21695
2.21303
2.20895
2.2063
2.20333
2.20167
2.19939
2.1983
2.19635
2.19522
2.19295
2.19144
2.18884
2.18691
2.18381
2.18194
2.17865
2.17702
2.17375
2.17224
2.16916
2.16814
2.16591
2.16461
2.23263
2.16573
2.1054
2.06484
2.04227
2.03809
2.04861
2.0695
2.09106
2.11562
2.14369
2.17628
2.20564
2.24176
2.27698
2.31494
2.3599
2.39442
2.43297
2.46995
2.51011
2.54361
2.59285
2.6213
2.66506
2.69623
2.72797
2.72618
2.70395
2.6559
2.60343
2.54949
2.50811
2.47262
2.45102
2.43789
2.43131
2.42625
2.42152
2.41734
2.4122
2.40805
2.4024
2.3978
2.3917
2.38655
2.37987
2.37382
2.36636
2.35989
2.3528
2.34681
2.33933
2.33204
2.32353
2.31596
2.30773
2.30025
2.29224
2.28476
2.27702
2.26959
2.26224
2.25496
2.24789
2.24077
2.23375
2.22685
2.21994
2.21349
2.20704
2.2013
2.1956
2.19075
2.18591
2.18206
2.1782
2.17541
2.17245
2.17062
2.16831
2.16704
2.16493
2.16373
2.16129
2.15973
2.15653
2.15444
2.15042
2.14779
2.14349
2.14107
2.13696
2.13503
2.13158
2.13025
2.12756
2.12699
2.1255
2.12497
2.23411
2.17254
2.11689
2.06727
2.03584
2.01907
2.01677
2.02269
2.03703
2.04938
2.06641
2.08665
2.1087
2.13194
2.15995
2.17956
2.2145
2.23914
2.27258
2.29887
2.33397
2.36216
2.40394
2.43595
2.47692
2.51193
2.55211
2.56179
2.54491
2.50742
2.45685
2.4128
2.37409
2.3465
2.32918
2.31997
2.32176
2.32562
2.32953
2.33151
2.33198
2.33092
2.32864
2.32649
2.32266
2.31951
2.31487
2.31075
2.30532
2.30019
2.29485
2.28993
2.28458
2.27847
2.27177
2.26496
2.2581
2.25135
2.24443
2.23758
2.23062
2.2236
2.21661
2.20963
2.20276
2.1961
2.18952
2.18331
2.17717
2.17158
2.1661
2.16137
2.15663
2.15278
2.14883
2.14585
2.14266
2.14054
2.13809
2.13668
2.13475
2.13361
2.1317
2.13014
2.12762
2.12536
2.12163
2.11864
2.11363
2.11016
2.10467
2.10118
2.09608
2.09295
2.0887
2.08648
2.08323
2.08244
2.08094
2.08043
2.23198
2.17622
2.12309
2.0771
2.03724
2.01252
1.99877
1.99776
2.00145
2.01003
2.02066
2.03033
2.04447
2.05682
2.08
2.09201
2.11557
2.13198
2.15761
2.17819
2.20787
2.23207
2.26671
2.29869
2.34278
2.3933
2.43881
2.45104
2.43384
2.39909
2.35502
2.31566
2.27734
2.25535
2.23537
2.228
2.22522
2.23253
2.24239
2.25071
2.25743
2.26088
2.26321
2.2632
2.26213
2.26075
2.25812
2.25546
2.25195
2.24818
2.24401
2.24004
2.23593
2.23118
2.22577
2.21997
2.21429
2.20835
2.20253
2.19654
2.19065
2.18475
2.17876
2.17286
2.1668
2.16094
2.15505
2.14947
2.14399
2.13905
2.13427
2.13023
2.1264
2.12347
2.12061
2.11864
2.11651
2.11506
2.11327
2.1119
2.11002
2.10828
2.10577
2.10339
2.09962
2.09646
2.09131
2.08721
2.08099
2.07647
2.06997
2.06538
2.05925
2.05508
2.04984
2.0467
2.04276
2.04103
2.03943
2.0388
2.23009
2.17672
2.12763
2.08158
2.04293
2.01081
1.99099
1.97993
1.98013
1.98212
1.98978
1.99627
2.00484
2.01044
2.02378
2.03361
2.04956
2.06083
2.07798
2.09379
2.1184
2.14116
2.17022
2.20578
2.25566
2.32266
2.36878
2.38254
2.36349
2.33012
2.29387
2.2485
2.21414
2.18595
2.17252
2.16026
2.15541
2.15588
2.16339
2.17582
2.18625
2.19591
2.20174
2.20587
2.20718
2.20753
2.20668
2.20492
2.20309
2.2003
2.19755
2.1945
2.1918
2.18853
2.1845
2.1797
2.17455
2.16934
2.16392
2.15837
2.15279
2.14708
2.14156
2.13595
2.13055
2.1252
2.12007
2.11522
2.11062
2.10657
2.10273
2.09963
2.09665
2.09455
2.09245
2.0912
2.08963
2.08875
2.08712
2.08598
2.08363
2.08169
2.07819
2.07522
2.07035
2.06638
2.06014
2.05539
2.04853
2.04333
2.03632
2.03095
2.02422
2.0193
2.01328
2.00937
2.00449
2.00218
1.99969
1.99914
2.22733
2.17978
2.13077
2.08751
2.04781
2.01421
1.98812
1.97079
1.96254
1.96299
1.96452
1.97024
1.97763
1.98081
1.9881
1.99312
2.00485
2.01207
2.02666
2.03966
2.0591
2.08135
2.10859
2.15325
2.2159
2.29725
2.33699
2.34293
2.31976
2.29229
2.25042
2.21077
2.1718
2.14644
2.12543
2.11431
2.10544
2.10154
2.10195
2.10887
2.1205
2.13337
2.14437
2.15309
2.15851
2.16239
2.16368
2.1644
2.16372
2.16249
2.1606
2.15844
2.15628
2.15408
2.15128
2.14756
2.1431
2.13846
2.13357
2.12874
2.1237
2.11887
2.11395
2.10922
2.10448
2.09993
2.09548
2.09135
2.08753
2.08424
2.08117
2.07887
2.07671
2.07531
2.07393
2.07303
2.07201
2.07106
2.06968
2.06808
2.06554
2.06278
2.05869
2.05461
2.04898
2.04361
2.03699
2.03109
2.02401
2.01779
2.01053
2.00435
1.99727
1.99156
1.98502
1.98028
1.97475
1.97146
1.96826
1.96708
2.21586
2.17667
2.1339
2.09079
2.05337
2.01915
1.9902
1.96854
1.95375
1.9464
1.94676
1.94762
1.95384
1.95668
1.962
1.96518
1.96989
1.97855
1.98708
2.0042
2.01829
2.04402
2.07522
2.13344
2.219
2.29941
2.32805
2.32079
2.299
2.26596
2.22662
2.1826
2.14785
2.11733
2.09622
2.07914
2.06932
2.06191
2.05924
2.05771
2.06395
2.07339
2.08652
2.09878
2.10951
2.1172
2.12248
2.1255
2.12658
2.12669
2.12563
2.12414
2.12223
2.12039
2.11837
2.11562
2.11201
2.10785
2.10357
2.09914
2.0947
2.09028
2.08601
2.08184
2.07782
2.07393
2.07021
2.06691
2.06383
2.06129
2.05909
2.0575
2.05617
2.0553
2.05447
2.05383
2.05286
2.05183
2.04996
2.04782
2.04442
2.04073
2.03564
2.03031
2.02373
2.01752
2.01027
2.00355
1.99587
1.98901
1.98126
1.97457
1.96703
1.96084
1.95382
1.94844
1.94235
1.93829
1.93437
1.93269
2.20202
2.1656
2.13134
2.09286
2.05573
2.02365
1.99416
1.96975
1.95221
1.93968
1.93289
1.93275
1.93332
1.93675
1.94025
1.94426
1.94695
1.95366
1.96108
1.97714
1.99212
2.02048
2.06524
2.14493
2.24795
2.31116
2.32195
2.30919
2.28364
2.2492
2.2071
2.16682
2.13377
2.10406
2.0806
2.06016
2.04566
2.03526
2.0282
2.02619
2.02464
2.02799
2.03627
2.04781
2.06043
2.07162
2.08073
2.08695
2.09087
2.09263
2.09299
2.09222
2.09079
2.08893
2.08722
2.08524
2.08257
2.07917
2.07544
2.07153
2.06758
2.06365
2.05986
2.05634
2.05299
2.04999
2.04721
2.04484
2.04279
2.04127
2.04
2.03921
2.03846
2.03793
2.0371
2.03639
2.03497
2.03347
2.0308
2.02782
2.02347
2.01869
2.01268
2.0065
1.99964
1.99273
1.98521
1.97785
1.96996
1.96254
1.95459
1.94746
1.93972
1.93309
1.92577
1.91984
1.91329
1.90844
1.90383
1.90149
2.1978
2.16154
2.12453
2.09111
2.056
2.02374
1.99533
1.96998
1.94943
1.93597
1.92561
1.92074
1.92071
1.92105
1.92349
1.9272
1.93087
1.93658
1.94574
1.95792
1.98129
2.0173
2.08563
2.19098
2.28421
2.31643
2.31292
2.29523
2.27155
2.23389
2.19502
2.15902
2.12805
2.09861
2.07444
2.05164
2.03466
2.01822
2.00955
2.00098
1.99833
1.99545
1.99583
2.00107
2.0106
2.02215
2.03377
2.04338
2.05045
2.05507
2.05723
2.05806
2.05771
2.05661
2.0551
2.05377
2.05199
2.04964
2.04661
2.0433
2.03987
2.03656
2.03343
2.03059
2.02805
2.02579
2.02391
2.02239
2.02122
2.02046
2.01995
2.0198
2.0195
2.01912
2.01832
2.01738
2.01541
2.01331
2.00956
2.0057
2.00021
1.99476
1.98824
1.98186
1.97454
1.96737
1.95944
1.95185
1.9435
1.93581
1.92736
1.91992
1.91172
1.9048
1.89715
1.89093
1.88413
1.87887
1.87391
1.87118
2.19292
2.16025
2.12472
2.09
2.05727
2.02461
1.9951
1.96979
1.94727
1.92999
1.91885
1.91009
1.90813
1.90856
1.90991
1.91528
1.91956
1.92661
1.93567
1.95311
1.98432
2.03975
2.14321
2.25509
2.31068
2.31767
2.30826
2.2876
2.25967
2.22291
2.18893
2.15643
2.12705
2.0994
2.07469
2.05118
2.03115
2.01247
1.99887
1.98557
1.97869
1.97163
1.96955
1.9665
1.96842
1.97452
1.9849
1.9956
2.00628
2.01449
2.02059
2.0239
2.02524
2.0253
2.02422
2.02302
2.02168
2.02033
2.01845
2.01626
2.01361
2.01107
2.00876
2.00681
2.0051
2.00403
2.00327
2.00277
2.00267
2.00265
2.00273
2.00264
2.0023
2.00178
2.00072
1.99943
1.99677
1.99352
1.98879
1.98385
1.97785
1.97189
1.965
1.95816
1.95051
1.94307
1.93495
1.92731
1.91903
1.91153
1.90329
1.89613
1.88813
1.88141
1.87386
1.86764
1.86084
1.85542
1.85024
1.84738
2.17301
2.15206
2.12281
2.08962
2.05686
2.027
1.99642
1.96933
1.94712
1.92593
1.91274
1.90164
1.89581
1.8961
1.8971
1.9043
1.90999
1.91998
1.93391
1.95952
2.00849
2.10252
2.22134
2.30319
2.32314
2.31836
2.30322
2.28324
2.24948
2.21786
2.18642
2.15819
2.12993
2.10442
2.07867
2.05555
2.03301
2.01303
1.99421
1.97704
1.9651
1.95317
1.94756
1.94028
1.93881
1.93638
1.93977
1.94676
1.95822
1.96833
1.97858
1.98505
1.99034
1.99194
1.99313
1.99277
1.99212
1.99145
1.99086
1.98986
1.98832
1.98717
1.98583
1.98486
1.98432
1.98399
1.98405
1.98441
1.98515
1.98594
1.98644
1.9862
1.9857
1.98508
1.98368
1.98178
1.97808
1.97401
1.96876
1.96351
1.95723
1.95104
1.94391
1.93699
1.92921
1.92174
1.91358
1.9059
1.89766
1.8901
1.88199
1.87473
1.86684
1.85997
1.85245
1.84608
1.83918
1.83364
1.82821
1.82531
2.15796
2.13204
2.11206
2.08636
2.05583
2.02568
1.99862
1.97058
1.94731
1.92573
1.90816
1.89697
1.88643
1.88535
1.88623
1.89335
1.9031
1.91548
1.93852
1.98055
2.06281
2.18705
2.28878
2.32599
2.32559
2.31702
2.29848
2.27322
2.24273
2.21456
2.18614
2.15982
2.13314
2.10801
2.08221
2.05858
2.03439
2.01272
1.99131
1.97335
1.95572
1.9413
1.9296
1.92026
1.91381
1.90861
1.90648
1.90668
1.91208
1.9205
1.9321
1.94196
1.95119
1.95678
1.96119
1.96256
1.96425
1.96436
1.96459
1.96466
1.9646
1.96464
1.96478
1.96504
1.96552
1.96628
1.96744
1.96885
1.97015
1.97118
1.97124
1.97087
1.96997
1.96895
1.96691
1.9639
1.95966
1.95508
1.94938
1.94351
1.93682
1.93016
1.92285
1.91569
1.90797
1.90048
1.89249
1.88488
1.87685
1.86934
1.86144
1.8542
1.84653
1.83967
1.83236
1.82596
1.81921
1.8135
1.80803
1.80486
2.14914
2.12247
2.09586
2.074
2.05097
2.02376
1.9973
1.97139
1.94744
1.92722
1.90641
1.89455
1.8816
1.87934
1.8806
1.88887
1.89915
1.9199
1.95513
2.02462
2.143
2.26495
2.3229
2.32863
2.32346
2.30882
2.2884
2.262
2.23604
2.2108
2.18545
2.16039
2.13506
2.10964
2.08475
2.06012
2.03608
2.01369
1.991
1.97106
1.95031
1.93416
1.91709
1.90577
1.89402
1.88724
1.88
1.87716
1.87578
1.87799
1.88495
1.8952
1.90634
1.91618
1.92432
1.93052
1.93421
1.93704
1.93891
1.94038
1.94187
1.94334
1.94483
1.94634
1.94804
1.94978
1.95169
1.9538
1.95545
1.95604
1.95569
1.95501
1.95373
1.95196
1.94854
1.94501
1.94011
1.93505
1.92883
1.92262
1.91543
1.90852
1.90087
1.89366
1.88581
1.87842
1.87051
1.86304
1.85519
1.84776
1.84009
1.83287
1.82546
1.81852
1.81141
1.80487
1.79828
1.7925
1.78714
1.78393
2.1411
2.11538
2.08892
2.06294
2.03979
2.01587
1.99265
1.969
1.94535
1.92648
1.90581
1.89259
1.88035
1.87725
1.88119
1.89129
1.90654
1.93825
1.99346
2.09998
2.22824
2.31117
2.32893
2.32632
2.318
2.30051
2.27818
2.25335
2.23092
2.20676
2.18385
2.1594
2.13551
2.11025
2.08608
2.06062
2.03718
2.01259
1.99036
1.9674
1.9471
1.92684
1.90967
1.89327
1.87973
1.86846
1.85906
1.85243
1.84719
1.8459
1.84602
1.85097
1.85928
1.87074
1.88252
1.89294
1.90146
1.90791
1.91282
1.91658
1.91976
1.92274
1.92565
1.9283
1.93104
1.93363
1.93623
1.93805
1.93993
1.93957
1.93884
1.93803
1.93628
1.93379
1.92982
1.92564
1.92019
1.91477
1.9082
1.90188
1.89454
1.88772
1.88002
1.87298
1.86515
1.858
1.85015
1.84301
1.83528
1.82826
1.82071
1.81385
1.80658
1.79996
1.79312
1.7868
1.78051
1.77476
1.76959
1.76618
2.12211
2.10497
2.0831
2.05898
2.03549
2.01249
1.98823
1.96695
1.94268
1.92398
1.90443
1.89041
1.87969
1.88005
1.88816
1.90067
1.92526
1.97427
2.0629
2.19069
2.28699
2.32334
2.32369
2.31913
2.30781
2.29034
2.26866
2.24692
2.22532
2.2031
2.18045
2.15699
2.13335
2.10933
2.08492
2.06063
2.03644
2.01218
1.98901
1.96576
1.94428
1.92323
1.90427
1.88566
1.86984
1.85477
1.84364
1.8332
1.82646
1.8203
1.81811
1.81723
1.81979
1.82717
1.8382
1.85097
1.86345
1.87487
1.88413
1.89187
1.89797
1.90344
1.90801
1.91235
1.91614
1.91925
1.92199
1.92438
1.9243
1.92413
1.92357
1.92239
1.92001
1.9167
1.91204
1.90739
1.90165
1.89602
1.88946
1.8831
1.87602
1.86925
1.86195
1.85499
1.84758
1.84049
1.83305
1.82591
1.8185
1.81148
1.80432
1.79763
1.79084
1.78448
1.77807
1.77207
1.76615
1.76073
1.75587
1.7527
2.10246
2.0889
2.06727
2.04787
2.02636
2.0067
1.98356
1.96415
1.94168
1.92244
1.90407
1.89043
1.8844
1.88814
1.89989
1.92125
1.95989
2.03849
2.15318
2.2572
2.30527
2.31349
2.31061
2.30379
2.29203
2.2746
2.25479
2.23598
2.21541
2.19486
2.17264
2.15072
2.12731
2.10357
2.07898
2.05437
2.02993
2.00635
1.98272
1.96038
1.93799
1.91717
1.89664
1.87798
1.86026
1.84468
1.83024
1.81866
1.80861
1.80107
1.79544
1.79202
1.79183
1.79301
1.7989
1.80899
1.82294
1.83805
1.85241
1.8651
1.87568
1.88449
1.89182
1.89741
1.90229
1.90592
1.90777
1.91066
1.90978
1.9092
1.90835
1.9068
1.90341
1.89949
1.89435
1.88939
1.88343
1.8778
1.87119
1.86492
1.8578
1.85113
1.84377
1.83693
1.8295
1.82253
1.81516
1.80826
1.80114
1.79447
1.78759
1.78117
1.77455
1.76841
1.76214
1.75633
1.75059
1.74543
1.74081
1.73782
2.08903
2.07809
2.06103
2.03963
2.01741
1.9986
1.97722
1.95858
1.93914
1.92184
1.90527
1.8944
1.89472
1.90537
1.92293
1.95615
2.02224
2.12437
2.22677
2.27788
2.29259
2.29222
2.28809
2.28146
2.2699
2.25501
2.23906
2.22133
2.20244
2.18195
2.16127
2.13965
2.11744
2.09415
2.07062
2.04682
2.02396
2.00096
1.97868
1.95674
1.93489
1.91413
1.89358
1.8745
1.85631
1.83946
1.82391
1.81026
1.79766
1.78844
1.78009
1.77554
1.77215
1.77225
1.7729
1.77729
1.78667
1.80014
1.81661
1.83295
1.8483
1.86088
1.8715
1.87954
1.88465
1.88943
1.89078
1.89137
1.89076
1.88996
1.88808
1.88562
1.88176
1.87757
1.87219
1.86708
1.86112
1.85544
1.849
1.84283
1.83607
1.82956
1.82266
1.81598
1.80903
1.80239
1.7955
1.78895
1.78218
1.77586
1.76931
1.7633
1.75706
1.75143
1.74559
1.74044
1.73519
1.73082
1.72673
1.72444
2.06259
2.05835
2.04854
2.03181
2.01107
1.99243
1.97163
1.95286
1.93457
1.91881
1.90805
1.90515
1.91444
1.93044
1.96019
2.02025
2.11235
2.20287
2.25437
2.26855
2.27142
2.26807
2.26419
2.25759
2.24828
2.2369
2.22383
2.20848
2.19196
2.17274
2.15245
2.13123
2.10957
2.08735
2.06509
2.04186
2.01963
1.99658
1.9749
1.95293
1.93176
1.91084
1.89072
1.87078
1.85262
1.83416
1.81852
1.80259
1.78967
1.77735
1.76782
1.76018
1.75569
1.7536
1.75375
1.75421
1.75823
1.76681
1.77969
1.79516
1.81288
1.82947
1.84341
1.85572
1.86305
1.86882
1.8713
1.87121
1.87008
1.86883
1.8668
1.86354
1.85893
1.8547
1.8496
1.84472
1.83884
1.83336
1.82707
1.82116
1.81451
1.80831
1.80161
1.79545
1.78885
1.78274
1.77621
1.77017
1.76375
1.75793
1.7517
1.74617
1.74024
1.73507
1.72959
1.72494
1.72018
1.7164
1.71294
1.71107
2.03487
2.0355
2.02758
2.01842
2.00144
1.98569
1.96828
1.95045
1.93538
1.92124
1.9178
1.92562
1.94263
1.97007
2.02641
2.1093
2.19541
2.23575
2.25047
2.24941
2.24554
2.24168
2.2371
2.23204
2.22627
2.21824
2.20787
2.19461
2.17942
2.16133
2.14143
2.121
2.09973
2.07893
2.05682
2.0353
2.01291
1.99133
1.96967
1.94859
1.92751
1.90716
1.88659
1.86741
1.84812
1.83076
1.81359
1.79831
1.78386
1.77101
1.75991
1.75069
1.74354
1.74028
1.73857
1.73874
1.73972
1.74401
1.7523
1.76301
1.77709
1.79301
1.80832
1.82236
1.833
1.84077
1.84462
1.84595
1.84475
1.84372
1.84146
1.83853
1.83397
1.82979
1.82453
1.82001
1.81451
1.80948
1.80337
1.7977
1.79135
1.78564
1.77938
1.77364
1.76738
1.76165
1.75541
1.74978
1.74365
1.73823
1.73233
1.72729
1.72174
1.7172
1.71218
1.70836
1.70422
1.70149
1.69882
1.69781
2.01594
2.0176
2.01443
2.00187
1.98546
1.97032
1.95632
1.94565
1.93468
1.93141
1.93896
1.95613
1.98354
2.04112
2.11812
2.19775
2.23031
2.24064
2.23484
2.22953
2.22167
2.21477
2.21077
2.20842
2.20455
2.20001
2.19166
2.18045
2.16632
2.14962
2.1309
2.11112
2.09021
2.07025
2.04887
2.0284
2.00672
1.98557
1.96435
1.94338
1.92316
1.90293
1.88355
1.86437
1.84574
1.82805
1.81082
1.7951
1.78043
1.76689
1.75546
1.74453
1.73656
1.72978
1.7268
1.72472
1.72473
1.72577
1.73007
1.73626
1.74461
1.75553
1.76857
1.78183
1.79423
1.80407
1.81119
1.81513
1.81615
1.81546
1.81404
1.81213
1.80823
1.80436
1.79926
1.79485
1.78948
1.78484
1.77921
1.77428
1.76842
1.76332
1.75738
1.75233
1.74635
1.74128
1.73525
1.73028
1.72444
1.71972
1.71421
1.70978
1.70474
1.70073
1.69643
1.69318
1.69002
1.6879
1.68625
1.6854
1.94836
2.00028
2.0002
1.99508
1.98134
1.96306
1.94856
1.937
1.93809
1.94847
1.96848
2.00001
2.05775
2.13722
2.20964
2.23728
2.24161
2.23354
2.22261
2.20811
2.19699
2.1912
2.18859
2.1869
2.18472
2.18106
2.17508
2.16561
2.15354
2.13709
2.1206
2.10145
2.08234
2.06153
2.04116
2.02053
2.00018
1.97963
1.95894
1.93813
1.91769
1.89746
1.87817
1.85901
1.84082
1.82282
1.80585
1.78958
1.77455
1.76086
1.74879
1.73841
1.7298
1.72323
1.71854
1.71636
1.71455
1.71463
1.71518
1.71779
1.72169
1.72748
1.73554
1.74525
1.75617
1.76623
1.7757
1.78291
1.78776
1.78922
1.78892
1.78814
1.78585
1.78318
1.77815
1.77391
1.76839
1.76409
1.75853
1.75416
1.74836
1.74371
1.73766
1.73281
1.72668
1.72176
1.71577
1.71096
1.70536
1.70086
1.69576
1.69169
1.68719
1.6837
1.68011
1.67768
1.6755
1.67433
1.67381
1.67358
1.8026
1.95962
1.97982
1.97937
1.9736
1.96169
1.9488
1.943
1.95261
1.97212
2.009
2.06969
2.15466
2.22009
2.2465
2.24441
2.23632
2.2207
2.19978
2.18343
2.17342
2.16776
2.16463
2.16277
2.16008
2.15696
2.15199
2.14396
2.13345
2.12
2.10432
2.08674
2.06794
2.04858
2.02835
2.0081
1.98768
1.96755
1.94738
1.92732
1.90722
1.88762
1.8684
1.85007
1.83221
1.81533
1.79895
1.78392
1.77009
1.75767
1.74671
1.73705
1.72892
1.72214
1.71675
1.71313
1.71065
1.70831
1.70671
1.70588
1.70601
1.70639
1.70937
1.71392
1.72045
1.72788
1.73703
1.74595
1.7539
1.75904
1.76183
1.76216
1.76189
1.76088
1.75835
1.75461
1.75025
1.74579
1.74112
1.73662
1.73176
1.72703
1.72195
1.71695
1.71184
1.70671
1.7017
1.69662
1.69183
1.68704
1.68274
1.67848
1.67501
1.67165
1.66938
1.66748
1.66638
1.66616
1.66695
1.66637
1.59396
1.87151
1.95546
1.96519
1.96431
1.95845
1.95473
1.96127
1.98279
2.02028
2.08689
2.17121
2.23393
2.25514
2.25108
2.23829
2.21849
2.19353
2.17454
2.16134
2.15181
2.14568
2.14048
2.13689
2.13306
2.1292
2.1245
2.11827
2.10974
2.09832
2.0849
2.06911
2.05172
2.03297
2.01396
1.99425
1.97471
1.95489
1.93546
1.91617
1.89716
1.87872
1.8605
1.84325
1.82641
1.81084
1.79594
1.78231
1.76969
1.75836
1.74843
1.73946
1.73171
1.72526
1.71903
1.7143
1.70973
1.70573
1.70185
1.6977
1.69371
1.69153
1.69011
1.69002
1.69116
1.69486
1.70056
1.70851
1.71709
1.72478
1.73107
1.73499
1.73709
1.73707
1.73678
1.73537
1.73237
1.72813
1.72379
1.71908
1.71473
1.70976
1.70538
1.70039
1.69605
1.69119
1.68695
1.68226
1.67835
1.67402
1.67082
1.66721
1.66515
1.66277
1.66222
1.66128
1.66215
1.66317
1.66545
1.66552
1.40268
1.68285
1.89191
1.94057
1.95499
1.9596
1.96948
1.99167
2.03631
2.1112
2.1958
2.25148
2.26601
2.26015
2.24441
2.21976
2.19327
2.1719
2.15543
2.14318
2.13279
2.12442
2.11695
2.11092
2.10536
2.10054
2.09565
2.0901
2.08339
2.07449
2.06344
2.05012
2.03506
2.01828
2.00062
1.98205
1.96352
1.9446
1.92618
1.90787
1.89012
1.87284
1.85592
1.84002
1.82446
1.81016
1.79688
1.78434
1.7734
1.76281
1.75415
1.74585
1.73885
1.73197
1.72554
1.71921
1.71225
1.70619
1.69878
1.693
1.68611
1.68095
1.67539
1.67213
1.66996
1.67031
1.67185
1.67566
1.68099
1.68946
1.69747
1.70501
1.71043
1.71386
1.71496
1.71489
1.71412
1.71202
1.70851
1.70438
1.69987
1.69532
1.69087
1.68636
1.68213
1.67775
1.67378
1.66963
1.66615
1.66256
1.66006
1.6575
1.65652
1.65545
1.65578
1.65662
1.65838
1.6609
1.66605
1.6684
1.18919
1.48149
1.76138
1.90566
1.93851
1.96203
1.99378
2.05409
2.14716
2.2319
2.2795
2.28674
2.27889
2.25933
2.22931
2.20249
2.1803
2.16261
2.14806
2.13522
2.12341
2.11269
2.10286
2.0944
2.08698
2.08052
2.07501
2.06936
2.06345
2.05617
2.04713
2.03587
2.02283
2.00787
1.99194
1.97481
1.95747
1.93966
1.92221
1.90469
1.88786
1.87118
1.85539
1.84009
1.82586
1.81238
1.80005
1.78855
1.77872
1.76921
1.76152
1.75323
1.74653
1.73832
1.73138
1.72256
1.71482
1.70547
1.69691
1.6876
1.67894
1.67085
1.66344
1.65736
1.65243
1.65
1.64914
1.65054
1.65305
1.65756
1.66423
1.67262
1.6803
1.68707
1.69164
1.69425
1.69489
1.69455
1.69336
1.69084
1.68695
1.683
1.67874
1.67478
1.6708
1.66712
1.66364
1.66029
1.6576
1.65501
1.65362
1.65255
1.65267
1.65346
1.6546
1.657
1.6607
1.66604
1.67308
1.677
1.09962
1.26349
1.56199
1.82775
1.92924
1.98043
2.06076
2.17288
2.26768
2.30736
2.3063
2.29322
2.26914
2.23712
2.2097
2.18764
2.16986
2.15493
2.14042
2.12647
2.1125
2.09936
2.08702
2.07576
2.06606
2.05727
2.05009
2.04338
2.03735
2.03074
2.02354
2.01445
2.00395
1.99115
1.97731
1.96165
1.94595
1.92904
1.91288
1.89613
1.88064
1.86496
1.85072
1.83645
1.82377
1.81151
1.80085
1.79093
1.78224
1.7741
1.76681
1.75922
1.7521
1.74383
1.73577
1.72633
1.71722
1.7069
1.6973
1.68695
1.67776
1.66843
1.6604
1.65256
1.64607
1.64097
1.63754
1.63642
1.63791
1.63999
1.64364
1.64902
1.65704
1.66478
1.672
1.6772
1.68062
1.68153
1.6811
1.67998
1.67772
1.67474
1.67067
1.66682
1.6628
1.65951
1.6562
1.65377
1.65151
1.65036
1.64957
1.64993
1.65074
1.65271
1.65581
1.66146
1.66787
1.67514
1.68302
1.68719
1.0604
1.13138
1.38566
1.66095
1.89626
2.02319
2.20178
2.31829
2.35198
2.34262
2.32006
2.28744
2.25275
2.22465
2.20176
2.18358
2.168
2.15291
2.13756
2.12183
2.10615
2.09084
2.07642
2.06305
2.05118
2.04053
2.03153
2.02339
2.01675
2.00999
2.00363
1.99611
1.98767
1.97714
1.96559
1.95225
1.93835
1.92323
1.90818
1.89294
1.87821
1.8644
1.85074
1.83903
1.82716
1.81785
1.80812
1.80084
1.7927
1.7865
1.77872
1.77227
1.76364
1.75583
1.74598
1.73681
1.72611
1.71628
1.70526
1.69558
1.68497
1.67607
1.66657
1.65892
1.65076
1.64483
1.63925
1.63604
1.63383
1.63418
1.63609
1.63863
1.64264
1.64904
1.6568
1.66422
1.67015
1.67412
1.67584
1.67582
1.67431
1.67245
1.66968
1.66623
1.66236
1.65873
1.65581
1.65357
1.65254
1.65206
1.65236
1.65372
1.65611
1.66098
1.66647
1.67381
1.68131
1.68885
1.69632
1.69982
1.03329
1.08132
1.1932
1.5182
1.81545
2.15595
2.37579
2.42418
2.39783
2.37164
2.32129
2.28192
2.25121
2.22649
2.20728
2.19074
2.17453
2.15803
2.14097
2.1235
2.10636
2.08927
2.07364
2.05863
2.04532
2.03307
2.02242
2.01295
2.005
1.99777
1.99127
1.98476
1.97761
1.96978
1.96028
1.94995
1.93782
1.92567
1.91202
1.89944
1.88581
1.87383
1.86167
1.85174
1.84173
1.83412
1.82618
1.82018
1.81318
1.80739
1.80001
1.79318
1.78449
1.77607
1.76603
1.75644
1.7456
1.73538
1.72432
1.71407
1.70338
1.69367
1.68379
1.67525
1.66652
1.6594
1.65223
1.6475
1.64285
1.6412
1.64029
1.64232
1.64401
1.64747
1.65184
1.65915
1.66591
1.67243
1.67641
1.67889
1.67884
1.6781
1.67566
1.67346
1.67032
1.66773
1.66485
1.66398
1.66273
1.66293
1.66445
1.66778
1.67234
1.67921
1.6863
1.69447
1.70191
1.70867
1.71464
1.71698
1.02646
1.06025
1.14395
1.37545
1.9275
2.33765
2.57453
2.51722
2.47369
2.41603
2.3668
2.32982
2.30097
2.27844
2.25826
2.23846
2.21867
2.19874
2.17874
2.15906
2.13969
2.12092
2.10286
2.08599
2.0703
2.05612
2.04299
2.03175
2.02143
2.01303
2.00498
1.99846
1.9914
1.98499
1.97711
1.96891
1.95886
1.94876
1.93772
1.92643
1.9155
1.9045
1.89467
1.88491
1.87757
1.86963
1.86409
1.85696
1.85165
1.84382
1.83743
1.828
1.82003
1.80892
1.79976
1.78755
1.77779
1.76503
1.75526
1.74254
1.73327
1.72104
1.71266
1.70148
1.6943
1.68451
1.67843
1.67063
1.6662
1.66118
1.65899
1.65773
1.6585
1.66029
1.66233
1.666
1.67153
1.67808
1.68423
1.68843
1.69134
1.69165
1.6912
1.68983
1.68755
1.6855
1.6838
1.68288
1.68333
1.68498
1.68786
1.69375
1.69992
1.70801
1.71533
1.72303
1.72908
1.73415
1.73806
1.73919
1.02306
1.05325
1.13043
1.35164
1.99142
2.51242
2.71619
2.65861
2.58303
2.51187
2.45879
2.41934
2.38806
2.36019
2.33419
2.30926
2.28501
2.26166
2.23888
2.217
2.1954
2.17517
2.15489
2.13635
2.11823
2.10229
2.08701
2.07396
2.06173
2.05165
2.04258
2.03483
2.02818
2.02172
2.01544
2.00841
2.00135
1.99246
1.98421
1.97466
1.9657
1.95618
1.94785
1.93934
1.93194
1.92495
1.91813
1.91118
1.90358
1.89534
1.8861
1.87615
1.86524
1.85404
1.84204
1.83019
1.81782
1.80587
1.79382
1.78221
1.77101
1.75996
1.75005
1.73977
1.73146
1.72204
1.71517
1.70653
1.70122
1.6939
1.69032
1.68518
1.68406
1.68227
1.68292
1.68373
1.68564
1.68946
1.69535
1.70124
1.70612
1.70965
1.71157
1.71254
1.71271
1.7129
1.71344
1.71465
1.71725
1.72109
1.72711
1.73378
1.74179
1.74915
1.75657
1.76213
1.76709
1.76966
1.77244
1.77234
1.02072
1.04757
1.14011
1.31673
1.87291
2.6047
2.75997
2.72825
2.6623
2.60935
2.56689
2.52942
2.49474
2.46255
2.43122
2.40206
2.37401
2.34712
2.32169
2.29699
2.27376
2.25148
2.23019
2.2103
2.19075
2.17298
2.15598
2.14063
2.12653
2.11403
2.10302
2.09369
2.08542
2.07847
2.07202
2.06603
2.0597
2.05362
2.04649
2.03938
2.03164
2.02446
2.01666
2.00946
2.00186
1.99469
1.98643
1.9781
1.96822
1.95815
1.94637
1.93477
1.92167
1.90925
1.89562
1.88327
1.86979
1.85812
1.84516
1.83442
1.82223
1.81245
1.80109
1.79233
1.78145
1.7733
1.76236
1.75447
1.7436
1.73597
1.726
1.71924
1.711
1.70707
1.70182
1.70081
1.69936
1.70008
1.70273
1.70761
1.71484
1.7204
1.72677
1.73077
1.73578
1.73917
1.74448
1.74893
1.75615
1.76295
1.77204
1.77981
1.78874
1.79518
1.80181
1.80544
1.80915
1.81012
1.81223
1.81161
1.01957
1.04741
1.13777
1.31733
1.88104
2.62158
2.76156
2.73759
2.68736
2.65475
2.62934
2.60328
2.57476
2.54547
2.51588
2.48627
2.45735
2.42992
2.40277
2.37737
2.35274
2.32934
2.30647
2.28523
2.26391
2.24435
2.22545
2.20795
2.19193
2.17757
2.16481
2.15407
2.14483
2.13737
2.13137
2.12613
2.12222
2.1177
2.11379
2.10845
2.10358
2.09744
2.09162
2.08481
2.07765
2.06913
2.05977
2.04913
2.03755
2.02503
2.01186
1.99843
1.98469
1.97122
1.95761
1.94452
1.93132
1.91863
1.90579
1.89334
1.8806
1.86804
1.85505
1.84163
1.82838
1.81419
1.80109
1.78642
1.77378
1.75951
1.74805
1.73548
1.72635
1.7168
1.71183
1.70705
1.70556
1.70554
1.70698
1.71064
1.71833
1.72679
1.73664
1.74541
1.75492
1.76327
1.77289
1.78182
1.79243
1.80199
1.8125
1.82093
1.82936
1.83504
1.84044
1.84323
1.84613
1.84696
1.84909
1.84889
1.02039
1.04589
1.13878
1.31595
1.88355
2.6205
2.7587
2.73623
2.69014
2.6671
2.65208
2.63568
2.61498
2.59086
2.56479
2.53779
2.51073
2.48425
2.45814
2.43349
2.40877
2.38487
2.36194
2.33909
2.31699
2.29629
2.27601
2.25694
2.23977
2.22368
2.20959
2.19754
2.18739
2.17928
2.17341
2.16922
2.16654
2.16457
2.16262
2.15996
2.15743
2.1531
2.14982
2.14337
2.13699
2.12752
2.11773
2.10491
2.09261
2.07789
2.06432
2.04862
2.03431
2.01846
2.00402
1.98841
1.97389
1.9582
1.94338
1.92759
1.9124
1.89661
1.88101
1.86516
1.84942
1.83378
1.81851
1.80353
1.78934
1.77535
1.76276
1.75047
1.74005
1.73083
1.7235
1.7192
1.71719
1.71713
1.71818
1.72131
1.72913
1.73862
1.75324
1.7663
1.78281
1.79702
1.81364
1.82764
1.84311
1.8552
1.86765
1.87621
1.88453
1.88934
1.89402
1.89597
1.8983
1.89868
1.89954
1.89919
1.01918
1.05461
1.11978
1.3695
2.01368
2.63948
2.75014
2.73074
2.69085
2.67083
2.65846
2.64478
2.62685
2.6065
2.58344
2.55922
2.53368
2.50833
2.48264
2.45787
2.43281
2.40929
2.38586
2.36302
2.34124
2.32035
2.30002
2.2808
2.26384
2.24662
2.23303
2.21976
2.21
2.20149
2.19614
2.19311
2.19178
2.19153
2.19139
2.19113
2.19053
2.18922
2.18671
2.18143
2.17547
2.16459
2.15333
2.13967
2.12584
2.11016
2.09471
2.07832
2.06281
2.04662
2.03111
2.0151
1.99933
1.98329
1.96734
1.95107
1.93507
1.91852
1.90262
1.88591
1.87045
1.85395
1.83932
1.82351
1.80995
1.79537
1.78331
1.77071
1.76086
1.75127
1.7444
1.73967
1.73783
1.73855
1.74024
1.74378
1.75139
1.76326
1.77914
1.79758
1.81844
1.83951
1.86089
1.88043
1.89777
1.91264
1.92386
1.93327
1.93876
1.9441
1.9456
1.94827
1.94835
1.94875
1.94889
1.9487
1.0204
1.0458
1.13929
1.31719
1.88779
2.61896
2.75663
2.73369
2.68702
2.66658
2.65672
2.64523
2.62864
2.60911
2.5869
2.56312
2.53862
2.51401
2.48898
2.46487
2.44018
2.41698
2.39365
2.37057
2.34899
2.32724
2.30702
2.28683
2.26974
2.2518
2.23764
2.22417
2.21388
2.20517
2.20015
2.19713
2.19687
2.19711
2.19799
2.19885
2.19878
2.19832
2.19705
2.19395
2.18798
2.17684
2.16587
2.15215
2.13801
2.12233
2.10702
2.09106
2.07574
2.05976
2.04416
2.02808
2.01195
1.99574
1.97928
1.96292
1.94633
1.92962
1.913
1.89606
1.87997
1.86324
1.84818
1.83213
1.81842
1.8036
1.79165
1.77882
1.76912
1.7593
1.75251
1.7473
1.74549
1.74648
1.74833
1.75202
1.75953
1.77155
1.78907
1.80988
1.83445
1.85918
1.88483
1.90674
1.92671
1.94212
1.9539
1.96296
1.96825
1.97285
1.97409
1.97648
1.97641
1.97679
1.97694
1.97728
)
;

boundaryField
{
    inlet
    {
        type            fixedValue;
        value           uniform 1;
    }
    outlet
    {
        type            zeroGradient;
    }
    bottom
    {
        type            symmetryPlane;
    }
    top
    {
        type            symmetryPlane;
    }
    obstacle
    {
        type            zeroGradient;
    }
    defaultFaces
    {
        type            empty;
    }
}


// ************************************************************************* //
