/*--------------------------------*- C++ -*----------------------------------*\
| =========                 |                                                 |
| \\      /  F ield         | OpenFOAM: The Open Source CFD Toolbox           |
|  \\    /   O peration     | Version:  2412                                  |
|   \\  /    A nd           | Website:  www.openfoam.com                      |
|    \\/     M anipulation  |                                                 |
\*---------------------------------------------------------------------------*/
FoamFile
{
    version     2.0;
    format      ascii;
    arch        "LSB;label=32;scalar=64";
    class       volScalarField;
    location    "0.0999";
    object      T;
}
// * * * * * * * * * * * * * * * * * * * * * * * * * * * * * * * * * * * * * //

dimensions      [0 0 0 1 0 0 0];

internalField   nonuniform List<scalar> 
15000
(
300
300
300
300
300
300
300
300
300
300
300
300
300
300
300
300
300
300
300
300
300
300
300
300
300
300
300
300
300
300
300
300
300.001
300.001
300.003
300.005
300.009
300.016
300.029
300.052
300.096
300.175
300.319
300.591
301.077
302.047
303.651
307.082
311.932
325.903
300
300
300
300
300
300
300
300
300
300
300
300
300
300
300
300
300
300
300
300
300
300
300
300
300
300
300
300
300
300
300
300
300.001
300.001
300.002
300.004
300.007
300.013
300.022
300.04
300.07
300.125
300.22
300.387
300.677
301.188
302.051
303.522
305.845
309.67
300
300
300
300
300
300
300
300
300
300
300
300
300
300
300
300
300
300
300
300
300
300
300
300
300
300
300
300
300
300
300
300
300.001
300.001
300.002
300.003
300.005
300.009
300.016
300.027
300.048
300.082
300.142
300.243
300.414
300.7
301.174
301.947
303.165
304.994
300
300
300
300
300
300
300
300
300
300
300
300
300
300
300
300
300
300
300
300
300
300
300
300
300
300
300
300
300
300
300
300
300
300.001
300.001
300.002
300.003
300.006
300.01
300.018
300.03
300.05
300.085
300.142
300.236
300.389
300.635
301.022
301.625
302.519
300
300
300
300
300
300
300
300
300
300
300
300
300
300
300
300
300
300
300
300
300
300
300
300
300
300
300
300
300
300
300
300
300
300
300.001
300.001
300.002
300.004
300.006
300.011
300.018
300.03
300.05
300.082
300.133
300.215
300.344
300.544
300.851
301.301
300
300
300
300
300
300
300
300
300
300
300
300
300
300
300
300
300
300
300
300
300
300
300
300
300
300
300
300
300
300
300
300
300
300
300
300.001
300.001
300.002
300.004
300.006
300.011
300.017
300.028
300.046
300.074
300.117
300.185
300.289
300.447
300.676
300
300
300
300
300
300
300
300
300
300
300
300
300
300
300
300
300
300
300
300
300
300
300
300
300
300
300
300
300
300
300
300
300
300
300
300.001
300.001
300.001
300.002
300.004
300.006
300.01
300.016
300.026
300.041
300.064
300.1
300.154
300.236
300.355
300
300
300
300
300
300
300
300
300
300
300
300
300
300
300
300
300
300
300
300
300
300
300
300
300
300
300
300
300
300
300
300
300
300
300
300
300.001
300.001
300.001
300.002
300.004
300.006
300.009
300.014
300.022
300.035
300.054
300.083
300.125
300.187
300
300
300
300
300
300
300
300
300
300
300
300
300
300
300
300
300
300
300
300
300
300
300
300
300
300
300
300
300
300
300
300
300
300
300
300
300
300
300.001
300.001
300.002
300.003
300.005
300.008
300.012
300.019
300.029
300.044
300.067
300.099
300
300
300
300
300
300
300
300
300
300
300
300
300
300
300
300
300
300
300
300
300
300
300
300
300
300
300
300
300
300
300
300
300
300
300
300
300
300
300
300.001
300.001
300.002
300.003
300.004
300.007
300.01
300.016
300.024
300.036
300.053
300
300
300
300
300
300
300
300
300
300
300
300
300
300
300
300
300
300
300
300
300
300
300
300
300
300
300
300
300
300
300
300
300
300
300
300
300
300
300
300
300.001
300.001
300.002
300.002
300.004
300.006
300.009
300.013
300.019
300.028
300
300
300
300
300
300
300
300
300
300
300
300
300
300
300
300
300
300
300
300
300
300
300
300
300
300
300
300
300
300
300
300
300
300
300
300
300
300
300
300
300
300.001
300.001
300.001
300.002
300.003
300.005
300.007
300.01
300.015
300
300
300
300
300
300
300
300
300
300
300
300
300
300
300
300
300
300
300
300
300
300
300
300
300
300
300
300
300
300
300
300
300
300
300
300
300
300
300
300
300
300
300
300.001
300.001
300.002
300.003
300.004
300.006
300.008
300
300
300
300
300
300
300
300
300
300
300
300
300
300
300
300
300
300
300
300
300
300
300
300
300
300
300
300
300
300
300
300
300
300
300
300
300
300
300
300
300
300
300
300
300.001
300.001
300.001
300.002
300.003
300.004
300
300
300
300
300
300
300
300
300
300
300
300
300
300
300
300
300
300
300
300
300
300
300
300
300
300
300
300
300
300
300
300
300
300
300
300
300
300
300
300
300
300
300
300
300
300
300.001
300.001
300.002
300.002
300
300
300
300
300
300
300
300
300
300
300
300
300
300
300
300
300
300
300
300
300
300
300
300
300
300
300
300
300
300
300
300
300
300
300
300
300
300
300
300
300
300
300
300
300
300
300
300.001
300.001
300.001
300
300
300
300
300
300
300
300
300
300
300
300
300
300
300
300
300
300
300
300
300
300
300
300
300
300
300
300
300
300
300
300
300
300
300
300
300
300
300
300
300
300
300
300
300
300
300
300
300
300.001
300
300
300
300
300
300
300
300
300
300
300
300
300
300
300
300
300
300
300
300
300
300
300
300
300
300
300
300
300
300
300
300
300
300
300
300
300
300
300
300
300
300
300
300
300
300
300
300
300
300
300
300
300
300
300
300
300
300
300
300
300
300
300
300
300
300
300
300
300
300
300
300
300
300
300
300
300
300
300
300
300
300
300
300
300
300
300
300
300
300
300
300
300
300
300
300
300
300
300
300
300
300
300
300
300
300
300
300
300
300
300
300
300
300
300
300
300
300
300
300
300
300
300
300
300
300
300
300
300
300
300
300
300
300
300
300
300
300
300
300
300
300
300
300
300
300
300
300
300
300
300
300
300
300
300
300
300
300
300
300
300
300
300
300
300
300
300
300
300
300
300
300
300
300
300
300
300
300
300
300
300
300
300
300
300
300
300
300
300
300
300
300
300
300
300
300
300
300
300
300
300
300
300
300
300
300
300
300
300
300
300
300
300
300
300
300
300
300
300
300
300
300
300
300
300
300
300
300
300
300
300
300
300
300
300
300
300
300
300
300
300
300
300
300
300
300
300
300
300
300
300
300
300
300
300
300
300
300
300
300
300
300
300
300
300
300
300
300
300
300
300
300
300
300
300
300
300
300
300
300
300
300
300
300
300
300
300
300
300
300
300
300
300
300
300
300
300
300
300
300
300
300
300
300
300
300
300
300
300
300
300
300
300
300
300
300
300
300
300
300
300
300
300
300
300
300
300
300
300
300
300
300
300
300
300
300
300
300
300
300
300
300
300
300
300
300
300
300
300
300
300
300
300
300
300
300
300
300
300
300
300
300
300
300
300
300
300
300
300
300
300
300
300
300
300
300
300
300
300
300
300
300
300
300
300
300
300
300
300
300
300
300
300
300
300
300
300
300
300
300
300
300
300
300
300
300
300
300
300
300
300
300
300
300
300
300
300
300
300
300
300
300
300
300
300
300
300
300
300
300
300
300
300
300
300
300
300
300
300
300
300
300
300
300
300
300
300
300
300
300
300
300
300
300
300
300
300
300
300
300
300
300
300
300
300
300
300
300
300
300
300
300
300
300
300
300
300
300
300
300
300
300
300
300
300
300
300
300
300
300
300
300
300
300
300
300
300
300
300
300
300
300
300
300
300
300
300
300
300
300
300
300
300
300
300
300
300
300
300
300
300
300
300
300
300
300
300
300
300
300
300
300
300
300
300
300
300
300
300
300
300
300
300
300
300
300
300
300
300
300
300
300
300
300
300
300
300
300
300
300
300
300
300
300
300
300
300
300
300
300
300
300
300
300
300
300
300
300
300
300
300
300
300
300
300
300
300
300
300
300
300
300
300
300
300
300
300
300
300
300
300
300
300
300
300
300
300
300
300
300
300
300
300
300
300
300
300
300
300
300
300
300
300
300
300
300
300
300
300
300
300
300
300
300
300
300
300
300
300
300
300
300
300
300
300
300
300
300
300
300
300
300
300
300
300
300
300
300
300
300
300
300
300
300
300
300
300
300
300
300
300
300
300
300
300
300
300
300
300
300
300
300
300
300
300
300
300
300
300
300
300
300
300
300
300
300
300
300
300
300
300
300
300
300
300
300
300
300
300
300
300
300
300
300
300
300
300
300
300
300
300
300
300
300
300
300
300
300
300
300
300
300
300
300
300
300
300
300
300
300
300
300
300
300
300
300
300
300
300
300
300
300
300
300
300
300
300
300
300
300
300
300
300
300
300
300
300
300
300
300
300
300
300
300
300
300
300
300
300
300
300
300
300
300
300
300
300
300
300
300
300
300
300
300
300
300
300
300
300
300
300
300
300
300
300
300
300
300
300
300
300
300
300
300
300
300
300
300
300
300
300
300
300
300
300
300
300
300
300
300
300
300
300
300
300
300
300
300
300
300
300
300
300
300
300
300
300
300
300
300
300
300
300
300
300
300
300
300
300
300
300
300
300
300
300
300
300
300
300
300
300
300
300
300
300
300
300
300
300
300
300
300
300
300
300
300
300
300
300
300
300
300
300
300
300
300
300
300
300
300
300
300
300
300
300
300
300
300
300
300
300
300
300
300
300
300
300
300
300
300
300
300
300
300
300
300
300
300
300
300
300
300
300
300
300
300
300
300
300
300
300
300
300
300
300
300
300
300
300
300
300
300
300
300
300
300
300
300
300
300
300
300
300
300
300
300
300
300
300
300
300
300
300
300
300
300
300
300
300
300
300
300
300
300
300
300
300
300
300
300
300
300
300
300
300
300
300
300
300
300
300
300
300
300
300
300
300
300
300
300
300
300
300
300
300
300
300
300
300
300
300
300
300
300
300
300
300
300
300
300
300
300
300
300
300
300
300
300
300
300
300
300
300
300
300
300
300
300
300
300
300
300
300
300
300
300
300
300
300
300
300
300
300
300
300
300
300
300
300
300
300
300
300
300
300
300
300
300
300
300
300
300
300
300
300
300
300
300
300
300
300
300
300
300
300
300
300
300
300
300
300
300
300
300
300
300
300
300
300
300
300
300
300
300
300
300
300
300
300
300
300
300
300
300
300
300
300
300
300
300
300
300
300
300
300
300
300
300
300
300
300
300
300
300
300
300
300
300
300
300
300
300
300
300
300
300
300
300
300
300
300
300
300
300
300
300
300
300
300
300
300
300
300
300
300
300
300
300
300
300
300
300
300
300
300
300
300
300
300
300
300
300
300
300
300
300
300
300
300
300
300
300
300
300
300
300
300
300
300
300
300
300
300
300
300
300
300
300
300
300
300
300
300
300
300
300
300
300
300
300
300
300
300
300
300
300
300
300
300
300
300
300
300
300
300
300
300
300
300
300
300
300
300
300
300
300
300
300
300
300
300
300
300
300
300
300
300
300
300
300
300
300
300
300
300
300
300
300
300
300
300
300
300
300
300
300
300
300
300
300
300
300
300
300
300
300
300
300
300
300
300
300
300
300
300
300
300
300
300
300
300
300
300
300
300
300
300
300
300
300
300
300
300
300
300
300
300
300
300
300
300
300
300
300
300
300
300
300
300
300
300
300
300
300
300
300
300
300
300
300
300
300
300
300
300
300
300
300
300
300
300
300
300
300
300
300
300
300
300
300
300
300
300
300
300
300
300
300
300
300
300
300
300
300
300
300
300
300
300
300
300
300
300
300
300
300
300
300
300
300
300
300
300
300
300
300
300
300
300
300
300
300
300
300
300
300
300
300
300
300
300
300
300
300
300
300
300
300
300
300
300
300
300
300
300
300
300
300
300
300
300
300
300
300
300
300
300
300
300
300
300
300
300
300
300
300
300
300
300
300
300
300
300
300
300
300
300
300
300
300
300
300
300
300
300
300
300
300
300
300
300
300
300
300
300
300
300
300
300
300
300
300
300
300
300
300
300
300
300
300
300
300
300
300
300
300
300
300
300
300
300
300
300
300
300
300
300
300
300
300
300
300
300
300
300
300
300
300
300
300
300
300
300
300
300
300
300
300
300
300
300
300
300
300
300
300
300
300
300
300
300
300
300
300
300
300
300
300
300
300
300
300
300
300
300
300
300
300
300
300
300
300
300
300
300
300
300
300
300
300
300
300
300
300
300
300
300
300
300
300
300
300
300
300
300
300
300
300
300
300
300
300
300
300
300
300
300
300
300
300
300
300
300
300
300
300
300
300
300
300
300
300
300
300
300
300
300
300
300
300
300
300
300
300
300
300
300
300
300
300
300
300
300
300
300
300
300
300
300
300
300
300
300
300
300
300
300
300
300
300
300
300
300
300
300
300
300
300
300
300
300
300
300
300
300
300
300
300
300
300
300
300
300
300
300
300
300
300
300
300
300
300
300
300
300
300
300
300
300
300
300
300
300
300
300
300
300
300
300
300
300
300
300
300
300
300
300
300
300
300
300
300
300
300
300
300
300
300
300
300
300
300
300
300
300
300
300
300
300
300
300
300
300
300
300
300
300
300
300
300
300
300
300
300
300
300
300
300
300
300
300
300
300
300
300
300
300
300
300
300
300
300
300
300
300
300
300
300
300
300
300
300
300
300
300
300
300
300
300
300
300
300
300
300
300
300
300
300
300
300
300
300
300
300
300
300
300
300
300
300
300
300
300
300
300
300
300
300
300
300
300
300
300
300
300
300
300
300
300
300
300
300
300
300
300
300
300
300
300
300
300
300
300
300
300
300
300
300
300
300
300
300
300
300
300
300
300
300
300
300
300
300
300
300
300
300
300
300
300
300
300
300
300
300
300
300
300
300
300
300
300
300
300
300
300
300
300
300
300
300
300
300
300
300
300
300
300
300
300
300
300
300
300
300
300
300
300
300
300
300
300
300
300
300
300
300
300
300
300
300
300
300
300
300
300
300
300
300
300
300
300
300
300
300
300
300
300
300
300
300
300
300
300
300
300
300
300
300
300
300
300
300
300
300
300
300
300
300
300
300
300
300
300
300
300
300
300
300
300
300
300
300
300
300
300
300
300
300
300
300
300
300
300
300
300
300
300
300
300
300
300
300
300
300
300
300
300
300
300
300
300
300
300
300
300
300
300
300
300
300
300
300
300
300
300
300
300
300
300
300
300
300
300
300
300
300
300
300
300
300
300
300
300
300
300
300
300
300
300
300
300
300
300
300
300
300
300
300
300
300
300
300
300
300
300
300
300
300
300
300
300
300
300
300
300
300
300
300
300
300
300
300
300
300
300
300
300
300
300
300
300
300
300
300
300
300
300
300
300
300
300
300
300
300
300
300
300
300
300
300
300
300
300
300
300
300
300
300
300
300
300
300
300
300
300
300
300
300
300
300
300
300
300
300
300
300
300
300
300
300
300
300
300
300
300
300
300
300
300
300
300
300
300
300
300
300
300
300
300
300
300
300
300
300
300
300
300
300
300
300
300
300
300
300
300
300
300
300
300
300
300
300
300
300
300
300
300
300
300
300
300
300
300
300
300
300
300
300
300
300
300
300
300
300
300
300
300
300
300
300
300
300
300
300
300
300
300
300
300
300
300
300
300
300
300
300
300
300
300
300
300
300
300
300
300
300
300
300
300
300
300
300
300
300
300
300
300
300
300
300
300
300
300
300
300
300
300
300
300
300
300
300
300
300
300
300
300
300
300
300
300
300
300
300
300
300
300
300
300
300
300
300
300
300
300
300
300
300
300
300
300
300
300
300
300
300
300
300
300
300
300
300
300
300
300
300
300
300
300
300
300
300
300
300
300
300
300
300
300
300
300
300
300
300
300
300
300
300
300
300
300
300
300
300
300
300
300
300
300
300
300
300
300
300
300
300
300
300
300
300
300
300
300
300
300
300
300
300
300
300
300
300
300
300
300
300
300
300
300
300
300
300
300
300
300
300
300
300
300
300
300
300
300
300
300
300
300
300
300
300
300
300
300
300
300
300
300
300
300
300
300
300
300
300
300
300
300
300
300
300
300
300
300
300
300
300
300
300
300
300
300
300
300
300
300
300
300
300
300
300
300
300
300
300
300
300
300
300
300
300
300
300
300
300
300
300
300
300
300
300
300
300
300
300
300
300
300
300
300
300
300
300
300
300
300
300
300
300
300
300
300
300
300
300
300
300
300
300
300
300
300
300
300
300
300
300
300
300
300
300
300
300
300
300
300
300
300
300
300
300
300
300
300
300
300
300
300
300
300
300
300
300
300
300
300
300
300
300
300
300
300
300
300
300
300
300
300
300
300
300
300
300
300
300
300
300
300
300
300
300
300
300
300
300
300
300
300
300
300
300
300
300
300
300
300
300
300
300
300
300
300
300
300
300
300
300
300
300
300
300
300
300
300
300
300
300
300
300
300
300
300
300
300
300
300
300
300
300
300
300
300
300
300
300
300
300
300
300
300
300
300
300
300
300
300
300
300
300
300
300
300
300
300
300
300
300
300
300
300
300
300
300
300
300
300
300
300
300
300
300
300
300
300
300
300
300
300
300
300
300
300
300
300
300
300
300
300
300
300
300
300
300
300
300
300
300
300
300
300
300
300
300
300
300
300
300
300
300
300
300
300
300
300
300
300
300
300
300
300
300
300
300
300
300
300
300
300
300
300
300
300
300
300
300
300
300
300
300
300
300
300
300
300
300
300
300
300
300
300
300
300
300
300
300
300
300
300
300
300
300
300
300
300
300
300
300
300
300
300
300
300
300
300
300
300
300
300
300
300
300
300
300
300
300
300
300
300
300
300
300
300
300
300
300
300
300
300
300
300
300
300
300
300
300
300
300
300
300
300
300
300
300
300
300
300
300
300
300
300
300
300
300
300
300
300
300
300
300
300
300
300
300
300
300
300
300
300
300
300
300
300
300
300
300
300
300
300
300
300
300
300
300
300
300
300
300
300
300
300
300
300
300
300
300
300
300
300
300
300
300
300
300
300
300
300
300
300
300
300
300
300
300
300
300
300
300
300
300
300
300
300
300
300
300
300
300
300
300
300
300
300
300
300
300
300
300
300
300
300
300
300
300
300
300
300
300
300
300
300
300
300
300
300
300
300
300
300
300
300
300
300
300
300
300
300
300
300
300
300
300
300
300
300
300
300
300
300
300
300
300
300
300
300
300
300
300
300
300
300
300
300
300
300
300
300
300
300
300
300
300
300
300
300
300
300
300
300
300
300
300
300
300
300
300
300
300
300
300
300
300
300
300
300
300
300
300
300
300
300
300
300
300
300
300
300
300
300
300
300
300
300
300
300
300
300
300
300
300
300
300
300
300
300
300
300
300
300
300
300
300
300
300
300
300
300
300
300
300
300
300
300
300
300
300
300
300
300
300
300
300
300
300
300
300
300
300
300
300
300
300
300
300
300
300
300
300
300
300
300
300
300
300
300
300
300
300
300
300
300
300
300
300
300
300
300
300
300
300
300
300
300
300
300
300
300
300
300
300
300
300
300
300
300
300
300
300
300
300
300
300
300
300
300
300
300
300
300
300
300
300
300
300
300
300
300
300
300
300
300
300
300
300
300
300
300
300
300
300
300
300
300
300
300
300
300
300
300
300
300
300
300
300
300
300
300
300
300
300
300
300
300
300
300
300
300
300
300
300
300
300
300
300
300
300
300
300
300
300
300
300
300
300
300
300
300
300
300
300
300
300
300
300
300
300
300
300
300
300
300
300
300
300
300
300
300
300
300
300
300
300
300
300
300
300
300
300
300
300
300
300
300
300
300
300
300
300
300
300
300
300
300
300
300
300
300
300
300
300
300
300
300
300
300
300
300
300
300
300
300
300
300
300
300
300
300
300
300
300
300
300
300
300
300
300
300
300
300
300
300
300
300
300
300
300
300
300
300
300
300
300
300
300
300
300
300
300
300
300
300
300
300
300
300
300
300
300
300
300
300
300
300
300
300
300
300
300
300
300
300
300
300
300
300
300
300
300
300
300
300
300
300
300
300
300
300
300
300
300
300
300
300
300
300
300
300
300
300
300
300
300
300
300
300
300
300
300
300
300
300
300
300
300
300
300
300
300
300
300
300
300
300
300
300
300
300
300
300
300
300
300
300
300
300
300
300
300
300
300
300
300
300
300
300
300
300
300
300
300
300
300
300
300
300
300
300
300
300
300
300
300
300
300
300
300
300
300
300
300
300
300
300
300
300
300
300
300
300
300
300
300
300
300
300
300
300
300
300
300
300
300
300
300
300
300
300
300
300
300
300
300
300
300
300
300
300
300
300
300
300
300
300
300
300
300
300
300
300
300
300
300
300
300
300
300
300
300
300
300
300
300
300
300
300
300
300
300
300
300
300
300
300
300
300
300
300
300
300
300
300
300
300
300
300
300
300
300
300
300
300
300
300
300
300
300
300
300
300
300
300
300
300
300
300
300
300
300
300
300
300
300
300
300
300
300
300
300
300
300
300
300
300
300
300
300
300
300
300
300
300
300
300
300
300
300
300
300
300
300
300
300
300
300
300
300
300
300
300
300
300
300
300
300
300
300
300
300
300
300
300
300
300
300
300
300
300
300
300
300
300
300
300
300
300
300
300
300
300
300
300
300
300
300
300
300
300
300
300
300
300
300
300
300
300
300
300
300
300
300
300
300
300
300
300
300
300
300
300
300
300
300
300
300
300
300
300
300
300
300
300
300
300
300
300
300
300
300
300
300
300
300
300
300
300
300
300
300
300
300
300
300
300
300
300
300
300
300
300
300
300
300
300
300
300
300
300
300
300
300
300
300
300
300
300
300
300
300
300
300
300
300
300
300
300
300
300
300
300
300
300
300
300
300
300
300
300
300
300
300
300
300
300
300
300
300
300
300
300
300
300
300
300
300
300
300
300
300
300
300
300
300
300
300
300
300
300
300
300
300
300
300
300
300
300
300
300
300
300
300
300
300
300
300
300
300
300
300
300
300
300
300
300
300
300
300
300
300
300
300
300
300
300
300
300
300
300
300
300
300
300
300
300
300
300
300
300
300
300
300
300
300
300
300
300
300
300
300
300
300
300
300
300
300
300
300
300
300
300
300
300
300
300
300
300
300
300
300
300
300
300
300
300
300
300
300
300
300
300
300
300
300
300
300
300
300
300
300
300
300
300
300
300
300
300
300
300
300
300
300
300
300
300
300
300
300
300
300
300
300
300
300
300
300
300
300
300
300
300
300
300
300
300
300
300
300
300
300
300
300
300
300
300
300
300
300
300
300
300
300
300
300
300
300
300
300
300
300
300
300
300
300
300
300
300
300
300
300
300
300
300
300
300
300
300
300
300
300
300
300
300
300
300
300
300
300
300
300
300
300
300
300
300
300
300
300
300
300
300
300
300
300
300
300
300
300
300
300
300
300
300
300
300
300
300
300
300
300
300
300
300
300
300
300
300
300
300
300
300
300
300
300
300
300
300
300
300
300
300
300
300
300
300
300
300
300
300
300
300
300
300
300
300
300
300
300
300
300
300
300
300
300
300
300
300
300
300
300
300
300
300
300
300
300
300
300
300
300
300
300
300
300
300
300
300
300
300
300
300
300
300
300
300
300
300
300
300
300
300
300
300
300
300
300
300
300
300
300
300
300
300
300
300
300
300
300
300
300
300
300
300
300
300
300
300
300
300
300
300
300
300
300
300
300
300
300
300
300
300
300
300
300
300
300
300
300
300
300
300
300
300
300
300
300
300
300
300
300
300
300
300
300
300
300
300
300
300
300
300
300
300
300
300
300
300
300
300
300
300
300
300
300
300
300
300
300
300
300
300
300
300
300
300
300
300
300
300
300
300
300
300
300
300
300
300
300
300
300
300
300
300
300
300
300
300
300
300
300
300
300
300
300
300
300
300
300
300
300
300
300
300
300
300
300
300
300
300
300
300
300
300
300
300
300
300
300
300
300
300
300
300
300
300
300
300
300
300
300
300
300
300
300
300
300
300
300
300
300
300
300
300
300
337.475
346.102
352.455
356.905
359.675
361.077
361.394
360.933
359.937
358.69
357.478
356.439
355.648
355.114
354.823
354.73
354.789
354.945
355.154
355.375
355.582
355.755
355.888
355.977
356.028
356.047
356.045
356.028
356.003
355.977
355.953
355.934
355.921
355.914
355.912
355.915
355.921
355.929
355.938
355.946
355.955
355.961
355.967
355.971
355.974
355.976
355.978
355.978
355.979
355.979
355.979
355.979
355.98
355.98
355.981
355.982
355.983
355.984
355.985
355.985
355.986
355.987
355.988
355.989
355.989
355.99
355.99
355.991
355.991
355.991
355.992
355.992
355.993
355.993
355.993
355.994
355.994
355.994
355.995
355.995
355.995
355.995
355.996
355.996
355.996
355.996
355.997
355.997
355.997
355.997
355.997
355.998
355.998
355.998
355.998
355.998
355.998
355.998
355.997
355.998
315.106
321.408
327.938
334.211
339.876
344.704
348.609
351.581
353.745
355.182
355.981
356.319
356.358
356.221
355.995
355.744
355.509
355.317
355.176
355.09
355.05
355.049
355.073
355.112
355.154
355.195
355.227
355.25
355.264
355.271
355.27
355.266
355.259
355.251
355.244
355.237
355.231
355.227
355.224
355.222
355.221
355.22
355.22
355.219
355.218
355.217
355.216
355.215
355.213
355.211
355.209
355.207
355.206
355.204
355.202
355.2
355.198
355.197
355.195
355.194
355.192
355.191
355.189
355.188
355.186
355.185
355.184
355.182
355.181
355.18
355.179
355.177
355.176
355.175
355.174
355.173
355.172
355.171
355.17
355.169
355.168
355.167
355.166
355.165
355.164
355.163
355.162
355.161
355.161
355.16
355.159
355.158
355.158
355.157
355.156
355.155
355.155
355.154
355.153
355.151
307.64
311.18
315.521
320.523
325.98
331.635
337.201
342.402
346.987
350.79
353.693
355.696
356.877
357.379
357.354
356.989
356.462
355.894
355.363
354.915
354.57
354.331
354.188
354.123
354.119
354.153
354.209
354.272
354.333
354.384
354.422
354.447
354.459
354.462
354.456
354.446
354.434
354.421
354.409
354.399
354.392
354.386
354.384
354.383
354.383
354.385
354.388
354.39
354.393
354.396
354.398
354.401
354.403
354.405
354.406
354.408
354.41
354.411
354.413
354.415
354.417
354.419
354.422
354.424
354.426
354.429
354.432
354.434
354.437
354.44
354.442
354.445
354.448
354.45
354.453
354.456
354.459
354.461
354.464
354.467
354.469
354.472
354.475
354.478
354.481
354.483
354.486
354.489
354.492
354.494
354.497
354.5
354.502
354.505
354.508
354.51
354.513
354.516
354.518
354.522
303.837
305.656
308.055
311.077
314.717
318.917
323.556
328.457
333.398
338.14
342.461
346.181
349.191
351.469
353.08
354.089
354.602
354.75
354.673
354.473
354.228
353.989
353.788
353.639
353.545
353.502
353.501
353.529
353.575
353.629
353.681
353.728
353.765
353.792
353.809
353.817
353.819
353.816
353.81
353.804
353.797
353.791
353.787
353.784
353.783
353.783
353.783
353.784
353.785
353.786
353.787
353.787
353.787
353.787
353.786
353.785
353.783
353.782
353.781
353.779
353.778
353.777
353.775
353.774
353.773
353.772
353.771
353.77
353.769
353.768
353.767
353.766
353.765
353.764
353.763
353.763
353.762
353.761
353.76
353.76
353.759
353.758
353.758
353.757
353.756
353.756
353.755
353.755
353.755
353.754
353.754
353.754
353.753
353.753
353.753
353.753
353.752
353.752
353.751
353.75
301.971
302.912
304.193
305.883
308.041
310.71
313.906
317.611
321.761
326.245
330.909
335.568
340.022
344.088
347.615
350.518
352.745
354.32
355.302
355.787
355.904
355.792
355.559
355.28
355.006
354.766
354.576
354.438
354.35
354.304
354.29
354.298
354.32
354.348
354.376
354.401
354.422
354.436
354.445
354.45
354.451
354.449
354.445
354.441
354.437
354.434
354.431
354.43
354.429
354.428
354.428
354.429
354.429
354.43
354.431
354.431
354.432
354.432
354.432
354.432
354.432
354.432
354.432
354.432
354.431
354.431
354.431
354.431
354.43
354.43
354.43
354.43
354.429
354.429
354.429
354.428
354.428
354.428
354.427
354.427
354.426
354.426
354.425
354.425
354.424
354.424
354.423
354.422
354.422
354.421
354.42
354.42
354.419
354.418
354.418
354.417
354.416
354.416
354.416
354.416
301.019
301.505
302.177
303.087
304.288
305.836
307.781
310.166
313.015
316.324
320.058
324.14
328.45
332.834
337.114
341.114
344.677
347.69
350.094
351.902
353.153
353.915
354.275
354.362
354.281
354.11
353.909
353.713
353.547
353.419
353.333
353.285
353.268
353.275
353.298
353.329
353.362
353.395
353.423
353.446
353.463
353.475
353.482
353.486
353.487
353.487
353.487
353.487
353.487
353.488
353.49
353.492
353.495
353.499
353.502
353.506
353.51
353.514
353.517
353.52
353.524
353.526
353.529
353.532
353.534
353.537
353.539
353.542
353.544
353.546
353.549
353.551
353.554
353.556
353.558
353.561
353.563
353.566
353.568
353.57
353.573
353.575
353.578
353.58
353.582
353.585
353.587
353.589
353.591
353.594
353.596
353.598
353.601
353.603
353.605
353.608
353.61
353.612
353.613
353.616
300.532
300.784
301.136
301.619
302.27
303.13
304.246
305.663
307.429
309.583
312.155
315.154
318.565
322.337
326.387
330.594
334.809
338.873
342.63
345.951
348.749
350.974
352.645
353.788
354.468
354.788
354.87
354.805
354.663
354.494
354.33
354.187
354.075
353.996
353.946
353.92
353.913
353.918
353.93
353.946
353.961
353.974
353.985
353.992
353.995
353.996
353.995
353.993
353.989
353.986
353.983
353.98
353.977
353.975
353.973
353.972
353.971
353.971
353.97
353.97
353.969
353.968
353.968
353.967
353.966
353.965
353.964
353.963
353.962
353.962
353.961
353.96
353.959
353.958
353.958
353.957
353.956
353.955
353.955
353.954
353.953
353.953
353.952
353.951
353.951
353.95
353.949
353.949
353.948
353.947
353.946
353.946
353.945
353.945
353.944
353.943
353.943
353.943
353.943
353.944
300.28
300.411
300.596
300.851
301.2
301.668
302.288
303.094
304.125
305.425
307.035
308.994
311.332
314.067
317.196
320.688
324.479
328.475
332.547
336.549
340.331
343.756
346.717
349.15
351.05
352.435
353.35
353.861
354.087
354.125
354.05
353.92
353.773
353.632
353.513
353.42
353.356
353.317
353.299
353.296
353.305
353.319
353.336
353.354
353.369
353.382
353.392
353.4
353.404
353.407
353.409
353.409
353.41
353.41
353.41
353.411
353.412
353.413
353.415
353.417
353.419
353.421
353.424
353.426
353.428
353.431
353.433
353.435
353.437
353.439
353.441
353.443
353.445
353.447
353.449
353.451
353.453
353.455
353.457
353.459
353.461
353.463
353.465
353.467
353.469
353.471
353.473
353.475
353.477
353.479
353.481
353.483
353.485
353.487
353.489
353.491
353.493
353.495
353.496
353.499
300.148
300.217
300.314
300.449
300.635
300.888
301.226
301.674
302.257
303.009
303.962
305.156
306.63
308.419
310.558
313.067
315.954
319.203
322.769
326.579
330.528
334.489
338.319
341.883
345.061
347.773
349.97
351.666
352.875
353.637
354.056
354.238
354.266
354.205
354.101
353.986
353.877
353.787
353.717
353.67
353.641
353.628
353.626
353.632
353.642
353.654
353.665
353.674
353.682
353.687
353.69
353.692
353.692
353.691
353.689
353.687
353.685
353.683
353.681
353.68
353.679
353.678
353.677
353.676
353.676
353.675
353.674
353.674
353.673
353.672
353.671
353.67
353.67
353.669
353.668
353.667
353.666
353.665
353.665
353.664
353.663
353.662
353.661
353.661
353.66
353.659
353.658
353.658
353.657
353.656
353.656
353.655
353.654
353.654
353.653
353.653
353.652
353.652
353.653
353.653
300.078
300.115
300.166
300.238
300.337
300.473
300.656
300.902
301.226
301.649
302.197
302.895
303.777
304.876
306.228
307.87
309.833
312.144
314.816
317.843
321.197
324.82
328.627
332.505
336.324
339.948
343.253
346.143
348.549
350.471
351.909
352.885
353.474
353.783
353.902
353.901
353.833
353.734
353.63
353.534
353.455
353.394
353.352
353.327
353.315
353.312
353.316
353.324
353.334
353.344
353.353
353.36
353.366
353.37
353.373
353.375
353.376
353.376
353.377
353.377
353.377
353.378
353.379
353.379
353.381
353.382
353.383
353.385
353.386
353.388
353.39
353.391
353.393
353.394
353.396
353.397
353.398
353.4
353.401
353.403
353.404
353.405
353.407
353.408
353.41
353.411
353.413
353.414
353.415
353.417
353.418
353.42
353.421
353.423
353.424
353.426
353.427
353.428
353.429
353.431
300.042
300.061
300.088
300.126
300.179
300.252
300.351
300.485
300.663
300.899
301.207
301.606
302.118
302.767
303.582
304.595
305.84
307.35
309.159
311.294
313.774
316.601
319.759
323.207
326.875
330.667
334.464
338.139
341.565
344.635
347.267
349.429
351.115
352.335
353.124
353.589
353.823
353.906
353.896
353.836
353.755
353.672
353.599
353.539
353.495
353.465
353.449
353.442
353.443
353.448
353.456
353.464
353.472
353.479
353.484
353.488
353.491
353.492
353.493
353.493
353.492
353.491
353.49
353.49
353.489
353.488
353.488
353.487
353.487
353.487
353.487
353.486
353.486
353.486
353.486
353.485
353.485
353.485
353.484
353.484
353.483
353.483
353.483
353.482
353.482
353.482
353.481
353.481
353.481
353.48
353.48
353.48
353.48
353.479
353.479
353.479
353.479
353.479
353.48
353.48
300.022
300.033
300.047
300.067
300.096
300.135
300.188
300.261
300.358
300.488
300.66
300.885
301.176
301.55
302.028
302.631
303.386
304.321
305.469
306.863
308.534
310.511
312.817
315.461
318.436
321.714
325.238
328.929
332.679
336.368
339.87
343.071
345.88
348.235
350.136
351.57
352.549
353.163
353.512
353.677
353.723
353.699
353.639
353.565
353.492
353.428
353.376
353.338
353.313
353.298
353.292
353.291
353.294
353.299
353.306
353.312
353.317
353.321
353.325
353.327
353.329
353.33
353.33
353.33
353.33
353.331
353.331
353.331
353.331
353.332
353.333
353.333
353.334
353.335
353.336
353.336
353.337
353.338
353.339
353.34
353.341
353.342
353.343
353.343
353.344
353.345
353.346
353.347
353.348
353.349
353.35
353.351
353.352
353.353
353.354
353.355
353.356
353.357
353.358
353.36
300.012
300.017
300.025
300.036
300.051
300.072
300.101
300.14
300.194
300.265
300.36
300.485
300.649
300.862
301.137
301.488
301.933
302.493
303.193
304.058
305.119
306.407
307.954
309.79
311.938
314.414
317.219
320.334
323.717
327.301
330.992
334.678
338.239
341.555
344.527
347.076
349.187
350.835
352.017
352.795
353.272
353.533
353.649
353.673
353.644
353.591
353.529
353.47
353.42
353.381
353.354
353.336
353.326
353.323
353.325
353.329
353.334
353.34
353.345
353.35
353.354
353.357
353.359
353.36
353.361
353.361
353.361
353.361
353.36
353.36
353.359
353.359
353.359
353.359
353.359
353.359
353.359
353.359
353.358
353.358
353.358
353.358
353.358
353.358
353.358
353.358
353.358
353.358
353.358
353.358
353.358
353.358
353.358
353.358
353.358
353.358
353.358
353.358
353.359
353.359
300.006
300.009
300.014
300.019
300.027
300.039
300.054
300.076
300.105
300.144
300.196
300.266
300.357
300.477
300.633
300.835
301.093
301.421
301.836
302.357
303.006
303.808
304.791
305.984
307.419
309.126
311.13
313.452
316.097
319.057
322.3
325.771
329.389
333.052
336.643
340.045
343.151
345.871
348.167
350.012
351.392
352.335
352.941
353.3
353.486
353.56
353.565
353.531
353.481
353.427
353.377
353.335
353.302
353.28
353.265
353.257
353.254
353.255
353.258
353.262
353.266
353.27
353.273
353.276
353.278
353.279
353.28
353.28
353.28
353.28
353.28
353.28
353.28
353.28
353.28
353.28
353.28
353.28
353.281
353.281
353.281
353.282
353.282
353.283
353.283
353.284
353.284
353.285
353.285
353.286
353.286
353.287
353.287
353.288
353.288
353.289
353.29
353.29
353.291
353.292
300.003
300.005
300.007
300.01
300.015
300.021
300.029
300.041
300.057
300.078
300.107
300.145
300.196
300.263
300.351
300.466
300.614
300.804
301.046
301.353
301.74
302.225
302.828
303.572
304.483
305.591
306.925
308.515
310.388
312.567
315.063
317.874
320.98
324.336
327.872
331.498
335.103
338.571
341.79
344.666
347.134
349.17
350.748
351.861
352.604
353.068
353.333
353.464
353.509
353.503
353.47
353.426
353.381
353.341
353.308
353.284
353.267
353.257
353.253
353.252
353.254
353.257
353.261
353.265
353.268
353.271
353.274
353.276
353.277
353.277
353.278
353.278
353.278
353.278
353.277
353.277
353.277
353.277
353.277
353.277
353.277
353.277
353.277
353.277
353.277
353.277
353.277
353.277
353.277
353.277
353.277
353.277
353.277
353.277
353.277
353.277
353.278
353.278
353.278
353.279
300.002
300.003
300.004
300.006
300.008
300.011
300.016
300.022
300.031
300.042
300.058
300.079
300.108
300.145
300.194
300.259
300.343
300.452
300.592
300.771
300.998
301.286
301.647
302.098
302.659
303.35
304.197
305.227
306.469
307.952
309.705
311.752
314.109
316.779
319.751
322.99
326.438
330.013
333.614
337.127
340.437
343.446
346.068
348.282
350.046
351.33
352.213
352.788
353.137
353.329
353.417
353.44
353.426
353.393
353.354
353.316
353.283
353.257
353.237
353.225
353.217
353.214
353.213
353.215
353.217
353.22
353.223
353.226
353.228
353.23
353.231
353.232
353.232
353.232
353.233
353.232
353.232
353.232
353.232
353.232
353.232
353.232
353.232
353.233
353.233
353.233
353.233
353.233
353.234
353.234
353.234
353.234
353.235
353.235
353.235
353.236
353.236
353.236
353.237
353.238
300.001
300.001
300.002
300.003
300.004
300.006
300.009
300.012
300.017
300.023
300.032
300.043
300.059
300.08
300.107
300.144
300.191
300.253
300.333
300.436
300.569
300.737
300.95
301.219
301.557
301.978
302.499
303.143
303.932
304.891
306.049
307.435
309.077
311.002
313.228
315.765
318.607
321.73
325.084
328.599
332.181
335.722
339.107
342.231
344.998
347.378
349.319
350.776
351.802
352.493
352.93
353.188
353.324
353.381
353.389
353.371
353.341
353.307
353.276
353.25
353.229
353.215
353.205
353.2
353.199
353.199
353.201
353.203
353.206
353.209
353.211
353.213
353.215
353.216
353.217
353.217
353.218
353.218
353.218
353.218
353.218
353.218
353.218
353.218
353.218
353.218
353.218
353.218
353.218
353.218
353.218
353.218
353.218
353.218
353.219
353.219
353.219
353.219
353.219
353.22
300.001
300.001
300.001
300.002
300.002
300.003
300.005
300.006
300.009
300.013
300.017
300.024
300.032
300.044
300.059
300.08
300.106
300.141
300.187
300.246
300.322
300.42
300.545
300.703
300.903
301.155
301.47
301.863
302.35
302.95
303.685
304.58
305.662
306.959
308.5
310.311
312.416
314.826
317.544
320.55
323.808
327.255
330.806
334.358
337.799
341.021
343.921
346.452
348.559
350.188
351.36
352.168
352.698
353.025
353.212
353.305
353.339
353.337
353.317
353.289
353.26
353.234
353.213
353.197
353.186
353.179
353.175
353.174
353.175
353.177
353.179
353.181
353.183
353.185
353.187
353.188
353.189
353.189
353.19
353.19
353.19
353.19
353.19
353.19
353.19
353.19
353.19
353.19
353.19
353.19
353.19
353.19
353.19
353.19
353.19
353.19
353.19
353.191
353.191
353.192
300
300
300.001
300.001
300.001
300.002
300.003
300.004
300.005
300.007
300.009
300.013
300.018
300.024
300.033
300.044
300.059
300.079
300.105
300.138
300.182
300.238
300.311
300.403
300.521
300.67
300.858
301.094
301.389
301.756
302.21
302.77
303.457
304.293
305.305
306.52
307.968
309.675
311.666
313.957
316.554
319.448
322.607
325.98
329.49
333.04
336.522
339.826
342.845
345.512
347.776
349.575
350.894
351.823
352.447
352.847
353.088
353.221
353.283
353.3
353.293
353.273
353.249
353.225
353.204
353.188
353.175
353.167
353.163
353.16
353.16
353.161
353.163
353.165
353.167
353.169
353.17
353.171
353.172
353.173
353.173
353.174
353.174
353.174
353.174
353.174
353.174
353.173
353.173
353.173
353.173
353.173
353.173
353.173
353.173
353.173
353.173
353.173
353.174
353.174
300
300
300
300
300.001
300.001
300.001
300.002
300.003
300.004
300.005
300.007
300.01
300.013
300.018
300.024
300.033
300.044
300.059
300.078
300.103
300.135
300.177
300.23
300.299
300.386
300.497
300.637
300.814
301.035
301.311
301.655
302.08
302.604
303.246
304.028
304.976
306.117
307.479
309.089
310.974
313.153
315.635
318.418
321.479
324.773
328.233
331.77
335.279
338.648
341.771
344.562
346.974
348.938
350.404
351.454
352.176
352.651
352.949
353.124
353.216
353.255
353.262
353.251
353.233
353.212
353.192
353.176
353.163
353.154
353.148
353.145
353.144
353.144
353.145
353.147
353.148
353.15
353.151
353.153
353.154
353.154
353.155
353.155
353.155
353.155
353.155
353.155
353.155
353.155
353.154
353.154
353.154
353.154
353.154
353.154
353.154
353.154
353.154
353.155
300
300
300
300
300
300.001
300.001
300.001
300.001
300.002
300.003
300.004
300.005
300.007
300.01
300.013
300.018
300.024
300.033
300.043
300.058
300.076
300.1
300.131
300.171
300.222
300.287
300.369
300.474
300.606
300.772
300.98
301.239
301.56
301.959
302.449
303.051
303.784
304.674
305.746
307.029
308.55
310.336
312.408
314.782
317.457
320.42
323.632
327.036
330.549
334.071
337.492
340.704
343.605
346.155
348.272
349.886
351.06
351.882
352.437
352.795
353.014
353.139
353.201
353.224
353.224
353.213
353.196
353.178
353.163
353.15
353.141
353.134
353.131
353.129
353.128
353.129
353.13
353.132
353.133
353.135
353.136
353.137
353.138
353.138
353.139
353.139
353.139
353.139
353.139
353.139
353.139
353.139
353.139
353.138
353.138
353.138
353.138
353.139
353.139
300
300
300
300
300
300
300
300.001
300.001
300.001
300.002
300.002
300.003
300.004
300.005
300.007
300.01
300.014
300.018
300.024
300.032
300.043
300.057
300.074
300.097
300.127
300.165
300.213
300.275
300.353
300.452
300.576
300.732
300.927
301.171
301.472
301.846
302.306
302.87
303.559
304.396
305.405
306.615
308.053
309.746
311.719
313.989
316.561
319.427
322.556
325.899
329.38
332.904
336.365
339.654
342.659
345.337
347.599
349.355
350.652
351.577
352.213
352.633
352.899
353.058
353.145
353.186
353.198
353.194
353.182
353.167
353.153
353.141
353.131
353.124
353.12
353.117
353.116
353.116
353.117
353.118
353.12
353.121
353.122
353.123
353.124
353.124
353.125
353.125
353.125
353.125
353.125
353.125
353.125
353.124
353.124
353.124
353.124
353.124
353.125
300
300
300
300
300
300
300
300
300
300.001
300.001
300.001
300.002
300.002
300.003
300.004
300.006
300.008
300.01
300.014
300.018
300.024
300.032
300.042
300.055
300.072
300.094
300.123
300.159
300.205
300.263
300.337
300.43
300.548
300.695
300.878
301.107
301.39
301.741
302.174
302.704
303.352
304.139
305.091
306.233
307.595
309.203
311.082
313.254
315.726
318.497
321.543
324.82
328.262
331.78
335.269
338.62
341.718
344.512
346.909
348.807
350.227
351.255
351.973
352.457
352.772
352.967
353.081
353.141
353.166
353.171
353.165
353.154
353.141
353.13
353.12
353.113
353.108
353.105
353.103
353.103
353.103
353.104
353.105
353.107
353.108
353.109
353.109
353.11
353.11
353.111
353.111
353.111
353.111
353.111
353.111
353.111
353.111
353.111
353.111
300
300
300
300
300
300
300
300
300
300
300
300.001
300.001
300.001
300.002
300.002
300.003
300.004
300.006
300.008
300.01
300.014
300.018
300.024
300.031
300.041
300.054
300.07
300.091
300.118
300.153
300.196
300.252
300.322
300.41
300.521
300.659
300.832
301.047
301.314
301.644
302.051
302.55
303.161
303.903
304.801
305.882
307.172
308.701
310.493
312.571
314.949
317.627
320.59
323.8
327.198
330.7
334.207
337.611
340.794
343.691
346.213
348.248
349.79
350.922
351.723
352.272
352.637
352.87
353.012
353.092
353.132
353.146
353.147
353.14
353.13
353.119
353.11
353.103
353.097
353.094
353.092
353.091
353.091
353.091
353.092
353.093
353.094
353.095
353.096
353.096
353.097
353.097
353.097
353.097
353.097
353.097
353.097
353.097
353.098
300
300
300
300
300
300
300
300
300
300
300
300
300
300.001
300.001
300.001
300.002
300.002
300.003
300.004
300.006
300.008
300.01
300.013
300.018
300.023
300.031
300.04
300.053
300.068
300.088
300.114
300.147
300.188
300.241
300.307
300.39
300.495
300.626
300.789
300.992
301.243
301.554
301.938
302.409
302.984
303.686
304.535
305.559
306.784
308.238
309.948
311.939
314.226
316.815
319.695
322.837
326.186
329.666
333.182
336.627
339.885
342.875
345.513
347.682
349.344
350.577
351.462
352.078
352.494
352.767
352.938
353.039
353.094
353.12
353.128
353.125
353.118
353.11
353.101
353.094
353.088
353.084
353.082
353.081
353.08
353.081
353.081
353.082
353.083
353.084
353.084
353.085
353.085
353.086
353.086
353.086
353.086
353.086
353.087
300
300
300
300
300
300
300
300
300
300
300
300
300
300
300.001
300.001
300.001
300.001
300.002
300.002
300.003
300.004
300.006
300.008
300.01
300.013
300.018
300.023
300.03
300.039
300.051
300.066
300.085
300.11
300.141
300.181
300.23
300.293
300.372
300.471
300.595
300.749
300.94
301.178
301.471
301.833
302.278
302.822
303.485
304.29
305.261
306.425
307.811
309.445
311.353
313.554
316.057
318.857
321.928
325.226
328.679
332.196
335.673
338.995
342.069
344.816
347.111
348.89
350.225
351.193
351.876
352.344
352.657
352.858
352.982
353.054
353.091
353.107
353.11
353.106
353.1
353.092
353.086
353.08
353.076
353.074
353.072
353.071
353.071
353.072
353.072
353.073
353.074
353.074
353.075
353.075
353.076
353.076
353.076
353.076
300
300
300
300
300
300
300
300
300
300
300
300
300
300
300
300
300.001
300.001
300.001
300.001
300.002
300.002
300.003
300.004
300.006
300.008
300.01
300.013
300.017
300.023
300.029
300.038
300.049
300.064
300.082
300.106
300.135
300.173
300.22
300.28
300.355
300.448
300.565
300.711
300.892
301.117
301.394
301.737
302.157
302.672
303.301
304.064
304.987
306.095
307.416
308.979
310.81
312.93
315.351
318.071
321.074
324.317
327.738
331.25
334.751
338.128
341.276
344.124
346.54
348.432
349.865
350.916
351.665
352.187
352.54
352.773
352.92
353.009
353.059
353.083
353.093
353.093
353.089
353.083
353.078
353.073
353.069
353.066
353.064
353.063
353.063
353.063
353.063
353.064
353.065
353.065
353.066
353.066
353.066
353.066
300
300
300
300
300
300
300
300
300
300
300
300
300
300
300
300
300
300
300.001
300.001
300.001
300.001
300.002
300.002
300.003
300.004
300.006
300.007
300.01
300.013
300.017
300.022
300.029
300.037
300.048
300.062
300.079
300.102
300.13
300.166
300.211
300.267
300.338
300.427
300.538
300.676
300.848
301.06
301.323
301.647
302.046
302.534
303.131
303.856
304.734
305.79
307.053
308.55
310.308
312.35
314.693
317.337
320.271
323.46
326.844
330.345
333.862
337.286
340.5
343.441
345.972
347.973
349.502
350.633
351.449
352.023
352.418
352.682
352.854
352.961
353.024
353.058
353.074
353.079
353.078
353.074
353.069
353.065
353.061
353.058
353.056
353.055
353.055
353.055
353.055
353.055
353.055
353.056
353.056
353.056
300
300
300
300
300
300
300
300
300
300
300
300
300
300
300
300
300
300
300
300
300.001
300.001
300.001
300.001
300.002
300.002
300.003
300.004
300.006
300.007
300.01
300.013
300.016
300.021
300.028
300.036
300.046
300.06
300.076
300.098
300.125
300.159
300.202
300.256
300.323
300.407
300.512
300.643
300.806
301.008
301.257
301.565
301.943
302.407
302.975
303.665
304.502
305.51
306.717
308.153
309.843
311.813
314.08
316.652
319.519
322.651
325.997
329.481
333.008
336.469
339.741
342.768
345.403
347.51
349.133
350.344
351.226
351.853
352.29
352.586
352.782
352.907
352.984
353.028
353.051
353.061
353.064
353.062
353.059
353.055
353.052
353.049
353.047
353.045
353.045
353.044
353.044
353.044
353.044
353.044
300
300
300
300
300
300
300
300
300
300
300
300
300
300
300
300
300
300
300
300
300
300
300.001
300.001
300.001
300.001
300.002
300.002
300.003
300.004
300.006
300.007
300.01
300.012
300.016
300.021
300.027
300.035
300.045
300.058
300.074
300.094
300.12
300.152
300.193
300.244
300.309
300.389
300.489
300.613
300.768
300.959
301.196
301.489
301.849
302.29
302.831
303.489
304.288
305.252
306.408
307.786
309.413
311.315
313.511
316.013
318.814
321.89
325.196
328.66
332.191
335.684
339.01
342.112
344.844
347.05
348.764
350.055
351.001
351.681
352.159
352.488
352.709
352.853
352.944
352.998
353.029
353.044
353.05
353.051
353.049
353.046
353.042
353.04
353.037
353.036
353.034
353.033
353.033
353.033
300
300
300
300
300
300
300
300
300
300
300
300
300
300
300
300
300
300
300
300
300
300
300
300
300.001
300.001
300.001
300.001
300.002
300.002
300.003
300.004
300.005
300.007
300.009
300.012
300.016
300.02
300.026
300.034
300.043
300.056
300.071
300.091
300.115
300.146
300.185
300.234
300.295
300.371
300.467
300.585
300.732
300.915
301.14
301.419
301.762
302.183
302.698
303.327
304.09
305.014
306.123
307.448
309.015
310.853
312.983
315.417
318.155
321.177
324.441
327.882
331.413
334.931
338.306
341.477
344.298
346.598
348.399
349.766
350.777
351.509
352.028
352.39
352.635
352.799
352.904
352.969
353.007
353.027
353.037
353.04
353.04
353.037
353.034
353.031
353.028
353.026
353.024
353.024
300
300
300
300
300
300
300
300
300
300
300
300
300
300
300
300
300
300
300
300
300
300
300
300
300
300
300.001
300.001
300.001
300.001
300.002
300.002
300.003
300.004
300.005
300.007
300.009
300.012
300.015
300.02
300.026
300.033
300.042
300.054
300.069
300.087
300.111
300.14
300.178
300.224
300.282
300.355
300.446
300.559
300.699
300.873
301.088
301.354
301.681
302.083
302.576
303.177
303.909
304.795
305.861
307.136
308.648
310.426
312.493
314.863
317.54
320.508
323.731
327.148
330.674
334.212
337.629
340.864
343.766
346.154
348.037
349.478
350.551
351.334
351.895
352.288
352.559
352.741
352.861
352.937
352.982
353.009
353.022
353.027
353.027
353.025
353.022
353.018
353.015
353.015
300
300
300
300
300
300
300
300
300
300
300
300
300
300
300
300
300
300
300
300
300
300
300
300
300
300
300
300
300.001
300.001
300.001
300.001
300.002
300.002
300.003
300.004
300.005
300.007
300.009
300.012
300.015
300.019
300.025
300.032
300.041
300.052
300.066
300.084
300.107
300.135
300.17
300.215
300.271
300.34
300.427
300.535
300.669
300.835
301.04
301.294
301.607
301.992
302.463
303.04
303.742
304.593
305.619
306.848
308.309
310.032
312.039
314.35
316.968
319.884
323.065
326.456
329.976
333.528
336.981
340.273
343.251
345.72
347.681
349.192
350.325
351.158
351.759
352.184
352.48
352.681
352.815
352.901
352.954
352.985
353.001
353.007
353.007
353.004
352.999
352.999
300
300
300
300
300
300
300
300
300
300
300
300
300
300
300
300
300
300
300
300
300
300
300
300
300
300
300
300
300
300
300.001
300.001
300.001
300.001
300.002
300.002
300.003
300.004
300.005
300.007
300.009
300.011
300.015
300.019
300.024
300.031
300.039
300.05
300.064
300.081
300.103
300.13
300.164
300.206
300.26
300.326
300.409
300.512
300.64
300.799
300.996
301.239
301.539
301.908
302.36
302.914
303.588
304.407
305.396
306.583
307.997
309.667
311.62
313.873
316.437
319.303
322.443
325.806
329.317
332.88
336.365
339.708
342.755
345.3
347.334
348.911
350.102
350.982
351.621
352.077
352.397
352.616
352.763
352.858
352.917
352.949
352.964
352.968
352.965
352.963
300
300
300
300
300
300
300
300
300
300
300
300
300
300
300
300
300
300
300
300
300
300
300
300
300
300
300
300
300
300
300
300
300.001
300.001
300.001
300.001
300.002
300.002
300.003
300.004
300.005
300.007
300.009
300.011
300.014
300.018
300.023
300.03
300.038
300.048
300.062
300.078
300.099
300.125
300.158
300.198
300.25
300.313
300.393
300.492
300.614
300.767
300.955
301.188
301.476
301.83
302.265
302.797
303.447
304.237
305.191
306.339
307.71
309.332
311.232
313.433
315.944
318.762
321.863
325.199
328.698
332.269
335.781
339.171
342.28
344.894
346.996
348.635
349.88
350.805
351.481
351.966
352.307
352.541
352.697
352.795
352.85
352.877
352.881
352.877
300
300
300
300
300
300
300
300
300
300
300
300
300
300
300
300
300
300
300
300
300
300
300
300
300
300
300
300
300
300
300
300
300
300
300.001
300.001
300.001
300.001
300.002
300.002
300.003
300.004
300.005
300.006
300.008
300.011
300.014
300.018
300.023
300.029
300.037
300.047
300.06
300.075
300.095
300.12
300.152
300.191
300.24
300.301
300.378
300.472
300.59
300.736
300.918
301.142
301.418
301.759
302.178
302.691
303.317
304.08
305.003
306.115
307.445
309.022
310.875
313.026
315.488
318.261
321.323
324.632
328.118
331.695
335.231
338.662
341.827
344.504
346.668
348.364
349.658
350.624
351.331
351.838
352.192
352.429
352.577
352.659
352.687
352.68
300
300
300
300
300
300
300
300
300
300
300
300
300
300
300
300
300
300
300
300
300
300
300
300
300
300
300
300
300
300
300
300
300
300
300
300
300.001
300.001
300.001
300.001
300.002
300.002
300.003
300.004
300.005
300.006
300.008
300.011
300.013
300.017
300.022
300.028
300.036
300.045
300.058
300.073
300.092
300.116
300.146
300.184
300.231
300.29
300.363
300.455
300.568
300.709
300.883
301.099
301.365
301.694
302.097
302.593
303.198
303.936
304.831
305.91
307.202
308.739
310.547
312.652
315.068
317.798
320.824
324.106
327.579
331.158
334.713
338.181
341.396
344.128
346.346
348.09
349.424
350.418
351.141
351.648
351.983
352.183
352.27
352.255
300
300
300
300
300
300
300
300
300
300
300
300
300
300
300
300
300
300
300
300
300
300
300
300
300
300
300
300
300
300
300
300
300
300
300
300
300
300
300.001
300.001
300.001
300.001
300.002
300.002
300.003
300.004
300.005
300.006
300.008
300.01
300.013
300.017
300.021
300.027
300.035
300.044
300.056
300.07
300.089
300.112
300.141
300.178
300.223
300.28
300.35
300.438
300.547
300.683
300.851
301.059
301.316
301.634
302.024
302.503
303.089
303.805
304.673
305.722
306.98
308.478
310.246
312.308
314.682
317.371
320.362
323.618
327.076
330.656
334.227
337.724
340.979
343.753
346.009
347.782
349.128
350.112
350.793
351.22
351.43
351.405
300
300
300
300
300
300
300
300
300
300
300
300
300
300
300
300
300
300
300
300
300
300
300
300
300
300
300
300
300
300
300
300
300
300
300
300
300
300
300
300
300.001
300.001
300.001
300.001
300.002
300.002
300.003
300.004
300.005
300.006
300.008
300.01
300.013
300.016
300.021
300.027
300.034
300.043
300.054
300.068
300.086
300.109
300.137
300.172
300.216
300.27
300.338
300.423
300.529
300.66
300.822
301.023
301.272
301.579
301.956
302.421
302.99
303.684
304.528
305.549
306.776
308.24
309.97
311.993
314.327
316.978
319.935
323.164
326.606
330.181
333.757
337.271
340.545
343.33
345.58
347.314
348.575
349.404
349.849
349.817
300
300
300
300
300
300
300
300
300
300
300
300
300
300
300
300
300
300
300
300
300
300
300
300
300
300
300
300
300
300
300
300
300
300
300
300
300
300
300
300
300
300
300.001
300.001
300.001
300.001
300.002
300.002
300.003
300.004
300.005
300.006
300.008
300.01
300.012
300.016
300.02
300.026
300.033
300.041
300.052
300.066
300.083
300.105
300.132
300.166
300.209
300.261
300.327
300.409
300.511
300.638
300.795
300.99
301.231
301.528
301.895
302.346
302.899
303.574
304.397
305.392
306.591
308.022
309.718
311.703
313.999
316.613
319.536
322.734
326.15
329.703
333.26
336.749
339.978
342.668
344.757
346.213
347.06
347.04
300
300
300
300
300
300
300
300
300
300
300
300
300
300
300
300
300
300
300
300
300
300
300
300
300
300
300
300
300
300
300
300
300
300
300
300
300
300
300
300
300
300
300
300
300.001
300.001
300.001
300.001
300.002
300.002
300.003
300.004
300.005
300.006
300.007
300.01
300.012
300.016
300.02
300.025
300.032
300.04
300.051
300.064
300.081
300.102
300.128
300.161
300.202
300.253
300.317
300.397
300.495
300.618
300.771
300.959
301.193
301.482
301.839
302.277
302.816
303.474
304.277
305.249
306.421
307.823
309.485
311.435
313.692
316.264
319.141
322.29
325.647
329.125
332.573
335.891
338.848
341.08
342.506
342.543
300
300
300
300
300
300
300
300
300
300
300
300
300
300
300
300
300
300
300
300
300
300
300
300
300
300
300
300
300
300
300
300
300
300
300
300
300
300
300
300
300
300
300
300
300
300
300.001
300.001
300.001
300.001
300.002
300.002
300.003
300.003
300.004
300.006
300.007
300.009
300.012
300.015
300.019
300.024
300.031
300.039
300.05
300.062
300.079
300.099
300.125
300.156
300.196
300.246
300.308
300.385
300.481
300.6
300.748
300.932
301.159
301.44
301.788
302.215
302.74
303.383
304.167
305.117
306.264
307.636
309.263
311.172
313.379
315.889
318.684
321.718
324.906
328.112
331.151
333.802
335.808
335.938
300
300
300
300
300
300
300
300
300
300
300
300
300
300
300
300
300
300
300
300
300
300
300
300
300
300
300
300
300
300
300
300
300
300
300
300
300
300
300
300
300
300
300
300
300
300
300
300
300.001
300.001
300.001
300.001
300.002
300.002
300.003
300.003
300.004
300.006
300.007
300.009
300.012
300.015
300.019
300.024
300.03
300.038
300.048
300.061
300.077
300.096
300.121
300.152
300.191
300.239
300.299
300.374
300.467
300.583
300.728
300.906
301.128
301.402
301.741
302.158
302.671
303.299
304.064
304.993
306.112
307.449
309.032
310.879
313
315.381
317.979
320.688
323.378
325.747
327.586
327.618
300
300
300
300
300
300
300
300
300
300
300
300
300
300
300
300
300
300
300
300
300
300
300
300
300
300
300
300
300
300
300
300
300
300
300
300
300
300
300
300
300
300
300
300
300
300
300
300
300
300
300.001
300.001
300.001
300.001
300.002
300.002
300.003
300.003
300.004
300.006
300.007
300.009
300.011
300.014
300.018
300.023
300.029
300.037
300.047
300.059
300.075
300.094
300.118
300.148
300.186
300.233
300.291
300.364
300.455
300.568
300.709
300.883
301.1
301.367
301.698
302.105
302.605
303.218
303.963
304.865
305.948
307.234
308.74
310.471
312.409
314.487
316.618
318.54
320.134
320.092
300
300
300
300
300
300
300
300
300
300
300
300
300
300
300
300
300
300
300
300
300
300
300
300
300
300
300
300
300
300
300
300
300
300
300
300
300
300
300
300
300
300
300
300
300
300
300
300
300
300
300
300
300.001
300.001
300.001
300.001
300.002
300.002
300.003
300.003
300.004
300.005
300.007
300.009
300.011
300.014
300.018
300.023
300.029
300.036
300.046
300.058
300.073
300.092
300.115
300.144
300.181
300.227
300.284
300.355
300.444
300.555
300.692
300.862
301.073
301.335
301.657
302.054
302.54
303.133
303.851
304.714
305.737
306.93
308.289
309.774
311.331
312.769
314.002
314.016
300
300
300
300
300
300
300
300
300
300
300
300
300
300
300
300
300
300
300
300
300
300
300
300
300
300
300
300
300
300
300
300
300
300
300
300
300
300
300
300
300
300
300
300
300
300
300
300
300
300
300
300
300
300
300.001
300.001
300.001
300.001
300.002
300.002
300.003
300.003
300.004
300.005
300.007
300.009
300.011
300.014
300.018
300.022
300.028
300.036
300.045
300.057
300.071
300.09
300.112
300.141
300.177
300.222
300.278
300.347
300.434
300.542
300.676
300.842
301.048
301.302
301.615
301.999
302.466
303.031
303.706
304.499
305.414
306.425
307.502
308.512
309.401
309.438
300
300
300
300
300
300
300
300
300
300
300
300
300
300
300
300
300
300
300
300
300
300
300
300
300
300
300
300
300
300
300
300
300
300
300
300
300
300
300
300
300
300
300
300
300
300
300
300
300
300
300
300
300
300
300
300
300.001
300.001
300.001
300.001
300.002
300.002
300.003
300.003
300.004
300.005
300.007
300.008
300.011
300.014
300.017
300.022
300.028
300.035
300.044
300.055
300.07
300.088
300.11
300.138
300.173
300.217
300.272
300.34
300.424
300.53
300.661
300.822
301.022
301.267
301.567
301.931
302.368
302.885
303.485
304.152
304.87
305.551
306.158
306.198
300
300
300
300
300
300
300
300
300
300
300
300
300
300
300
300
300
300
300
300
300
300
300
300
300
300
300
300
300
300
300
300
300
300
300
300
300
300
300
300
300
300
300
300
300
300
300
300
300
300
300
300
300
300
300
300
300
300
300.001
300.001
300.001
300.001
300.002
300.002
300.002
300.003
300.004
300.005
300.007
300.008
300.011
300.013
300.017
300.021
300.027
300.034
300.043
300.054
300.068
300.086
300.108
300.135
300.17
300.213
300.266
300.332
300.415
300.518
300.644
300.8
300.991
301.224
301.504
301.836
302.222
302.654
303.121
303.568
303.97
304.003
300
300
300
300
300
300
300
300
300
300
300
300
300
300
300
300
300
300
300
300
300
300
300
300
300
300
300
300
300
300
300
300
300
300
300
300
300
300
300
300
300
300
300
300
300
300
300
300
300
300
300
300
300
300
300
300
300
300
300
300
300.001
300.001
300.001
300.001
300.002
300.002
300.002
300.003
300.004
300.005
300.006
300.008
300.01
300.013
300.017
300.021
300.027
300.034
300.042
300.053
300.067
300.084
300.106
300.133
300.166
300.208
300.26
300.325
300.405
300.504
300.625
300.773
300.95
301.162
301.408
301.685
301.985
302.273
302.534
302.557
300
300
300
300
300
300
300
300
300
300
300
300
300
300
300
300
300
300
300
300
300
300
300
300
300
300
300
300
300
300
300
300
300
300
300
300
300
300
300
300
300
300
300
300
300
300
300
300
300
300
300
300
300
300
300
300
300
300
300
300
300
300
300.001
300.001
300.001
300.001
300.001
300.002
300.002
300.003
300.004
300.005
300.006
300.008
300.01
300.013
300.016
300.021
300.026
300.033
300.042
300.052
300.066
300.083
300.104
300.13
300.163
300.204
300.254
300.317
300.393
300.486
300.599
300.733
300.889
301.065
301.256
301.44
301.607
301.623
300
300
300
300
300
300
300
300
300
300
300
300
300
300
300
300
300
300
300
300
300
300
300
300
300
300
300
300
300
300
300
300
300
300
300
300
300
300
300
300
300
300
300
300
300
300
300
300
300
300
300
300
300
300
300
300
300
300
300
300
300
300
300
300
300.001
300.001
300.001
300.001
300.001
300.002
300.002
300.003
300.004
300.005
300.006
300.008
300.01
300.013
300.016
300.02
300.026
300.033
300.041
300.052
300.065
300.081
300.102
300.128
300.159
300.199
300.247
300.306
300.377
300.461
300.56
300.672
300.793
300.909
301.015
301.026
300
300
300
300
300
300
300
300
300
300
300
300
300
300
300
300
300
300
300
300
300
300
300
300
300
300
300
300
300
300
300
300
300
300
300
300
300
300
300
300
300
300
300
300
300
300
300
300
300
300
300
300
300
300
300
300
300
300
300
300
300
300
300
300
300
300
300.001
300.001
300.001
300.001
300.001
300.002
300.002
300.003
300.004
300.005
300.006
300.008
300.01
300.013
300.016
300.02
300.025
300.032
300.04
300.051
300.064
300.08
300.1
300.124
300.155
300.192
300.237
300.29
300.352
300.423
300.499
300.573
300.64
300.647
300
300
300
300
300
300
300
300
300
300
300
300
300
300
300
300
300
300
300
300
300
300
300
300
300
300
300
300
300
300
300
300
300
300
300
300
300
300
300
300
300
300
300
300
300
300
300
300
300
300
300
300
300
300
300
300
300
300
300
300
300
300
300
300
300
300
300
300
300.001
300.001
300.001
300.001
300.001
300.002
300.002
300.003
300.004
300.005
300.006
300.008
300.01
300.013
300.016
300.02
300.025
300.032
300.04
300.05
300.062
300.078
300.097
300.12
300.149
300.182
300.221
300.266
300.314
300.36
300.403
300.407
300
300
300
300
300
300
300
300
300
300
300
300
300
300
300
300
300
300
300
300
300
300
300
300
300
300
300
300
300
300
300
300
300
300
300
300
300
300
300
300
300
300
300
300
300
300
300
300
300
300
300
300
300
300
300
300
300
300
300
300
300
300
300
300
300
300
300
300
300
300
300.001
300.001
300.001
300.001
300.001
300.002
300.002
300.003
300.004
300.005
300.006
300.008
300.01
300.012
300.016
300.02
300.025
300.031
300.039
300.049
300.061
300.075
300.093
300.114
300.139
300.167
300.197
300.227
300.253
300.256
300
300
300
300
300
300
300
300
300
300
300
300
300
300
300
300
300
300
300
300
300
300
300
300
300
300
300
300
300
300
300
300
300
300
300
300
300
300
300
300
300
300
300
300
300
300
300
300
300
300
300
300
300
300
300
300
300
300
300
300
300
300
300
300
300
300
300
300
300
300
300
300
300.001
300.001
300.001
300.001
300.001
300.002
300.002
300.003
300.004
300.005
300.006
300.008
300.01
300.012
300.015
300.019
300.024
300.03
300.038
300.047
300.058
300.072
300.087
300.105
300.124
300.142
300.159
300.161
300
300
300
300
300
300
300
300
300
300
300
300
300
300
300
300
300
300
300
300
300
300
300
300
300
300
300
300
300
300
300
300
300
300
300
300
300
300
300
300
300
300
300
300
300
300
300
300
300
300
300
300
300
300
300
300
300
300
300
300
300
300
300
300
300
300
300
300
300
300
300
300
300
300
300.001
300.001
300.001
300.001
300.001
300.002
300.002
300.003
300.004
300.005
300.006
300.008
300.01
300.012
300.015
300.019
300.024
300.029
300.037
300.045
300.055
300.066
300.078
300.089
300.1
300.101
300
300
300
300
300
300
300
300
300
300
300
300
300
300
300
300
300
300
300
300
300
300
300
300
300
300
300
300
300
300
300
300
300
300
300
300
300
300
300
300
300
300
300
300
300
300
300
300
300
300
300
300
300
300
300
300
300
300
300
300
300
300
300
300
300
300
300
300
300
300
300
300
300
300
300
300
300.001
300.001
300.001
300.001
300.001
300.002
300.002
300.003
300.004
300.005
300.006
300.008
300.009
300.012
300.015
300.018
300.023
300.028
300.034
300.041
300.049
300.056
300.063
300.063
300
300
300
300
300
300
300
300
300
300
300
300
300
300
300
300
300
300
300
300
300
300
300
300
300
300
300
300
300
300
300
300
300
300
300
300
300
300
300
300
300
300
300
300
300
300
300
300
300
300
300
300
300
300
300
300
300
300
300
300
300
300
300
300
300
300
300
300
300
300
300
300
300
300
300
300
300
300
300.001
300.001
300.001
300.001
300.001
300.002
300.002
300.003
300.004
300.005
300.006
300.007
300.009
300.012
300.014
300.018
300.021
300.026
300.031
300.035
300.039
300.04
300
300
300
300
300
300
300
300
300
300
300
300
300
300
300
300
300
300
300
300
300
300
300
300
300
300
300
300
300
300
300
300
300
300
300
300
300
300
300
300
300
300
300
300
300
300
300
300
300
300
300
300
300
300
300
300
300
300
300
300
300
300
300
300
300
300
300
300
300
300
300
300
300
300
300
300
300
300
300
300
300.001
300.001
300.001
300.001
300.001
300.002
300.002
300.003
300.004
300.005
300.006
300.007
300.009
300.011
300.013
300.016
300.019
300.022
300.025
300.025
300
300
300
300
300
300
300
300
300
300
300
300
300
300
300
300
300
300
300
300
300
300
300
300
300
300
300
300
300
300
300
300
300
300
300
300
300
300
300
300
300
300
300
300
300
300
300
300
300
300
300
300
300
300
300
300
300
300
300
300
300
300
300
300
300
300
300
300
300
300
300
300
300
300
300
300
300
300
300
300
300
300
300.001
300.001
300.001
300.001
300.001
300.002
300.002
300.003
300.004
300.004
300.006
300.007
300.008
300.01
300.012
300.014
300.015
300.016
300
300
300
300
300
300
300
300
300
300
300
300
300
300
300
300
300
300
300
300
300
300
300
300
300
300
300
300
300
300
300
300
300
300
300
300
300
300
300
300
300
300
300
300
300
300
300
300
300
300
300
300
300
300
300
300
300
300
300
300
300
300
300
300
300
300
300
300
300
300
300
300
300
300
300
300
300
300
300
300
300
300
300
300
300.001
300.001
300.001
300.001
300.001
300.002
300.002
300.003
300.003
300.004
300.005
300.006
300.007
300.009
300.01
300.01
300
300
300
300
300
300
300
300
300
300
300
300
300
300
300
300
300
300
300
300
300
300
300
300
300
300
300
300
300
300
300
300
300
300
300
300
300
300
300
300
300
300
300
300
300
300
300
300
300
300
300
300
300
300
300
300
300
300
300
300
300
300
300
300
300
300
300
300
300
300
300
300
300
300
300
300
300
300
300
300
300
300
300
300
300
300
300.001
300.001
300.001
300.001
300.001
300.002
300.002
300.003
300.003
300.004
300.005
300.005
300.006
300.006
300
300
300
300
300
300
300
300
300
300
300
300
300
300
300
300
300
300
300
300
300
300
300
300
300
300
300
300
300
300
300
300
300
300
300
300
300
300
300
300
300
300
300
300
300
300
300
300
300
300
300
300
300
300
300
300
300
300
300
300
300
300
300
300
300
300
300
300
300
300
300
300
300
300
300
300
300
300
300
300
300
300
300
300
300
300
300
300
300.001
300.001
300.001
300.001
300.001
300.002
300.002
300.002
300.003
300.003
300.004
300.004
300
300
300
300
300
300
300
300
300
300
300
300
300
300
300
300
300
300
300
300
300
300
300
300
300
300
300
300
300
300
300
300
300
300
300
300
300
300
300
300
300
300
300
300
300
300
300
300
300
300
300
300
300
300
300
300
300
300
300
300
300
300
300
300
300
300
300
300
300
300
300
300
300
300
300
300
300
300
300
300
300
300
300
300
300
300
300
300
300
300
300.001
300.001
300.001
300.001
300.001
300.002
300.002
300.002
300.002
300.002
300
300
300
300
300
300
300
300
300
300
300
300
300
300
300
300
300
300
300
300
300
300
300
300
300
300
300
300
300
300
300
300
300
300
300
300
300
300
300
300
300
300
300
300
300
300
300
300
300
300
300
300
300
300
300
300
300
300
300
300
300
300
300
300
300
300
300
300
300
300
300
300
300
300
300
300
300
300
300
300
300
300
300
300
300
300
300
300
300
300
300
300
300.001
300.001
300.001
300.001
300.001
300.001
300.001
300.001
300
300
300
300
300
300
300
300
300
300
300
300
300
300
300
300
300
300
300
300
300
300
300
300
300
300
300
300
300
300
300
300
300
300
300
300
300
300
300
300
300
300
300
300
300
300
300
300
300
300
300
300
300
300
300
300
300
300
300
300
300
300
300
300
300
300
300
300
300
300
300
300
300
300
300
300
300
300
300
300
300
300
300
300
300
300
300
300
300
300
300
300
300
300
300
300.001
300.001
300.001
300.001
300.001
300
300
300
300
300
300
300
300
300
300
300
300
300
300
300
300
300
300
300
300
300
300
300
300
300
300
300
300
300
300
300
300
300
300
300
300
300
300
300
300
300
300
300
300
300
300
300
300
300
300
300
300
300
300
300
300
300
300
300
300
300
300
300
300
300
300
300
300
300
300
300
300
300
300
300
300
300
300
300
300
300
300
300
300
300
300
300
300
300
300
300
300
300
300
300
300
300
300.001
300.001
300.001
300
300
300
300
300
300
300
300
300
300
300
300
300
300
300
300
300
300
300
300
300
300
300
300
300
300
300
300
300
300
300
300
300
300
300
300
300
300
300
300
300
300
300
300
300
300
300
300
300
300
300
300
300
300
300
300
300
300
300
300
300
300
300
300
300
300
300
300
300
300
300
300
300
300
300
300
300
300
300
300
300
300
300
300
300
300
300
300
300
300
300
300
300
300
300
300
300
300
300
300
300
300
300
300
300
300
300
300
300
300
300
300
300
300
300
300
300
300
300
300
300
300
300
300
300
300
300
300
300
300
300
300
300
300
300
300
300
300
300
300
300
300
300
300
300
300
300
300
300
300
300
300
300
300
300
300
300
300
300
300
300
300
300
300
300
300
300
300
300
300
300
300
300
300
300
300
300
300
300
300
300
300
300
300
300
300
300
300
300
300
300
300
300
300
300
300
300
300
300
300
300
300
300
300
300
300
300
300
300
300
300
300
300
300
300
300
300
300
300
300
300
300
300
300
300
300
300
300
300
300
300
300
300
300
300
300
300
300
300
300
300
300
300
300
300
300
300
300
300
300
300
300
300
300
300
300
300
300
300
300
300
300
300
300
300
300
300
300
300
300
300
300
300
300
300
300
300
300
300
300
300
300
300
300
300
300
300
300
300
300
300
300
300
300
300
300
300
300
300
300
300
300
300
300
300
300
300
300
300
300
300
300
300
300
300
300
300
300
300
300
300
300
300
300
300
300
300
300
300
300
300
300
300
300
300
300
300
300
300
300
300
300
300
300
300
300
300
300
300
300
300
300
300
300
300
300
300
300
300
300
300
300
300
300
300
300
300
300
300
300
300
300
300
300
300
300
300
300
300
300
300
300
300
300
300
300
300
300
300
300
300
300
300
300
300
300
300
300
300
300
300
300
300
300
300
300
300
300
300
300
300
300
300
300
300
300
300
300
300
300
300
300
300
300
300
300
300
300
300
300
300
300
300
300
300
300
300
300
300
300
300
300
300
300
300
300
300
300
300
300
300
300
300
300
300
300
300
300
300
300
300
300
300
300
300
300
300
300
300
300
300
300
300
300
300
300
300
300
300
300
300
300
300
300
300
300
300
300
300
300
300
300
300
300
300
300
300
300
300
300
300
300
300
300
300
300
300
300
300
300
300
300
300
300
300
300
300
300
300
300
300
300
300
300
300
300
300
300
300
300
300
300
300
300
300
300
300
300
300
300
300
300
300
300
300
300
300
300
300
300
300
300
300
300
300
300
300
300
300
300
300
300
300
300
300
300
300
300
300
300
300
300
300
300
300
300
300
300
300
300
300
300
300
300
300
300
300
300
300
300
300
300
300
300
300
300
300
300
300
300
300
300
300
300
300
300
300
300
300
300
300
300
300
300
300
300
300
300
300
300
300
300
300
300
300
300
300
300
300
300
300
300
300
300
300
300
300
300
300
300
300
300
300
300
300
300
300
300
300
300
300
300
300
300
300
300
300
300
300
300
300
300
300
300
300
300
300
300
300
300
300
300
300
300
300
300
300
300
300
300
300
300
300
300
300
300
300
300
300
300
300
300
300
300
300
300
300
300
300
300
300
300
300
300
300
300
300
300
300
300
300
300
300
300
300
300
300
300
300
300
300
300
300
300
300
300
300
300
300
300
300
300
300
300
300
300
300
300
300
300
300
300
300
300
300
300
300
300
300
300
300
300
300
300
300
300
300
300
300
300
300
300
300
300
300
300
300
300
300
300
300
300
300
300
300
300
300
300
300
300
300
300
300
300
300
300
300
300
300
300
300
300
300
300
300
300
300
300
300
300
300
300
300
300
300
300
300
300
300
300
300
300
300
300
300
300
300
300
300
300
300
300
300
300
300
300
300
300
300
300
300
300
300
300
300
300
300
300
300
300
300
300
300
300
300
300
300
300
300
300
300
300
300
300
300
300
300
300
300
300
300
300
300
300
300
300
300
300
300
300
300
300
300
300
300
300
300
300
300
300
300
300
300
300
300
300
300
300
300
300
300
300
300
300
300
300
300
300
300
300
300
300
300
300
300
300
300
300
300
300
300
300
300
300
300
300
300
300
300
300
300
300
300
300
300
300
300
300
300
300
300
300
300
300
300
300
300
300
300
300
300
300
300
300
300
300
300
300
300
300
300
300
300
300
300
300
300
300
300
300
300
300
300
300
300
300
300
300
300
300
300
300
300
300
300
300
300
300
300
300
300
300
300
300
300
300
300
300
300
300
300
300
300
300
300
300
300
300
300
300
300
300
300
300
300
300
300
300
300
300
300
300
300
300
300
300
300
300
300
300
300
300
300
300
300
300
300
300
300
300
300
300
300
300
300
300
300
300
300
300
300
300
300
300
300
300
300
300
300
300
300
300
300
300
300
300
300
300
300
300
300
300
300
300
300
300
300
300
300
300
300
300
300
300
300
300
300
300
300
300
300
300
300
300
300
300
300
300
300
300
300
300
300
300
300
300
300
300
300
300
300
300
300
300
300
300
300
300
300
300
300
300
300
300
300
300
300
300
300
300
300
300
300
300
300
300
300
300
300
300
300
300
300
300
300
300
300
300
300
300
300
300
300
300
300
300
300
300
300
300
300
300
300
300
300
300
300
300
300
300
300
300
300
300
300
300
300
300
300
300
300
300
300
300
300
300
300
300
300
300
300
300
300
300
300
300
300
300
300
300
300
300
300
300
300
300
300
300
300
300
300
300
300
300
300
300
300
300
300
300
300
300
300
300
300
300
300
300
300
300
300
300
300
300
300
300
300
300
300
300
300
300
300
300
300
300
300
300
300
300
300
300
300
300
300
300
300
300
300
300
300
300
300
300
300
300
300
300
300
300
300
300
300
300
300
300
300
300
300
300
300
300
300
300
300
300
300
300
300
300
300
300
300
300
300
300
300
300
300
300
300
300
300
300
300
300
300
300
300
300
300
300
300
300
300
300
300
300
300
300
300
300
300
300
300
300
300
300
300
300
300
300
300
300
300
300
300
300
300
300
300
300
300
300
300
300
300
300
300
300
300
300
300
300
300
300
300
300
300
300
300
300
300
300
300
300
300
300
300
300
300
300
300
300
300
300
300
300
300
300
300
300
300
300
300
300
300
300
300
300
300
300
300
300
300
300
300
300
300
300
300
300
300
300
300
300
300
300
300
300
300
300
300
300
300
300
300
300
300
300
300
300
300
300
300
300
300
300
300
300
300
300
300
300
300
300
300
300
300
300
300
300
300
300
300
300
300
300
300
300
300
300
300
300
300
300
300
300
300
300
300
300
300
300
300
300
300
300
300
300
300
300
300
300
300
300
300
300
300
300
300
300
300
300
300
300
300
300
300
300
300
300
300
300
300
300
300
300
300
300
300
300
300
300
300
300
300
300
300
300
300
300
300
300
300
300
300
300
300
300
300
300
300
300
300
300
300
300
300
300
300
300
300
300
300
300
300
300
300
300
300
300
300
300
300
300
300
300
300
300
300
300
300
300
300
300
300
300
300
300
300
300
300
300
300
300
300
300
300
300
300
300
300
300
300
300
300
300
300
300
300
300
300
300
300
300
300
300
300
300
300
300
300
300
300
300
300
300
300
300
300
300
300
300
300
300
300
300
300
300
300
300
300
300
300
300
300
300
300
300
300
300
300
300
300
300
300
300
300
300
300
300
300
300
300
300
300
300
300
300
300
300
300
300
300
300
300
300
300
300
300
300
300
300
300
300
300
300
300
300
300
300
300
300
300
300
300
300
300
300
300
300
300
300
300
300
300
300
300
300
300
300
300
300
300
300
300
300
300
300
300
300
300
300
300
300
300
300
300
300
300
300
300
300
300
300
300
300
300
300
300
300
300
300
300
300
300
300
300
300
300
300
300
300
300
300
300
300
300
300
300
300
300
300
300
300
300
300
300
300
300
300
300
300
300
300
300
300
300
300
300
300
300
300
300
300
300
300
300
300
300
300
300
300
300
300
300
300
300
300
300
300
300
300
300
300
300
300
300
300
300
300
300
300
300
300
300
300
300
300
300
300
300
300
300
300
300
300
300
300
300
300
300
300
300
300
300
300
300
300
300
300
300
300
300
300
300
300
300
300
300
300
300
300
300
300
300
300
300
300
300
300
300
300
300
300
300
300
300
300
300
300
300
300
300
300
300
300
300
300
300
300
300
300
300
300
300
300
300
300
300
300
300
300
300
300
300
300
300
300
300
300
300
300
300
300
300
300
300
300
300
300
300
300
300
300
300
300
300
300
300
300
300
300
300
300
300
300
300
300
300
300
300
300
300
300
300
300
300
300
300
300
300
300
300
300
300
300
300
300
300
300
300
300
300
300
300
300
300
300
300
300
300
300
300
300
300
300
300
300
300
300
300
300
300
300
300
300
300
300
300
300
300
300
300
300
300
300
300
300
300
300
300
300
300
300
300
300
300
300
300
300
300
300
300
300
300
300
300
300
300
300
300
300
300
300
300
300
300
300
300
300
300
300
300
300
300
300
300
300
300
300
300
300
300
300
300
300
300
300
300
300
300
300
300
300
300
300
300
300
300
300
300
300
300
300
300
300
300
300
300
300
300
300
300
300
300
300
300
300
300
300
300
300
300
300
300
300
300
300
300
300
300
300
300
300
300
300
300
300
300
300
300
300
300
300
300
300
300
300
300
300
300
300
300
300
300
300
300
300
300
300
300
300
300
300
300
300
300
300
300
300
300
300
300
300
300
300
300
300
300
300
300
300
300
300
300
300
300
300
300
300
300
300
300
300
300
300
300
300
300
300
300
300
300
300
300
300
300
300
300
300
300
300
300
300
300
300
300
300
300
300
300
300
300
300
300
300
300
300
300
300
300
300
300
300
300
300
300
300
300
300
300
300
300
300
300
300
300
300
300
300
300
300
300
300
300
300
300
300
300
300
300
300
300
300
300
300
300
300
300
300
300
300
300
300
300
300
300
300
300
300
300
300
300
300
300
300
300
300
300
300
300
300
300
300
300
300
300
300
300
300
300
300
300
300
300
300
300
300
300
300
300
300
300
300
300
300
300
300
300
300
300
300
300
300
300
300
300
300
300
300
300
300
300
300
300
300
300
300
300
300
300
300
300
300
300
300
300
300
300
300
300
300
300
300
300
300
300
300
300
300
300
300
300
300
300
300
300
300
300
300
300
300
300
300
300
300
300
300
300
300
300
300
300
300
300
300
300
300
300
300
300
300
300
300
300
300
300
300
300
300
300
300
300
300
300
300
300
300
300
300
300
300
300
300
300
300
300
300
300
300
300
300
300
300
300
300
300
300
300
300
300
300
300
300
300
300
300
300
300
300
300
300
300
300
300
300
300
300
300
300
300
300
300
300
300
300
300
300
300
300
300
300
300
300
300
300
300
300
300
300
300
300
300
300
300
300
300
300
300
300
300
300
300
300
300
300
300
300
300
300
300
300
300
300
300
300
300
300
300
300
300
300
300
300
300
300
300
300
300
300
300
300
300
300
300
300
300
300
300
300
300
300
300
300
300
300
300
300
300
300
300
300
300
300
300
300
300
300
300
300
300
300
300
300
300
300
300
300
300
300
300
300
300
300
300
300
300
300
300
300
300
300
300
300
300
300
300
300
300
300
300
300
300
300
300
300
300
300
300
300
300
300
300
300
300
300
300
300
300
300
300
300
300
300
300
300
300
300
300
300
300
300
300
300
300
300
300
300
300
300
300
300
300
300
300
300
300
300
300
300
300
300
300
300
300
300
300
300
300
300
300
300
300
300
300
300
300
300
300
300
300
300
300
300
300
300
300
300
300
300
300
300
300
300
300
300
300
300
300
300
300
300
300
300
300
300
300
300
300
300
300
300
300
300
300
300
300
300
300
300
300
300
300
300
300
300
300
300
300
300
300
300
300
300
300
300
300
300
300
300
300
300
300
300
300
300
300
300
300
300
300
300
300
300
300
300
300
300
300
300
300
300
300
300
300
300
300
300
300
300
300
300
300
300
300
300
300
300
300
300
300
300
300
300
300
300
300
300
300
300
300
300
300
300
300
300
300
300
300
300
300
300
300
300
300
300
300
300
300
300
300
300
300
300
300
300
300
300
300
300
300
300
300
300
300
300
300
300
300
300
300
300
300
300
300
300
300
300
300
300
300
300
300
300
300
300
300
300
300
300
300
300
300
300
300
300
300
300
300
300
300
300
300
300
300
300
300
300
300
300
300
300
300
300
300
300
300
300
300
300
300
300
300
300
300
300
300
300
300
300
300
300
300
300
300
300
300
300
300
300
300
300
300
300
300
300
300
300
300
300
300
300
300
300
300
300
300
300
300
300
300
300
300
300
300
300
300
300
300
300
300
300
300
300
300
300
300
300
300
300
300
300
300
300
300
300
300
300
300
300
300
300
300
300
300
300
300
300
300
300
300
300
300
300
300
300
300
300
300
300
300
300
300
300
300
300
300
300
300
300
300
300
300
300
300
300
300
300
300
300
300
300
300
300
300
300
300
300
300
300
300
300
300
300
300
300
300
300
300
300
300
300
300
300
300
300
300
300
300
300
300
300
300
300
300
300
300
300
300
300
300
300
300
300
300
300
300
300
300
300
300
300
300
300
300
300
300
300
300
300
300
300
300
300
300
300
300
300
300
300
300
300
300
300
300
300
300
300
300
300
300
300
300
300
300
300
300
300
300
300
300
300
300
300
300
300
300
300
300
300
300
300
300
300
300
300
300
300
300
300
300
300
300
300
300
300
300
300
300
300
300
300
300
300
300
300
300
300
300
300
300
300
300
300
300
300
300
300
300
300
300
300
300
300
300
300
300
300
300
300
300
300
300
300
300
300
300
300
300
300
300
300
300
300
300
300
300
300
300
300
300
300
300
300
300
300
300
300
300
300
300
300
300
300
300
300
300
300
300
300
300
300
300
300
300
300
300
300
300
300
300
300
300
300
300
300
300
300
300
300
300
300
300
300
300
300
300
300
300
300
300
300
300
300
300
300
300
300
300
300
300
300
300
300
300
300
300
300
300
300
300
300
300
300
300
300
300
300
300
300
300
300
300
300
300
300
300
300
300
300
300
300
300
300
300
300
300
300
300
300
300
300
300
300
300
300
300
300
300
300
300
300
300
300
300
300
300
300
300
300
300
300
300
300
300
300
300
300
300
300
300
300
300
300
300
300
300
300
300
300
300
300
300
300
300
300
300
300
300
300
300
300
300
300
300
300
300
300
300
300
300
300
300
300
300
300
300
300
300
300
300
300
300
300
300
300
300
300
300
300
300
300
300
300
300
300
300
300
300
300
300
300
300
300
300
300
300
300
300
300
300
300
300
300
300
300
300
300
300
300
300
300
300
300
300
300
300
300
300
300
300
300
300
300
300
300
300
300
300
300
300
300
300
300
300
300
300
300
300
300
300
300
300
300
300
300
300
300
300
300
300
300
300
300
300
300
300
300
300
300
300
300
300
300
300
300
300
300
)
;

boundaryField
{
    inlet
    {
        type            fixedValue;
        value           uniform 300;
    }
    sym
    {
        type            symmetry;
    }
    wedge
    {
        type            zeroGradient;
    }
    top
    {
        type            freestream;
        freestreamValue uniform 300;
        value           nonuniform List<scalar> 
150
(
300
300
300
300
300
300
300
300
300
300
300
300
300
300
300
300
300
300
300
300
300
300
300
300
300
300
300
300
300
300
300
300
300
300
300
300
300
300
300
300
300
300
300
300
300
300
300
300
300
300
300
300
300
300
300
300
300
300
300
300
300
300
300
300
300
300
300
300
300
300
300
300
300
300
300
300
300
300
300
300
300
300
300
300
300
300
300
300
300
300
300
300
300
300
300
300
300
300
300
300
300
300
300
300
300
300
300
300
300
300
300
300
300
300
300
300
300
300
300
300
300
300
300
300
300
300
300
300
300
300
300
300
300
300
300
300
300
300
300
300
300
300
300
300
300
300
300
300
300
300
)
;
    }
    back
    {
        type            empty;
    }
    front
    {
        type            empty;
    }
    outlet
    {
        type            inletOutlet;
        inletValue      uniform 300;
        value           nonuniform List<scalar> 
100
(
355.997
355.155
354.52
353.754
354.412
353.619
353.94
353.501
353.65
353.432
353.478
353.36
353.358
353.292
353.278
353.238
353.219
353.192
353.174
353.155
353.139
353.125
353.111
353.098
353.086
353.076
353.066
353.056
353.044
353.033
353.024
353.014
352.998
352.962
352.875
352.676
352.248
351.396
349.804
347.023
342.522
335.924
327.607
320.081
314.005
309.43
306.192
303.999
302.555
301.622
301.025
300.646
300.407
300.256
300.161
300.101
300.063
300.04
300.025
300.016
300.01
300.006
300.004
300.002
300.001
300.001
300.001
300
300
300
300
300
300
300
300
300
300
300
300
300
300
300
300
300
300
300
300
300
300
300
300
300
300
300
300
300
300
300
300
300
)
;
    }
}


// ************************************************************************* //
