/*--------------------------------*- C++ -*----------------------------------*\
| =========                 |                                                 |
| \\      /  F ield         | OpenFOAM: The Open Source CFD Toolbox           |
|  \\    /   O peration     | Version:  2412                                  |
|   \\  /    A nd           | Website:  www.openfoam.com                      |
|    \\/     M anipulation  |                                                 |
\*---------------------------------------------------------------------------*/
FoamFile
{
    version     2.0;
    format      ascii;
    arch        "LSB;label=32;scalar=64";
    class       volScalarField;
    location    "2";
    object      Ma;
}
// * * * * * * * * * * * * * * * * * * * * * * * * * * * * * * * * * * * * * //

dimensions      [0 0 0 0 0 0 0];

internalField   nonuniform List<scalar> 
5250
(
3
2.99998
2.99992
2.99983
2.99946
2.99895
2.99688
2.99386
2.98259
2.96271
2.90206
2.7546
2.43827
1.70144
0.740842
0.255829
0.324777
0.351458
0.321325
0.268284
0.214285
0.169838
0.127064
0.0806537
0.0462334
3
2.99998
2.99992
2.99983
2.99947
2.99896
2.99691
2.99392
2.98274
2.9631
2.90294
2.75719
2.44385
1.71048
0.752425
0.264998
0.328806
0.353797
0.324198
0.272655
0.219949
0.176714
0.136067
0.0948439
0.0700573
3
2.99998
2.99992
2.99983
2.99947
2.99898
2.99696
2.99402
2.98298
2.96385
2.90451
2.76287
2.45394
1.73076
0.776827
0.28484
0.337638
0.359135
0.331709
0.283994
0.23424
0.194239
0.158795
0.126411
0.110285
3
2.99998
2.99992
2.99983
2.99949
2.999
2.99703
2.99418
2.98332
2.96495
2.90677
2.77138
2.46841
1.76143
0.813863
0.314307
0.35024
0.365744
0.343236
0.301629
0.255797
0.220158
0.190723
0.165918
0.154876
3
2.99998
2.99992
2.99984
2.99951
2.99904
2.99713
2.99439
2.9838
2.96641
2.90972
2.78252
2.48692
1.80179
0.86339
0.353204
0.363635
0.373217
0.359361
0.324513
0.283018
0.251736
0.228193
0.209661
0.202167
3
2.99998
2.99993
2.99985
2.99953
2.99908
2.99727
2.99467
2.98456
2.96819
2.91407
2.79469
2.51259
1.85268
0.925835
0.398108
0.376515
0.386918
0.37992
0.351058
0.31526
0.28872
0.271077
0.258516
0.254736
3
2.99998
2.99993
2.99986
2.99956
2.99914
2.99744
2.99501
2.98547
2.9703
2.91922
2.80882
2.54295
1.91302
1.00214
0.449975
0.391232
0.404299
0.40381
0.38074
0.351292
0.330549
0.319701
0.314048
0.316424
3
2.99999
2.99994
2.99987
2.9996
2.99921
2.99765
2.99542
2.98664
2.97276
2.9255
2.82367
2.57891
1.97882
1.08951
0.506482
0.405009
0.422685
0.429834
0.413259
0.3913
0.377833
0.37496
0.378706
0.392438
3
2.99999
2.99995
2.99989
2.99964
2.9993
2.99791
2.99592
2.98824
2.97552
2.93378
2.83915
2.62031
2.05197
1.19163
0.567685
0.416502
0.440482
0.456382
0.446637
0.434041
0.430154
0.437448
0.456528
0.495753
3
2.99999
2.99995
2.9999
2.99969
2.9994
2.99822
2.99643
2.98999
2.97832
2.94277
2.85735
2.66401
2.14126
1.31214
0.641995
0.433772
0.462852
0.486188
0.483332
0.479406
0.485334
0.508125
0.558722
0.665428
3
2.99999
2.99997
2.9999
2.9998
2.99942
2.99879
2.99673
2.99246
2.98085
2.95164
2.88435
2.68618
2.30895
1.46152
0.74716
0.470783
0.499355
0.525689
0.526355
0.528198
0.544796
0.58855
0.680835
0.866966
3
3
2.99997
2.99993
2.99977
2.99954
2.99863
2.99728
2.99215
2.98394
2.95601
2.89983
2.75194
2.39316
1.67982
0.844172
0.522425
0.550858
0.571106
0.574076
0.580572
0.606909
0.666021
0.777359
0.974663
3
3
2.99997
2.99994
2.9998
2.99961
2.99882
2.9977
2.99321
2.98653
2.96187
2.91724
2.78833
2.48683
1.84967
0.932225
0.57598
0.593601
0.610107
0.621165
0.633497
0.666551
0.733037
0.841584
1.01082
3
3
2.99998
2.99995
2.99984
2.99968
2.99905
2.99814
2.99463
2.98901
2.97005
2.92985
2.82738
2.55248
2.03115
1.07231
0.661195
0.623079
0.641622
0.660356
0.680789
0.717952
0.783649
0.88111
1.02371
3
3
2.99998
2.99996
2.99987
2.99974
2.99922
2.99847
2.99558
2.99098
2.97541
2.94274
2.85802
2.62863
2.19122
1.27344
0.772743
0.651076
0.667632
0.690243
0.720122
0.760601
0.823877
0.909214
1.02878
3.00001
3
2.99999
2.99997
2.99989
2.99979
2.99936
2.99876
2.99635
2.99276
2.97989
2.95523
2.88613
2.70656
2.34743
1.51869
0.912228
0.698149
0.701193
0.721278
0.754407
0.795673
0.85624
0.933875
1.03444
3.00001
3
2.99999
2.99998
2.99992
2.99983
2.9995
2.99902
2.99711
2.99436
2.98382
2.96642
2.91139
2.78608
2.50607
1.86566
1.08451
0.776556
0.754136
0.765498
0.793267
0.830692
0.883647
0.954614
1.0421
3.00001
3
3
2.99998
2.99994
2.99987
2.99961
2.99925
2.99776
2.99566
2.98743
2.97445
2.93052
2.83618
2.61401
2.05991
1.26349
0.85642
0.797274
0.806736
0.830318
0.866993
0.911576
0.972712
1.04928
3.00001
3
3
2.99999
2.99996
2.99991
2.99971
2.99943
2.99833
2.99672
2.99065
2.98055
2.94802
2.87492
2.70325
2.25696
1.50551
0.976595
0.838755
0.840996
0.861804
0.898019
0.9411
0.992528
1.05832
3.00001
3.00001
3
2.99999
2.99998
2.99992
2.99983
2.99951
2.99902
2.99719
2.99431
2.98458
2.96528
2.91243
2.7774
2.49911
1.83699
1.16273
0.907438
0.885344
0.897141
0.926259
0.968139
1.01574
1.07195
3.00001
3.00001
3
3
2.99999
2.99994
2.99988
2.99963
2.99928
2.9979
2.99586
2.98828
2.97541
2.93476
2.84197
2.63351
2.10149
1.34268
0.984086
0.927165
0.936758
0.959273
0.994035
1.03652
1.08584
3.00001
3.00001
3
3
2.99999
2.99997
2.9999
2.9998
2.99941
2.99881
2.99673
2.9929
2.9815
2.95497
2.89029
2.71467
2.36851
1.62241
1.1173
0.972969
0.971456
0.990508
1.02081
1.05987
1.1035
3.00001
3.00001
3.00001
3
3
2.99997
2.99994
2.99982
2.99963
2.99893
2.99785
2.99394
2.98747
2.9661
2.92491
2.80855
2.56052
1.95965
1.30715
1.04449
1.00973
1.01949
1.0447
1.0813
1.12132
3.00001
3.00001
3.00001
3
3
2.99999
2.99995
2.9999
2.9997
2.99941
2.99831
2.99657
2.9907
2.97943
2.94753
2.86927
2.69984
2.23952
1.5336
1.14434
1.05471
1.05272
1.07018
1.10157
1.14047
3.00001
3.00001
3.00001
3
3
2.99999
2.99998
2.99992
2.99983
2.99951
2.99902
2.9972
2.99436
2.98466
2.96616
2.91423
2.78573
2.51914
1.88565
1.31775
1.11426
1.08849
1.09696
1.12132
1.15668
3.00001
3.00001
3.00001
3.00001
3
3
2.99999
2.99995
2.99989
2.99967
2.99935
2.99809
2.99625
2.98942
2.97806
2.94192
2.86131
2.67938
2.21052
1.52997
1.19918
1.13235
1.13014
1.14594
1.17293
3.00001
3.00001
3.00001
3.00001
3
3
2.99999
2.99997
2.99991
2.99982
2.99948
2.99897
2.99707
2.99407
2.98388
2.96476
2.91022
2.77987
2.49697
1.89086
1.35658
1.18253
1.16407
1.17242
1.19482
3.00001
3.00001
3.00001
3.00001
3.00001
3
3
2.99998
2.99996
2.99986
2.99971
2.99917
2.99835
2.99534
2.9905
2.97417
2.94408
2.85616
2.67506
2.20495
1.58953
1.27228
1.20321
1.20048
1.21507
3.00001
3.00001
3.00001
3.00001
3.00001
3.00001
3
2.99999
2.99997
2.99993
2.99978
2.99956
2.99874
2.99751
2.99298
2.98575
2.96173
2.91496
2.79287
2.50784
1.92763
1.42434
1.25441
1.23181
1.23789
3.00001
3.00001
3.00001
3.00001
3.00001
3.00001
3
3
2.99998
2.99996
2.99986
2.99972
2.99919
2.99842
2.99548
2.99105
2.97524
2.94794
2.86579
2.69667
2.27437
1.65893
1.34978
1.27334
1.26645
3.00001
3.00001
3.00001
3.00001
3.00001
3.00001
3.00001
3
2.99999
2.99997
2.99993
2.9998
2.9996
2.99885
2.99772
2.99361
2.98705
2.96534
2.924
2.813
2.56579
2.0272
1.51248
1.32774
1.29941
3.00001
3.00001
3.00001
3.00001
3.00001
3.00001
3.00001
3
3
2.99998
2.99996
2.99988
2.99975
2.99928
2.9986
2.99599
2.99209
2.97816
2.95427
2.88325
2.73158
2.37009
1.76651
1.42709
1.33702
3.00001
3.00001
3.00001
3.00001
3.00001
3.00001
3.00001
3.00001
3
3
2.99997
2.99994
2.99983
2.99965
2.99901
2.99801
2.99451
2.98874
2.9702
2.93522
2.83716
2.63627
2.13683
1.62048
1.40215
3.00001
3.00001
3.00001
3.00001
3.00001
3.00001
3.00001
3.00001
3
3
2.99999
2.99996
2.99992
2.99975
2.9995
2.99858
2.99721
2.99229
2.9841
2.95866
2.90357
2.7771
2.45375
1.8923
1.51186
3.00001
3.00001
3.00001
3.00001
3.00001
3.00001
3.00001
3.00001
3.00001
3
3
2.99998
2.99995
2.99985
2.9997
2.99914
2.99833
2.99527
2.99066
2.9744
2.94687
2.86261
2.69913
2.26987
1.7365
3.00001
3.00001
3.00001
3.00001
3.00001
3.00001
3.00001
3.00001
3.00001
3
3
2.99999
2.99998
2.99992
2.99983
2.99952
2.99906
2.99732
2.99477
2.98544
2.97047
2.92382
2.82631
2.60123
2.11396
3.00001
3.00001
3.00001
3.00001
3.00001
3.00001
3.00001
3.00001
3.00001
3.00001
3
3
2.99999
2.99997
2.99989
2.99977
2.99936
2.99873
2.99646
2.99288
2.98096
2.95915
2.89856
2.76617
2.45124
3.00001
3.00001
3.00001
3.00001
3.00001
3.00001
3.00001
3.00001
3.00001
3.00001
3.00001
3
3
2.99998
2.99994
2.99988
2.99964
2.99929
2.99798
2.99607
2.98907
2.97802
2.94232
2.87308
2.69828
3.00001
3.00001
3.00001
3.00001
3.00001
3.00001
3.00001
3.00001
3.00001
3.00001
3.00001
3
3
2.99999
2.99998
2.99992
2.99984
2.99954
2.99909
2.99748
2.99498
2.98639
2.97177
2.92821
2.83529
3.00001
3.00001
3.00001
3.00001
3.00001
3.00001
3.00001
3.00001
3.00001
3.00001
3.00001
3.00001
3
3
2.99999
2.99997
2.9999
2.99979
2.9994
2.99881
2.99669
2.99339
2.98224
2.96274
2.90579
3.00001
3.00001
3.00001
3.00001
3.00001
3.00001
3.00001
3.00001
3.00001
3.00001
3.00001
3.00001
3.00001
3
3
2.99999
2.99995
2.99989
2.99967
2.99936
2.99818
2.99646
2.99019
2.98038
2.9485
3.00001
3.00001
3.00001
3.00001
3.00001
3.00001
3.00001
3.00001
3.00001
3.00001
3.00001
3.00001
3.00001
3.00001
3
2.99999
2.99998
2.99993
2.99986
2.9996
2.99921
2.99783
2.99565
2.98844
2.97575
3.00001
3.00001
3.00001
3.00001
3.00001
3.00001
3.00001
3.00001
3.00001
3.00001
3.00001
3.00001
3.00001
3.00001
3
3
2.99999
2.99997
2.99991
2.99982
2.9995
2.99901
2.99731
2.99458
2.98567
3.00001
3.00001
3.00001
3.00001
3.00001
3.00001
3.00001
3.00001
3.00001
3.00001
3.00001
3.00001
3.00001
3.00001
3.00001
3
3
2.99999
2.99997
2.99989
2.99978
2.99939
2.99878
2.99667
2.99331
3.00001
3.00001
3.00001
3.00001
3.00001
3.00001
3.00001
3.00001
3.00001
3.00001
3.00001
3.00001
3.00001
3.00001
3.00001
3.00001
3
3
2.99999
2.99995
2.99989
2.99968
2.99937
2.99824
2.99658
3.00001
3.00001
3.00001
3.00001
3.00001
3.00001
3.00001
3.00001
3.00001
3.00001
3.00001
3.00001
3.00001
3.00001
3.00001
3.00001
3.00001
3
2.99999
2.99998
2.99994
2.99987
2.99963
2.99926
2.99798
3.00001
3.00001
3.00001
3.00001
3.00001
3.00001
3.00001
3.00001
3.00001
3.00001
3.00001
3.00001
3.00001
3.00001
3.00001
3.00001
3.00001
3.00001
3
2.99999
2.99997
2.99994
2.99981
2.99962
2.99895
3.00001
3.00001
3.00001
3.00001
3.00001
3.00001
3.00001
3.00001
3.00001
3.00001
3.00001
3.00001
3.00001
3.00001
3.00001
3.00001
3.00001
3.00001
3
3
2.99999
2.99997
2.99991
2.99981
2.99947
3.00001
3.00001
3.00001
3.00001
3.00001
3.00001
3.00001
3.00001
3.00001
3.00001
3.00001
3.00001
3.00001
3.00001
3.00001
3.00001
3.00001
3.00001
3.00001
3
3
2.99998
2.99996
2.99988
2.99976
3.00001
3.00001
3.00001
3.00001
3.00001
3.00001
3.00001
3.00001
3.00001
3.00001
3.00001
3.00001
3.00001
3.00001
3.00001
3.00001
3.00001
3.00001
3.00001
3
3
2.99999
2.99997
2.99993
2.9998
1.10612
1.29761
1.35373
1.3169
1.23982
1.15439
1.07509
1.03493
1.0284
1.03154
1.03403
1.03453
1.03342
1.03114
1.02912
1.02831
1.02983
1.03163
1.03382
1.03668
1.03991
1.0433
1.04686
1.05092
1.05528
1.06007
1.06503
1.07027
1.07568
1.08133
1.08721
1.09332
1.09955
1.1061
1.11244
1.11914
1.12491
1.12947
1.13267
1.13413
1.13205
1.12086
1.08962
1.01478
0.848193
0.518196
0.169837
0.0526669
0.0571807
0.133614
0.195518
0.25135
0.306192
0.358369
0.405242
0.445744
0.485538
0.525707
0.562911
0.596568
0.62767
0.656622
0.684173
0.710336
0.735606
0.759711
0.783241
0.805678
0.827852
0.848992
0.870084
0.89013
0.910321
0.92945
0.948876
0.967189
0.985896
1.00348
1.02149
1.03837
1.05571
1.07193
1.08868
1.10429
1.12049
1.13554
1.15118
1.16572
1.18104
1.19529
1.21037
1.22434
1.23919
1.25286
1.26745
1.28068
1.29463
1.30639
1.31725
1.32321
1.14605
1.26263
1.32751
1.36698
1.4064
1.43878
1.45008
1.44695
1.43316
1.41156
1.39479
1.38891
1.39028
1.39227
1.39424
1.39536
1.39605
1.39666
1.39733
1.39829
1.39974
1.40185
1.40464
1.40776
1.41071
1.41378
1.41684
1.42016
1.42361
1.42725
1.43115
1.43506
1.43934
1.44362
1.44804
1.45271
1.45695
1.45998
1.46227
1.46303
1.46125
1.45257
1.42813
1.36798
1.23219
0.958114
0.597769
0.445748
0.501545
0.572831
0.633498
0.682291
0.718625
0.749902
0.779242
0.805919
0.830547
0.855729
0.881846
0.906622
0.929733
0.951504
0.972462
0.992536
1.01215
1.0312
1.05006
1.06853
1.08694
1.10491
1.12292
1.14037
1.15805
1.17508
1.1925
1.20914
1.22626
1.24256
1.25938
1.27532
1.2918
1.30745
1.32365
1.33899
1.3548
1.3697
1.38506
1.39947
1.41426
1.42805
1.44224
1.45546
1.46912
1.48184
1.49498
1.50713
1.51948
1.53012
1.53967
1.54404
1.14361
1.25096
1.34635
1.43824
1.52352
1.59069
1.62471
1.62821
1.62401
1.6103
1.59252
1.57704
1.56968
1.56699
1.56805
1.56909
1.57046
1.57179
1.57289
1.57393
1.57503
1.57644
1.57813
1.58016
1.58232
1.58478
1.58725
1.58995
1.59272
1.59559
1.59864
1.6018
1.60503
1.60865
1.61207
1.61575
1.61917
1.62102
1.62224
1.62239
1.61956
1.61033
1.58675
1.53503
1.42948
1.25003
1.00805
0.831992
0.835211
0.875177
0.914102
0.946152
0.969751
0.986741
1.00114
1.0142
1.02697
1.04074
1.05619
1.07238
1.08881
1.10515
1.12162
1.13776
1.15396
1.16966
1.18562
1.20107
1.21705
1.23232
1.24833
1.2634
1.2794
1.29434
1.31032
1.32518
1.34113
1.35597
1.37189
1.38672
1.40264
1.41734
1.43309
1.44754
1.46301
1.47711
1.49219
1.50583
1.52045
1.53361
1.54777
1.56046
1.57421
1.58646
1.59981
1.61153
1.6243
1.6347
1.64507
1.64968
1.14942
1.25823
1.35742
1.4486
1.52981
1.59743
1.65116
1.68948
1.71167
1.7175
1.71665
1.71016
1.70078
1.69046
1.68561
1.68365
1.68481
1.68619
1.68816
1.69033
1.69198
1.69338
1.69476
1.69631
1.69824
1.70032
1.70285
1.70523
1.70797
1.71059
1.71329
1.71621
1.71909
1.72213
1.72537
1.72822
1.73046
1.73135
1.73151
1.72995
1.72339
1.70746
1.6702
1.59423
1.46558
1.33081
1.23102
1.12254
1.05196
1.02813
1.03911
1.05726
1.07633
1.09456
1.10905
1.12065
1.13204
1.14312
1.15516
1.16726
1.18039
1.19366
1.2081
1.22214
1.23703
1.25114
1.26609
1.28016
1.29529
1.30921
1.3243
1.33807
1.3532
1.367
1.38228
1.39621
1.41157
1.42546
1.44071
1.45445
1.46965
1.48331
1.49843
1.51191
1.52686
1.54007
1.55477
1.56765
1.58208
1.59459
1.60869
1.62079
1.6346
1.64632
1.65987
1.67118
1.68433
1.69466
1.70574
1.71073
1.14877
1.25549
1.35162
1.43903
1.51937
1.5906
1.65441
1.70801
1.75078
1.77886
1.79145
1.79239
1.79111
1.78532
1.77819
1.77058
1.76663
1.76419
1.76481
1.76564
1.76692
1.7686
1.77044
1.77217
1.77377
1.77559
1.7774
1.77954
1.78175
1.78409
1.78674
1.78925
1.79199
1.79482
1.79732
1.79943
1.80026
1.80032
1.79888
1.79358
1.77919
1.74801
1.67776
1.55982
1.43524
1.36949
1.34121
1.30499
1.25792
1.21096
1.17399
1.15627
1.1534
1.16207
1.17148
1.18357
1.19797
1.20986
1.22201
1.23323
1.24548
1.25685
1.2694
1.28134
1.29488
1.30772
1.32211
1.33536
1.34992
1.36308
1.37767
1.39075
1.40533
1.41828
1.43278
1.44571
1.46028
1.47328
1.48791
1.50088
1.51548
1.52833
1.54282
1.55548
1.56982
1.58227
1.59648
1.6087
1.62277
1.63474
1.64864
1.66034
1.67407
1.68553
1.69912
1.7103
1.72362
1.734
1.74559
1.75082
1.14152
1.24346
1.33775
1.42314
1.50197
1.57368
1.63816
1.69499
1.74381
1.78393
1.81577
1.83623
1.84603
1.84732
1.84659
1.8423
1.83706
1.83051
1.82722
1.82512
1.8259
1.82679
1.82823
1.83034
1.83282
1.83492
1.83701
1.83893
1.84083
1.84316
1.84545
1.8482
1.85105
1.85358
1.85585
1.85675
1.85667
1.85533
1.85051
1.83717
1.80827
1.74419
1.62557
1.49326
1.42129
1.40271
1.40526
1.40373
1.39331
1.37375
1.34465
1.30663
1.26834
1.24104
1.22886
1.23096
1.23923
1.25003
1.26482
1.27869
1.29252
1.30485
1.31732
1.32803
1.34007
1.35131
1.36456
1.37713
1.39146
1.40446
1.41893
1.43166
1.44572
1.45807
1.47196
1.4842
1.49804
1.5102
1.524
1.53608
1.54986
1.5619
1.57571
1.58769
1.6015
1.61331
1.62709
1.63875
1.65253
1.66406
1.67786
1.68927
1.70308
1.71442
1.72822
1.73942
1.75309
1.76365
1.77574
1.78154
1.13762
1.231
1.3194
1.40153
1.47775
1.54836
1.6135
1.67244
1.72594
1.77268
1.81295
1.84554
1.87012
1.88527
1.89176
1.89228
1.89162
1.88815
1.88432
1.87937
1.87709
1.87541
1.87615
1.87699
1.87837
1.88047
1.88285
1.88502
1.88735
1.88929
1.89143
1.8936
1.89563
1.8976
1.89843
1.89819
1.89696
1.89243
1.88009
1.85284
1.79369
1.67543
1.53559
1.44869
1.42665
1.43394
1.44661
1.4573
1.46723
1.46986
1.46474
1.44769
1.41949
1.37969
1.33784
1.30476
1.28777
1.28603
1.29391
1.30524
1.32187
1.33829
1.3537
1.36672
1.379
1.38906
1.4
1.41062
1.42386
1.43616
1.45014
1.46253
1.47641
1.48855
1.50213
1.5139
1.52719
1.53871
1.55196
1.56348
1.5768
1.58831
1.60169
1.61322
1.62676
1.6383
1.65194
1.66337
1.67706
1.68843
1.70219
1.7135
1.72731
1.73855
1.75237
1.76349
1.77721
1.78779
1.79997
1.80607
1.13474
1.2209
1.30391
1.38233
1.45592
1.52454
1.58846
1.64745
1.70164
1.75071
1.79438
1.83244
1.86473
1.89061
1.90979
1.92143
1.92677
1.92732
1.92686
1.92409
1.92091
1.91656
1.91452
1.91291
1.9136
1.91449
1.91607
1.91862
1.92157
1.92437
1.9271
1.92939
1.93115
1.93184
1.93157
1.93034
1.92602
1.91479
1.88885
1.8333
1.71823
1.57208
1.47296
1.44555
1.44926
1.46097
1.47676
1.49487
1.51437
1.52847
1.53519
1.53663
1.53091
1.51372
1.48554
1.44513
1.39978
1.36178
1.33978
1.33558
1.34342
1.35532
1.37384
1.39285
1.41093
1.42504
1.43686
1.44629
1.4563
1.46619
1.47841
1.48991
1.50326
1.51522
1.52864
1.54045
1.55373
1.56532
1.57841
1.58978
1.60282
1.61419
1.62736
1.63877
1.6521
1.6636
1.67717
1.68871
1.70238
1.71382
1.72759
1.73895
1.75286
1.76412
1.77808
1.78917
1.80298
1.81347
1.8258
1.83174
1.13323
1.21124
1.28849
1.36265
1.43306
1.4994
1.56172
1.61992
1.67397
1.72389
1.76961
1.81097
1.84786
1.87988
1.90692
1.92844
1.94372
1.95281
1.95693
1.95733
1.95701
1.95541
1.9523
1.95019
1.9483
1.9484
1.94875
1.94962
1.95117
1.95354
1.95598
1.95854
1.95951
1.95932
1.95848
1.95423
1.94425
1.91888
1.86707
1.75541
1.60229
1.49033
1.45635
1.45608
1.46869
1.48472
1.50431
1.52486
1.54641
1.56447
1.57994
1.59046
1.59616
1.59716
1.59111
1.57392
1.54457
1.50338
1.45519
1.41227
1.38638
1.38031
1.38844
1.40103
1.42077
1.44078
1.4603
1.47532
1.48784
1.49738
1.5074
1.51682
1.52837
1.53935
1.55218
1.56381
1.57702
1.58885
1.60222
1.61395
1.6272
1.63876
1.65211
1.66374
1.67719
1.68871
1.70224
1.71374
1.72745
1.73888
1.75266
1.76396
1.77784
1.78904
1.803
1.814
1.8278
1.83819
1.85052
1.85645
1.13702
1.20685
1.27758
1.3469
1.41374
1.47724
1.53748
1.59425
1.64767
1.6975
1.74388
1.78661
1.82567
1.86091
1.89206
1.9189
1.94129
1.95918
1.97179
1.97932
1.98281
1.98326
1.98302
1.98175
1.97909
1.9772
1.97534
1.97544
1.97604
1.97712
1.97882
1.9807
1.98091
1.98029
1.97716
1.96712
1.94539
1.89519
1.79228
1.632
1.50781
1.46636
1.46228
1.47453
1.49022
1.50801
1.52919
1.55098
1.57314
1.59249
1.61082
1.62524
1.63791
1.64763
1.65259
1.65336
1.64725
1.62948
1.60011
1.55838
1.50884
1.46292
1.43349
1.42599
1.43439
1.44698
1.46724
1.48853
1.50883
1.52434
1.53801
1.54829
1.55891
1.56825
1.5795
1.59006
1.60258
1.61405
1.62721
1.63911
1.65268
1.66459
1.67809
1.68984
1.70341
1.71502
1.72853
1.73988
1.75342
1.76468
1.77833
1.78946
1.80319
1.81425
1.82813
1.83905
1.85284
1.86317
1.87552
1.88144
1.14331
1.2053
1.26967
1.33367
1.39629
1.45675
1.51453
1.56938
1.62147
1.67058
1.71694
1.76013
1.80052
1.83753
1.87163
1.90206
1.92928
1.95232
1.97171
1.98684
1.99768
2.0039
2.00708
2.0076
2.00754
2.0068
2.00522
2.00415
2.00293
2.0027
2.00292
2.00274
2.00182
1.9986
1.98933
1.96875
1.92068
1.82439
1.65934
1.52178
1.47199
1.46664
1.47867
1.49269
1.51052
1.53086
1.55367
1.57521
1.59614
1.61494
1.63393
1.65007
1.66671
1.68056
1.69292
1.70247
1.70649
1.70681
1.70093
1.68369
1.6552
1.61509
1.5653
1.51718
1.48452
1.47333
1.48217
1.49473
1.51458
1.53662
1.5575
1.57341
1.58771
1.59863
1.6099
1.61956
1.63076
1.64108
1.65336
1.66462
1.67772
1.68954
1.70309
1.71489
1.72846
1.7401
1.75368
1.76497
1.7784
1.78943
1.80293
1.81385
1.82742
1.83822
1.85189
1.86263
1.87627
1.88655
1.89885
1.90491
1.15347
1.20839
1.26597
1.32467
1.38281
1.43942
1.49452
1.5473
1.59772
1.64566
1.69117
1.73427
1.77483
1.81292
1.84833
1.881
1.91087
1.93754
1.96121
1.98108
1.99775
2.01054
2.01984
2.02521
2.02816
2.02872
2.02873
2.02825
2.02672
2.02503
2.02321
2.0212
2.01651
2.00723
1.98528
1.94146
1.84516
1.6876
1.5389
1.47911
1.47063
1.48072
1.49486
1.51152
1.53268
1.55442
1.57661
1.5971
1.61769
1.63617
1.65414
1.67042
1.68856
1.70459
1.72159
1.7352
1.74683
1.75571
1.75975
1.76073
1.75629
1.74152
1.71473
1.67645
1.62718
1.57616
1.53788
1.52326
1.53209
1.54425
1.56318
1.58541
1.60679
1.62302
1.63777
1.64929
1.66125
1.67111
1.68242
1.69242
1.70433
1.71496
1.72777
1.73908
1.7524
1.76366
1.77709
1.78823
1.80164
1.81242
1.82566
1.83625
1.84948
1.85998
1.87323
1.88369
1.89693
1.90713
1.91917
1.92531
1.16527
1.21362
1.2652
1.31802
1.37182
1.42489
1.47663
1.52706
1.57583
1.62255
1.66726
1.70975
1.75022
1.78838
1.82447
1.85818
1.88961
1.91855
1.94489
1.96846
1.98912
2.00664
2.02103
2.0321
2.04001
2.04482
2.04713
2.04739
2.04717
2.04602
2.0429
2.03728
2.02734
2.00576
1.96286
1.87237
1.71622
1.55705
1.48514
1.47302
1.48226
1.49468
1.51199
1.5322
1.55445
1.57554
1.59732
1.61746
1.63707
1.65428
1.67201
1.68929
1.70785
1.72495
1.74348
1.75922
1.77576
1.78927
1.80151
1.81146
1.81714
1.81961
1.81666
1.80368
1.77851
1.74152
1.69285
1.63902
1.59415
1.57573
1.58443
1.59589
1.61344
1.63521
1.65694
1.67322
1.68826
1.70015
1.71259
1.72264
1.73404
1.74355
1.75505
1.76501
1.77741
1.78794
1.8008
1.81133
1.82432
1.83485
1.84774
1.85804
1.87077
1.88094
1.89363
1.90372
1.91636
1.92615
1.93776
1.94366
1.17985
1.22255
1.26785
1.31598
1.36466
1.41391
1.46274
1.51022
1.55652
1.60166
1.64498
1.68676
1.72657
1.76475
1.80071
1.83509
1.86704
1.89734
1.92511
1.95103
1.97425
1.99536
2.01348
2.0292
2.04182
2.05146
2.05844
2.06125
2.06123
2.06008
2.05599
2.04691
2.02665
1.98585
1.90196
1.74864
1.58292
1.49535
1.47723
1.48424
1.49645
1.51212
1.5325
1.55356
1.5753
1.59615
1.6174
1.63665
1.65586
1.67341
1.69192
1.70952
1.72828
1.74634
1.76554
1.78263
1.80104
1.81669
1.83342
1.84754
1.86084
1.87118
1.87801
1.88042
1.87832
1.86657
1.8426
1.80714
1.75924
1.70314
1.65234
1.62845
1.63649
1.64701
1.6627
1.68396
1.70592
1.72225
1.73753
1.74979
1.76272
1.77316
1.7846
1.79388
1.80496
1.81453
1.82635
1.83624
1.84836
1.85838
1.87077
1.88088
1.89326
1.9032
1.91547
1.92526
1.93741
1.94678
1.95799
1.96325
1.19362
1.23216
1.27437
1.31703
1.36208
1.40733
1.45261
1.49793
1.54174
1.58451
1.62644
1.66665
1.70559
1.74298
1.77865
1.81293
1.84517
1.87617
1.90463
1.93224
1.95665
1.98054
2.00073
2.02032
2.03591
2.05035
2.06084
2.06753
2.06769
2.06582
2.05945
2.0422
2.00616
1.93037
1.78356
1.61395
1.51061
1.48395
1.48773
1.49892
1.51504
1.53388
1.55526
1.57582
1.59716
1.61753
1.63847
1.65777
1.67712
1.69482
1.71357
1.73136
1.7507
1.76922
1.7885
1.80643
1.82528
1.84177
1.85959
1.87485
1.89098
1.90492
1.91806
1.92803
1.93494
1.93703
1.93532
1.92507
1.90246
1.8687
1.82221
1.76499
1.70865
1.67856
1.68466
1.69469
1.70925
1.72942
1.75097
1.76766
1.78336
1.79602
1.80934
1.82005
1.83169
1.84094
1.85197
1.8614
1.87276
1.8822
1.89388
1.90367
1.91582
1.92566
1.93777
1.94745
1.95944
1.96864
1.97975
1.98451
1.20766
1.24282
1.28069
1.32133
1.36211
1.40443
1.44685
1.48868
1.53115
1.57171
1.6114
1.65052
1.68783
1.72423
1.75918
1.79274
1.82478
1.85593
1.88453
1.91323
1.93828
1.96399
1.98561
2.00764
2.02572
2.0429
2.05665
2.06461
2.06424
2.0605
2.04835
2.01739
1.95132
1.81553
1.64617
1.53042
1.49406
1.49278
1.50481
1.52119
1.54073
1.56049
1.5814
1.60128
1.62257
1.64274
1.66328
1.68177
1.70053
1.71818
1.73697
1.75487
1.77427
1.79242
1.81155
1.82937
1.8475
1.86396
1.88141
1.89676
1.91372
1.92871
1.94438
1.95823
1.97111
1.98089
1.98793
1.99029
1.98903
1.98101
1.96077
1.92886
1.88404
1.82713
1.7651
1.72873
1.7308
1.74096
1.7542
1.77304
1.79353
1.81043
1.82649
1.83941
1.85284
1.86376
1.87568
1.8851
1.89642
1.90577
1.91692
1.92617
1.93776
1.94741
1.95944
1.96902
1.98104
1.99021
2.00147
2.00624
1.22592
1.25803
1.29068
1.327
1.3656
1.40412
1.44402
1.48388
1.52287
1.56269
1.60068
1.63736
1.67465
1.7086
1.74336
1.77582
1.80697
1.83817
1.86603
1.89526
1.92052
1.94672
1.96987
1.99214
2.01307
2.0304
2.04627
2.0514
2.04943
2.04097
2.01648
1.96096
1.83985
1.67109
1.54745
1.50294
1.49944
1.51212
1.52965
1.54852
1.57012
1.59044
1.61132
1.63103
1.6514
1.67004
1.68909
1.70666
1.72522
1.74256
1.76082
1.77824
1.7968
1.81422
1.83286
1.84988
1.86752
1.88381
1.90077
1.91634
1.9335
1.94869
1.96566
1.98062
1.99609
2.00983
2.02254
2.03258
2.04036
2.04323
2.04308
2.03755
2.02071
1.99088
1.94807
1.89233
1.82444
1.78197
1.7776
1.78782
1.79974
1.8165
1.83577
1.85276
1.86939
1.88212
1.89571
1.9067
1.9188
1.92853
1.94013
1.94929
1.96037
1.96946
1.98098
1.99033
2.0022
2.01124
2.0224
2.02733
1.24059
1.27351
1.30475
1.33599
1.37044
1.4068
1.4433
1.4807
1.51844
1.5547
1.5928
1.62728
1.66272
1.69714
1.72893
1.76255
1.79173
1.8229
1.85073
1.87864
1.90558
1.93008
1.95548
1.97705
1.99931
2.01716
2.02983
2.03052
2.02463
2.00548
1.95975
1.84964
1.6895
1.55764
1.50805
1.50259
1.51657
1.53414
1.55537
1.57854
1.60169
1.62238
1.64294
1.66136
1.68013
1.69738
1.71559
1.7326
1.75039
1.76669
1.78424
1.80084
1.81876
1.83587
1.85398
1.87053
1.88809
1.90413
1.92104
1.93701
1.95397
1.96963
1.98691
2.00207
2.01886
2.03355
2.04875
2.06232
2.075
2.08564
2.09396
2.09793
2.09872
2.09486
2.08088
2.0533
2.01297
1.9587
1.88657
1.83849
1.82605
1.8361
1.84688
1.86069
1.87945
1.89618
1.91305
1.92569
1.93961
1.95024
1.96253
1.9725
1.98421
1.99318
2.0043
2.01324
2.02465
2.03344
2.04433
2.04911
1.25808
1.28822
1.31875
1.34919
1.37865
1.41142
1.44568
1.48019
1.51535
1.55027
1.58509
1.62022
1.65279
1.68651
1.71802
1.7489
1.77991
1.80797
1.83753
1.86373
1.89096
1.9159
1.94008
1.96366
1.98361
2.00106
2.00552
2.00105
1.9849
1.94741
1.84813
1.69873
1.55967
1.50396
1.49856
1.51369
1.53415
1.55691
1.58297
1.60665
1.63028
1.65112
1.67109
1.68876
1.70707
1.72423
1.74237
1.75876
1.77568
1.79137
1.80838
1.82457
1.84233
1.85899
1.87657
1.89294
1.91026
1.92612
1.9432
1.95894
1.97569
1.99138
2.00818
2.02341
2.04036
2.05499
2.0713
2.08542
2.10029
2.11353
2.12617
2.13718
2.14571
2.15079
2.15209
2.14961
2.13861
2.11386
2.07698
2.02388
1.95076
1.89701
1.87534
1.88424
1.8938
1.90597
1.92391
1.93953
1.95641
1.96945
1.98329
1.99346
2.00616
2.01625
2.0282
2.03716
2.04845
2.05695
2.06757
2.07222
1.27625
1.29881
1.33017
1.36044
1.39056
1.41984
1.4505
1.48258
1.51547
1.54763
1.58093
1.61326
1.64602
1.67714
1.70866
1.73857
1.76803
1.7972
1.82421
1.85222
1.87733
1.90335
1.92671
1.94931
1.96876
1.97716
1.97366
1.96167
1.92918
1.84425
1.6981
1.55209
1.4907
1.48681
1.50452
1.52652
1.5522
1.57938
1.60618
1.62992
1.65234
1.67234
1.69301
1.71261
1.73297
1.7512
1.76917
1.785
1.80164
1.81718
1.83414
1.85033
1.86773
1.88392
1.90125
1.9173
1.93421
1.94978
1.96633
1.98132
1.99764
2.01267
2.02901
2.04418
2.06079
2.07548
2.09208
2.10607
2.12188
2.13539
2.1499
2.16279
2.17553
2.18677
2.19584
2.20234
2.20425
2.20302
2.19521
2.17452
2.14087
2.08886
2.01845
1.95692
1.92638
1.9311
1.94077
1.95138
1.96813
1.98233
1.99931
2.01263
2.02605
2.03624
2.04943
2.05932
2.07161
2.08027
2.091
2.09568
1.30143
1.31669
1.34184
1.37172
1.40079
1.42976
1.4584
1.48722
1.51766
1.54795
1.57821
1.60936
1.63931
1.67006
1.69944
1.72894
1.75764
1.78544
1.81331
1.83921
1.86583
1.8898
1.91382
1.93407
1.94607
1.94515
1.93454
1.90454
1.83407
1.68916
1.5382
1.47108
1.46783
1.48603
1.51044
1.53827
1.5699
1.59874
1.6256
1.64871
1.67107
1.69186
1.71376
1.73447
1.75562
1.77439
1.79306
1.80965
1.82694
1.84298
1.86024
1.87627
1.89334
1.90928
1.92625
1.94181
1.95827
1.9732
1.98892
2.00332
2.01902
2.03342
2.04953
2.06434
2.08068
2.09546
2.11185
2.12588
2.14204
2.15537
2.17081
2.18394
2.19836
2.21127
2.22432
2.23587
2.24583
2.25355
2.25609
2.256
2.251
2.23452
2.20378
2.15435
2.08962
2.01896
1.98064
1.97753
1.98805
1.99768
2.0117
2.02555
2.04246
2.05481
2.06865
2.079
2.09208
2.10138
2.11308
2.11794
1.32709
1.33514
1.35475
1.38292
1.41087
1.43887
1.46665
1.49442
1.52226
1.55066
1.57878
1.60732
1.63644
1.66457
1.69341
1.72111
1.74892
1.77617
1.80253
1.82904
1.85355
1.87815
1.89904
1.914
1.91469
1.90501
1.87737
1.81666
1.67748
1.52036
1.44701
1.44251
1.46199
1.48737
1.51872
1.55288
1.58545
1.61409
1.64035
1.66358
1.68687
1.70897
1.73196
1.75326
1.77471
1.79402
1.81373
1.83153
1.84998
1.86665
1.88408
1.90015
1.91746
1.93357
1.95063
1.96621
1.98244
1.99702
2.01247
2.0266
2.04193
2.05609
2.07185
2.08614
2.10222
2.1166
2.13263
2.14672
2.16266
2.17605
2.19188
2.20481
2.22018
2.23314
2.24766
2.26056
2.27377
2.28543
2.29609
2.30422
2.30808
2.30895
2.30576
2.29251
2.26615
2.22161
2.16183
2.08443
2.03792
2.02564
2.03536
2.04338
2.05558
2.0697
2.08543
2.09673
2.11137
2.12103
2.13321
2.13842
1.36459
1.3616
1.37371
1.39469
1.42132
1.44788
1.47423
1.50036
1.52721
1.55393
1.58128
1.60788
1.63484
1.66228
1.689
1.71602
1.74246
1.76856
1.79453
1.8192
1.84387
1.86519
1.88182
1.88396
1.87504
1.84979
1.79302
1.66189
1.50116
1.42077
1.41488
1.43463
1.46138
1.4944
1.53185
1.56604
1.59751
1.62506
1.65119
1.67567
1.7008
1.72473
1.7487
1.77025
1.79166
1.81122
1.83156
1.85035
1.86989
1.88766
1.9062
1.92321
1.94126
1.9577
1.97501
1.99053
2.00681
2.02142
2.03697
2.05092
2.06607
2.0798
2.095
2.10882
2.12443
2.13831
2.15412
2.16792
2.18355
2.19698
2.2125
2.22531
2.24081
2.25321
2.26834
2.28082
2.29512
2.30771
2.3208
2.33256
2.34365
2.35217
2.35786
2.35928
2.35733
2.34859
2.32401
2.28832
2.23185
2.15294
2.09725
2.07554
2.08027
2.08838
2.0994
2.11173
2.12672
2.13757
2.15114
2.15648
1.40272
1.38822
1.39339
1.40963
1.43313
1.45826
1.4829
1.50722
1.53214
1.55761
1.5833
1.60963
1.63518
1.66107
1.68707
1.71264
1.7382
1.76337
1.78782
1.81199
1.83334
1.85086
1.85407
1.84534
1.82167
1.76688
1.64754
1.48101
1.39338
1.38522
1.40544
1.43257
1.46819
1.50737
1.5439
1.57628
1.60608
1.63333
1.66037
1.68628
1.71248
1.73699
1.76138
1.78399
1.80685
1.82781
1.84898
1.86819
1.88807
1.90642
1.92572
1.94351
1.96207
1.979
1.99681
2.01285
2.02965
2.04454
2.06018
2.07403
2.08905
2.10252
2.11762
2.13121
2.14659
2.16024
2.17577
2.18922
2.20464
2.21784
2.23296
2.24578
2.26081
2.27309
2.28828
2.3002
2.31533
2.32738
2.34186
2.35415
2.36737
2.3792
2.39033
2.39949
2.40634
2.40832
2.40732
2.40135
2.38347
2.35247
2.295
2.22606
2.15954
2.12697
2.12341
2.13259
2.1417
2.15123
2.16477
2.17045
1.48491
1.42585
1.41909
1.42646
1.44372
1.46794
1.49159
1.51481
1.53818
1.56236
1.58672
1.61159
1.63684
1.66163
1.68646
1.71128
1.73573
1.75986
1.78324
1.80454
1.82212
1.82593
1.81718
1.79428
1.74097
1.63047
1.45884
1.36362
1.35417
1.3746
1.40318
1.44044
1.48189
1.51938
1.55357
1.58413
1.61332
1.64093
1.66872
1.69539
1.72212
1.74732
1.77269
1.79646
1.82027
1.84203
1.86372
1.8834
1.90362
1.92243
1.94247
1.9611
1.98061
1.99839
2.01678
2.0333
2.05045
2.06567
2.08174
2.09607
2.11158
2.1255
2.14084
2.15449
2.16977
2.18321
2.19843
2.21162
2.22676
2.23962
2.25461
2.26721
2.28201
2.29439
2.30918
2.3212
2.33617
2.3478
2.36275
2.37427
2.38859
2.40025
2.41334
2.42473
2.43593
2.44539
2.45321
2.45592
2.45642
2.45303
2.43806
2.41211
2.36185
2.30251
2.22174
2.18059
2.16811
2.17304
2.18014
2.18457
1.65484
1.47959
1.45052
1.44894
1.45957
1.47722
1.50096
1.52369
1.54546
1.56802
1.59122
1.61481
1.63886
1.66298
1.68706
1.71076
1.73441
1.75722
1.77838
1.79579
1.8001
1.79121
1.76866
1.7173
1.61053
1.43285
1.33198
1.32211
1.3445
1.37398
1.41329
1.45524
1.49406
1.52872
1.56105
1.59094
1.62038
1.64861
1.67695
1.70389
1.73096
1.75672
1.78275
1.8072
1.83172
1.85435
1.87708
1.89791
1.919
1.93823
1.95822
1.9769
1.99688
2.01532
2.03462
2.0519
2.06993
2.08597
2.10295
2.11798
2.13413
2.14838
2.16395
2.17765
2.1929
2.20623
2.22129
2.23434
2.24924
2.262
2.27682
2.2893
2.30406
2.31627
2.33088
2.34278
2.35721
2.36869
2.38312
2.39414
2.40867
2.41946
2.43369
2.44463
2.45783
2.46883
2.48016
2.49008
2.49802
2.50256
2.50387
2.50143
2.49185
2.46989
2.42904
2.36926
2.28762
2.24072
2.20618
2.20991
1.91586
1.58685
1.48849
1.47396
1.47624
1.48948
1.5096
1.53278
1.55504
1.57589
1.59735
1.61935
1.64201
1.66491
1.68803
1.71098
1.73334
1.75411
1.77143
1.77611
1.76683
1.74427
1.69319
1.5866
1.40991
1.304
1.2928
1.31529
1.34592
1.38596
1.42873
1.46779
1.50397
1.53706
1.56877
1.59868
1.62829
1.65652
1.68478
1.71186
1.73936
1.76567
1.79236
1.8174
1.84254
1.86566
1.88881
1.90997
1.93155
1.95156
1.9724
1.99174
2.0121
2.03101
2.05088
2.06885
2.08761
2.10427
2.12192
2.13755
2.15432
2.16912
2.18524
2.19938
2.215
2.22859
2.24381
2.25691
2.27184
2.2846
2.29935
2.3118
2.32637
2.33838
2.35268
2.36418
2.37816
2.38927
2.40303
2.41396
2.42775
2.43855
2.45255
2.46317
2.47713
2.48759
2.5008
2.51111
2.52266
2.53221
2.54051
2.54673
2.54807
2.54654
2.54149
2.52255
2.48913
2.4275
2.35377
2.31401
2.31978
1.79026
1.56537
1.51222
1.50306
1.5072
1.52151
1.54302
1.56502
1.58613
1.60615
1.62616
1.6467
1.66806
1.68959
1.71107
1.7312
1.74841
1.75319
1.74344
1.72066
1.66939
1.56219
1.38546
1.27441
1.26249
1.28605
1.31762
1.35964
1.40232
1.44223
1.47869
1.51331
1.54567
1.57711
1.60685
1.63627
1.66445
1.69286
1.72031
1.74817
1.77485
1.8017
1.8269
1.85212
1.87545
1.899
1.92087
1.94333
1.96423
1.98586
2.00579
2.02646
2.04536
2.06541
2.08385
2.10343
2.12097
2.1395
2.15587
2.17338
2.18877
2.20544
2.22005
2.23609
2.25005
2.26558
2.27898
2.29409
2.30697
2.32171
2.33409
2.3485
2.36038
2.37446
2.38584
2.3996
2.41054
2.42404
2.4347
2.44804
2.45862
2.47193
2.48248
2.49586
2.50622
2.51964
2.52966
2.54267
2.55242
2.56419
2.57335
2.58253
2.58943
2.59159
2.59182
2.58712
2.57468
2.53687
2.51614
2.62115
2.16973
1.72951
1.56061
1.53154
1.52876
1.53641
1.55185
1.57376
1.59449
1.6151
1.63429
1.65389
1.67289
1.69261
1.71094
1.72724
1.73114
1.72069
1.69725
1.64518
1.536
1.35951
1.24382
1.23177
1.25635
1.28975
1.33326
1.37697
1.41706
1.45448
1.48934
1.52296
1.55473
1.58573
1.61526
1.64465
1.67304
1.70172
1.72938
1.75727
1.78384
1.81056
1.83577
1.86117
1.88498
1.90913
1.93166
1.95466
1.97602
1.998
2.01839
2.03961
2.05919
2.07971
2.09845
2.11841
2.13646
2.1556
2.17255
2.19069
2.20672
2.22407
2.23928
2.25586
2.27025
2.2861
2.29972
2.31497
2.32799
2.34281
2.35534
2.36983
2.38187
2.39599
2.40742
2.42112
2.4319
2.44519
2.45545
2.46847
2.47851
2.49141
2.50153
2.51439
2.5247
2.5375
2.5478
2.56053
2.57046
2.58298
2.5924
2.60416
2.61296
2.62277
2.6297
2.63361
2.6343
2.62975
2.63259
2.78916
2.49562
2.0061
1.67246
1.5686
1.55214
1.55245
1.56318
1.58021
1.60228
1.6229
1.64307
1.66125
1.68001
1.69626
1.71086
1.71268
1.70098
1.67602
1.62154
1.50798
1.33133
1.2127
1.20127
1.22742
1.26237
1.30812
1.35232
1.39342
1.43095
1.4666
1.50031
1.53323
1.56455
1.59534
1.62485
1.65428
1.68274
1.71138
1.73897
1.76674
1.79329
1.82003
1.84542
1.87103
1.89519
1.91961
1.9425
1.96577
1.9875
2.00981
2.03063
2.05218
2.07215
2.09292
2.11193
2.13189
2.15013
2.16967
2.18722
2.20598
2.22258
2.2405
2.25623
2.27332
2.2882
2.30452
2.31863
2.33428
2.34768
2.36276
2.37549
2.39002
2.40208
2.41609
2.42748
2.44101
2.45176
2.46491
2.47511
2.488
2.49784
2.51058
2.52033
2.53296
2.54283
2.55532
2.56535
2.57765
2.58768
2.59978
2.60954
2.62147
2.63071
2.64242
2.65073
2.66156
2.66788
2.67447
2.67749
2.88759
2.7343
2.39197
1.89232
1.65135
1.58643
1.57461
1.57672
1.58863
1.60727
1.62854
1.64888
1.66788
1.68431
1.69825
1.69906
1.68548
1.65882
1.60065
1.48183
1.30284
1.18261
1.17174
1.19903
1.23681
1.28466
1.32986
1.37106
1.40931
1.44487
1.47926
1.51218
1.54456
1.57559
1.60623
1.63562
1.66498
1.69326
1.72171
1.74906
1.77662
1.80295
1.82957
1.85487
1.88052
1.90473
1.92936
1.95244
1.97601
1.99801
2.0206
2.04161
2.06333
2.08346
2.10446
2.12381
2.14413
2.16262
2.18228
2.20016
2.21931
2.23632
2.25467
2.27086
2.28846
2.30384
2.32064
2.33517
2.35117
2.36486
2.38014
2.39305
2.40773
2.41998
2.43417
2.44582
2.45957
2.4706
2.48393
2.49432
2.50725
2.51708
2.52966
2.53915
2.55149
2.5609
2.57308
2.58262
2.59466
2.60434
2.61628
2.62593
2.63781
2.64727
2.6591
2.66815
2.67987
2.68803
2.69864
2.70313
2.93928
2.86424
2.67819
2.3101
1.83971
1.64766
1.60697
1.59922
1.60252
1.6149
1.63339
1.65359
1.67157
1.68514
1.68625
1.67207
1.64338
1.58089
1.45626
1.2728
1.15398
1.14507
1.17345
1.21335
1.26327
1.30879
1.35018
1.388
1.42389
1.45795
1.49146
1.52387
1.556
1.58689
1.61747
1.64675
1.67591
1.7039
1.73199
1.75895
1.78612
1.81214
1.83849
1.86362
1.88918
1.91341
1.9381
1.9613
1.98498
2.00708
2.02977
2.05089
2.07279
2.09314
2.11442
2.13408
2.15471
2.17354
2.1934
2.21135
2.23068
2.248
2.26666
2.28317
2.30113
2.31684
2.33399
2.34885
2.3652
2.37925
2.39486
2.40817
2.42317
2.43579
2.45025
2.46221
2.47619
2.48748
2.501
2.51161
2.52468
2.53466
2.54729
2.55677
2.56902
2.5782
2.59017
2.5993
2.61108
2.62029
2.63201
2.64125
2.65297
2.66215
2.67387
2.6829
2.6946
2.70319
2.71435
2.7198
2.96973
2.9248
2.83108
2.60173
2.17671
1.7884
1.64985
1.62306
1.62012
1.62564
1.63862
1.65571
1.67151
1.67349
1.65784
1.62699
1.55978
1.42699
1.23977
1.12579
1.11989
1.14804
1.18972
1.24118
1.28797
1.32929
1.36706
1.4023
1.43671
1.47009
1.50329
1.53546
1.56729
1.59789
1.62817
1.65717
1.68601
1.71367
1.74137
1.76797
1.7948
1.82058
1.8467
1.87168
1.89706
1.92116
1.94569
1.96879
1.9924
2.01455
2.03733
2.05868
2.08079
2.10143
2.1229
2.14276
2.16351
2.18255
2.20259
2.22076
2.24011
2.2576
2.2764
2.29302
2.31108
2.32688
2.34424
2.35932
2.37603
2.39046
2.40653
2.42029
2.43572
2.44876
2.46358
2.47591
2.49019
2.50187
2.51568
2.52672
2.54006
2.55044
2.56328
2.57299
2.58533
2.59448
2.60643
2.61522
2.62695
2.63564
2.6473
2.65605
2.66771
2.67651
2.6882
2.69695
2.70862
2.71703
2.72819
2.73363
2.98232
2.96277
2.90647
2.79452
2.50136
2.06094
1.75851
1.66088
1.64096
1.63938
1.64546
1.65549
1.66097
1.64523
1.6109
1.53727
1.39311
1.20342
1.09673
1.09428
1.12226
1.16479
1.2178
1.26513
1.30734
1.34512
1.38082
1.41508
1.44906
1.48214
1.51495
1.54666
1.57801
1.60817
1.63803
1.66669
1.69525
1.72268
1.75023
1.77668
1.80337
1.82893
1.85482
1.87951
1.90461
1.92841
1.95269
1.9756
1.9991
2.02119
2.04403
2.06542
2.08765
2.10835
2.12992
2.14987
2.17073
2.18991
2.2101
2.2285
2.24794
2.26541
2.28417
2.3008
2.31887
2.33473
2.35224
2.3675
2.38454
2.3993
2.41583
2.43
2.4459
2.45937
2.47461
2.48733
2.50197
2.51401
2.52811
2.53953
2.55313
2.56391
2.577
2.5871
2.59968
2.60911
2.62122
2.6301
2.64188
2.65038
2.66197
2.67033
2.68182
2.6902
2.70159
2.70999
2.72133
2.72948
2.74035
2.74569
2.99061
2.98124
2.95122
2.89461
2.75072
2.43985
1.97809
1.74328
1.67451
1.65703
1.65352
1.65135
1.637
1.59944
1.51495
1.35372
1.16412
1.06793
1.06951
1.09711
1.1406
1.19398
1.24171
1.28405
1.32288
1.35907
1.39407
1.42779
1.46118
1.49367
1.52598
1.55722
1.58814
1.61782
1.64727
1.67561
1.70396
1.73127
1.75873
1.78509
1.81164
1.83701
1.86265
1.88705
1.91182
1.93531
1.9593
1.98198
2.00529
2.02727
2.04999
2.07134
2.09347
2.11415
2.13568
2.15569
2.17662
2.19592
2.21619
2.23467
2.2542
2.27178
2.29058
2.30738
2.3256
2.3417
2.35943
2.37493
2.39221
2.40718
2.42398
2.43839
2.45463
2.46841
2.48401
2.49712
2.5121
2.52453
2.53895
2.55071
2.5646
2.5757
2.58908
2.59949
2.61235
2.62207
2.63443
2.64353
2.65544
2.66407
2.67566
2.68399
2.69537
2.70354
2.71475
2.72279
2.73387
2.74157
2.75214
2.75705
2.99597
2.98934
2.97791
2.94479
2.87783
2.71355
2.37855
1.94381
1.74326
1.68862
1.66584
1.6444
1.59423
1.49519
1.31084
1.12104
1.03937
1.0462
1.07315
1.11745
1.17146
1.21922
1.26193
1.3008
1.33766
1.37268
1.40684
1.43986
1.47263
1.50453
1.53627
1.56699
1.59752
1.62694
1.6562
1.68433
1.71243
1.73945
1.76656
1.7926
1.81886
1.84398
1.86939
1.89359
1.91819
1.94152
1.96538
1.98794
2.01116
2.03301
2.0556
2.07676
2.09875
2.11929
2.14074
2.16071
2.18163
2.20098
2.22132
2.23995
2.25964
2.27748
2.29652
2.31358
2.33206
2.34836
2.36632
2.38203
2.39957
2.41475
2.43184
2.44649
2.46304
2.47711
2.49307
2.50652
2.52186
2.53465
2.54938
2.56143
2.57556
2.58686
2.6004
2.61094
2.62395
2.63381
2.64633
2.65561
2.66767
2.67646
2.68811
2.69649
2.70779
2.71584
2.72686
2.7346
2.7454
2.75272
2.76294
2.7674
2.99797
2.99443
2.98903
2.97128
2.93885
2.85631
2.66528
2.28543
1.89988
1.72985
1.67619
1.61587
1.49063
1.26907
1.06961
1.0008
1.01235
1.04224
1.09017
1.14436
1.19321
1.23657
1.27648
1.31387
1.35001
1.38467
1.41859
1.4513
1.48363
1.51497
1.54615
1.57638
1.60645
1.63544
1.66426
1.69191
1.7195
1.74599
1.77262
1.79818
1.82402
1.84875
1.87384
1.89775
1.92212
1.94528
1.96902
1.99149
2.01468
2.03652
2.05917
2.0804
2.10251
2.12311
2.14464
2.16458
2.18548
2.20474
2.22503
2.24363
2.26337
2.28128
2.30046
2.31763
2.33629
2.35284
2.3711
2.38707
2.40488
2.4203
2.43759
2.45245
2.4692
2.48352
2.49974
2.51346
2.52912
2.54219
2.55728
2.56963
2.58409
2.59564
2.60944
2.62019
2.63334
2.64333
2.6559
2.66526
2.67735
2.68623
2.69791
2.7064
2.71772
2.72583
2.73679
2.74447
2.75509
2.76222
2.77221
2.77632
2.99896
2.99715
2.99437
2.98505
2.96927
2.92281
2.83191
2.6009
2.20427
1.84278
1.67799
1.52863
1.24927
1.01665
0.949313
0.965656
1.0016
1.05525
1.11123
1.15993
1.20347
1.24362
1.28205
1.3188
1.35449
1.38862
1.4219
1.4539
1.48552
1.51624
1.54692
1.57675
1.60652
1.63527
1.66387
1.69134
1.71876
1.74508
1.77155
1.79695
1.82264
1.84723
1.87219
1.89599
1.92028
1.94339
1.96712
1.98964
2.01291
2.03488
2.05769
2.07908
2.10135
2.12208
2.14373
2.16374
2.18472
2.20401
2.22436
2.24298
2.26277
2.28072
2.29997
2.31724
2.33605
2.35274
2.37118
2.38735
2.40536
2.421
2.4385
2.45363
2.4706
2.48519
2.50164
2.51566
2.53165
2.54504
2.56051
2.57317
2.588
2.59984
2.61395
2.62499
2.63839
2.64867
2.66149
2.67111
2.68345
2.69252
2.70443
2.71301
2.72453
2.73266
2.74377
2.75147
2.7622
2.76936
2.77932
2.78371
2.99933
2.99867
2.99642
2.99277
2.98117
2.96057
2.90153
2.78764
2.49213
2.06499
1.67361
1.28585
0.946678
0.857545
0.883293
0.927426
0.991233
1.05471
1.10822
1.15405
1.19623
1.23623
1.27481
1.31156
1.34697
1.38058
1.41314
1.44435
1.47522
1.50531
1.53552
1.56501
1.59454
1.62309
1.65153
1.67884
1.70615
1.73239
1.75884
1.78428
1.81006
1.83478
1.85991
1.88392
1.90844
1.93181
1.95583
1.97865
2.00226
2.02459
2.04777
2.06953
2.09214
2.11318
2.13511
2.15537
2.17659
2.1961
2.21664
2.23542
2.2554
2.2736
2.29325
2.31103
2.33042
2.34773
2.36676
2.38352
2.40205
2.4182
2.4361
2.45163
2.46891
2.48387
2.50063
2.51504
2.53135
2.5451
2.5609
2.57387
2.589
2.60111
2.61545
2.6267
2.64029
2.65076
2.66373
2.67353
2.68601
2.69523
2.7073
2.71599
2.72762
2.73582
2.74699
2.7547
2.76541
2.77254
2.78243
2.78675
2.9996
2.99887
2.99779
2.99391
2.98788
2.96772
2.93203
2.8312
2.62556
2.17017
1.55733
0.928292
0.640336
0.669763
0.718606
0.786103
0.854101
0.914923
0.971834
1.02613
1.07774
1.12609
1.17192
1.21521
1.2568
1.29645
1.33499
1.37201
1.40833
1.44339
1.47796
1.51125
1.54407
1.57552
1.60656
1.63626
1.66574
1.694
1.72229
1.74946
1.77684
1.80312
1.82973
1.85519
1.88111
1.90583
1.93113
1.95521
1.97999
2.00346
2.02774
2.05058
2.07426
2.09636
2.11933
2.14061
2.16279
2.18325
2.20472
2.22444
2.24533
2.26442
2.28487
2.30338
2.32345
2.34136
2.36094
2.37818
2.39713
2.41366
2.43189
2.44776
2.46532
2.48063
2.49767
2.51247
2.52909
2.54328
2.55942
2.57282
2.58827
2.60075
2.61538
2.62693
2.64075
2.65147
2.66466
2.67469
2.6874
2.69683
2.70911
2.71797
2.72981
2.73811
2.74946
2.75724
2.76808
2.77528
2.78524
2.7897
)
;

boundaryField
{
    inlet
    {
        type            calculated;
        value           uniform 3.00001;
    }
    outlet
    {
        type            calculated;
        value           nonuniform List<scalar> 
40
(
1.32321
1.54404
1.64968
1.71073
1.75082
1.78154
1.80607
1.83174
1.85645
1.88144
1.90491
1.92531
1.94366
1.96325
1.98451
2.00624
2.02733
2.04911
2.07222
2.09568
2.11794
2.13842
2.15648
2.17045
2.18457
2.20991
2.31401
2.51614
2.63259
2.67749
2.70313
2.7198
2.73363
2.74569
2.75705
2.7674
2.77632
2.78371
2.78675
2.7897
)
;
    }
    bottom
    {
        type            symmetryPlane;
    }
    top
    {
        type            symmetryPlane;
    }
    obstacle
    {
        type            calculated;
        value           uniform 0;
    }
    defaultFaces
    {
        type            empty;
    }
}


// ************************************************************************* //
