/*--------------------------------*- C++ -*----------------------------------*\
| =========                 |                                                 |
| \\      /  F ield         | OpenFOAM: The Open Source CFD Toolbox           |
|  \\    /   O peration     | Version:  2406                                  |
|   \\  /    A nd           | Website:  www.openfoam.com                      |
|    \\/     M anipulation  |                                                 |
\*---------------------------------------------------------------------------*/
FoamFile
{
    version     2.0;
    format      ascii;
    arch        "LSB;label=32;scalar=64";
    class       regIOobject;
    location    "constant/polyMesh";
    object      faceZones;
    meta
    {
        names           1 ( interface1interface20Side0Zone );
    }
}
// * * * * * * * * * * * * * * * * * * * * * * * * * * * * * * * * * * * * * //

1
(interface1interface20Side0Zone
{
    type            faceZone;
    faceLabels      List<label> 
325
(
239
479
719
959
1199
1439
1679
1919
2159
2399
2639
2879
3119
3359
3599
3839
4079
4319
4559
4799
5039
5279
5519
5759
5999
6239
6479
6719
6959
7199
7439
7679
7919
8159
8399
8639
8879
9119
9359
9599
9839
10079
10319
10559
10799
11039
11279
11519
11759
11999
12239
12479
12719
12959
13199
13439
13679
13919
14159
14399
14639
14879
15119
15359
15599
15839
16079
16319
16559
16799
17039
17279
17519
17759
17999
18239
18479
18719
18959
19199
19439
19679
19919
20159
20399
20639
20879
21119
21359
21599
21839
22079
22319
22559
22799
23039
23279
23519
23759
23999
24239
24479
24719
24959
25199
25439
25679
25919
26159
26399
26639
26879
27119
27359
27599
27839
28079
28319
28559
28799
29039
29279
29519
29759
29999
30239
30479
30719
30959
31199
31439
31679
31919
32159
32399
32639
32879
33119
33359
33599
33839
34079
34319
34559
34799
35039
35279
35519
35759
35999
36239
36479
36719
36959
37199
37439
37679
37919
38159
38399
38639
38879
39119
39359
39599
39839
40079
40319
40559
40799
41039
41279
41519
41759
41999
42239
42479
42719
42959
43199
43439
43679
43919
44159
44399
44639
44879
45119
45359
45599
45839
46079
46319
46559
46799
47039
47279
47519
47759
47999
48239
48479
48719
48959
49199
49439
49679
49919
50159
50399
50639
50879
51119
51359
51599
51839
52079
52319
52559
52799
53039
53279
53519
53759
53999
54239
54479
54719
54959
55199
55439
55679
55919
56159
56399
56639
56879
57119
57359
57599
57839
58079
58319
58559
58799
59039
59279
59519
59759
59999
60239
60479
60719
60959
61199
61439
61679
61919
62159
62399
62639
62879
63119
63359
63599
63839
64079
64319
64559
64799
65039
65279
65519
65759
65999
66239
66479
66719
66959
67199
67439
67679
67919
68159
68399
68639
68879
69119
69359
69599
69839
70079
70319
70559
70799
71039
71279
71519
71759
71999
72239
72479
72719
72959
73199
73439
73679
73919
74159
74399
74639
74879
75119
75359
75599
75839
76079
76319
76559
76799
77039
77279
77519
77759
77879
)
;
    flipMap         List<bool> 325{0};
}
)

// ************************************************************************* //
