/*--------------------------------*- C++ -*----------------------------------*\
| =========                 |                                                 |
| \\      /  F ield         | OpenFOAM: The Open Source CFD Toolbox           |
|  \\    /   O peration     | Version:  2412                                  |
|   \\  /    A nd           | Website:  www.openfoam.com                      |
|    \\/     M anipulation  |                                                 |
\*---------------------------------------------------------------------------*/
FoamFile
{
    version     2.0;
    format      ascii;
    arch        "LSB;label=32;scalar=64";
    class       volScalarField;
    location    "5.5";
    object      Ma;
}
// * * * * * * * * * * * * * * * * * * * * * * * * * * * * * * * * * * * * * //

dimensions      [0 0 0 0 0 0 0];

internalField   nonuniform List<scalar> 
5250
(
2.99999
2.99997
2.99988
2.99975
2.99924
2.9985
2.9957
2.991
2.97564
2.94135
2.85589
2.61781
2.16858
1.20377
0.524966
0.260605
0.314159
0.326928
0.291262
0.235882
0.18688
0.14783
0.108987
0.0667979
0.0352726
2.99999
2.99997
2.99988
2.99976
2.99925
2.99853
2.99577
2.99116
2.97606
2.94239
2.85834
2.62447
2.18161
1.22378
0.535918
0.262032
0.316904
0.330669
0.295364
0.240956
0.193089
0.155211
0.118279
0.080578
0.0567643
2.99999
2.99997
2.99988
2.99976
2.99927
2.99857
2.99588
2.99146
2.97679
2.94474
2.86346
2.63907
2.21026
1.26949
0.561773
0.268642
0.325512
0.341396
0.307081
0.25481
0.209184
0.173777
0.140672
0.109584
0.0919592
2.99999
2.99997
2.99989
2.99977
2.99931
2.99864
2.99605
2.99191
2.97787
2.94824
2.87104
2.66105
2.25397
1.34225
0.601863
0.281666
0.340558
0.359523
0.32652
0.276971
0.233712
0.200994
0.17169
0.145552
0.130919
2.99999
2.99997
2.9999
2.99979
2.99935
2.99873
2.99627
2.99248
2.97923
2.95262
2.88059
2.68903
2.31054
1.44208
0.65545
0.305715
0.364405
0.385954
0.35423
0.307377
0.265877
0.235234
0.208917
0.186304
0.173253
2.99999
2.99998
2.9999
2.9998
2.9994
2.99882
2.99652
2.9931
2.9808
2.95748
2.8913
2.72063
2.37627
1.56371
0.723623
0.346408
0.400049
0.421323
0.390995
0.347001
0.306641
0.277449
0.253457
0.233392
0.222006
3
2.99998
2.99991
2.99982
2.99944
2.99892
2.9968
2.9937
2.98219
2.96184
2.90041
2.75089
2.43359
1.70617
0.788632
0.37996
0.43116
0.452243
0.427469
0.389525
0.352453
0.325931
0.305277
0.289137
0.281237
3
2.99998
2.99992
2.99983
2.99949
2.99901
2.99705
2.99423
2.98345
2.96544
2.90789
2.77615
2.47849
1.79145
0.868454
0.424164
0.455786
0.472032
0.460216
0.431026
0.400675
0.379703
0.364954
0.355177
0.356757
3
2.99998
2.99993
2.99985
2.99954
2.9991
2.99731
2.99477
2.98479
2.96887
2.91555
2.8
2.5232
1.88102
0.970141
0.483423
0.472366
0.487838
0.48885
0.470152
0.449177
0.436852
0.431679
0.435816
0.460848
3
2.99999
2.99994
2.99987
2.9996
2.99921
2.99768
2.99539
2.98693
2.97234
2.9258
2.81872
2.5732
1.96465
1.07644
0.550063
0.485964
0.504929
0.516035
0.508152
0.499043
0.496267
0.506536
0.540278
0.631785
3
2.99999
2.99996
2.99988
2.99974
2.99928
2.99844
2.99589
2.9901
2.97543
2.93683
2.85143
2.59382
2.12392
1.16778
0.627924
0.498084
0.521469
0.542074
0.54458
0.546167
0.557254
0.589973
0.665488
0.83161
3
2.99999
2.99996
2.9999
2.9997
2.99941
2.99827
2.9965
2.99032
2.97871
2.94459
2.86147
2.67643
2.17315
1.36983
0.721139
0.521572
0.54465
0.569798
0.580539
0.591407
0.615647
0.666503
0.762608
0.936029
3
2.99999
2.99996
2.99992
2.99973
2.99948
2.99843
2.99696
2.99106
2.98215
2.95024
2.88899
2.72358
2.32451
1.57207
0.827698
0.5614
0.58045
0.60255
0.617804
0.635648
0.670121
0.730169
0.825082
0.97148
3
3
2.99997
2.99993
2.99978
2.99956
2.99869
2.99746
2.99254
2.98521
2.95841
2.91053
2.76939
2.46044
1.78311
0.94652
0.62118
0.626598
0.641923
0.658835
0.678877
0.716322
0.778416
0.863986
0.986301
3
3
2.99998
2.99995
2.99982
2.99965
2.99894
2.99795
2.994
2.98809
2.96699
2.92655
2.81738
2.53921
1.99289
1.06492
0.687279
0.662684
0.679093
0.697782
0.719942
0.756233
0.815826
0.892691
0.996288
3
3
2.99998
2.99996
2.99986
2.99972
2.99918
2.99839
2.99541
2.99055
2.97452
2.94003
2.85271
2.61578
2.16997
1.25325
0.790862
0.690847
0.706104
0.726722
0.754877
0.790093
0.843851
0.914892
1.00477
3
3
2.99999
2.99997
2.99989
2.99978
2.99933
2.99871
2.99621
2.99248
2.97916
2.95379
2.88259
2.69888
2.33301
1.50197
0.926965
0.731924
0.734433
0.754121
0.78595
0.822788
0.870128
0.933087
1.01152
3.00001
3
2.99999
2.99998
2.99992
2.99983
2.99949
2.999
2.99705
2.99426
2.98363
2.96595
2.91017
2.78244
2.50273
1.85443
1.10102
0.805062
0.780942
0.79164
0.817427
0.853077
0.89767
0.953103
1.01971
3.00001
3
3
2.99998
2.99994
2.99987
2.99962
2.99925
2.99779
2.99565
2.98771
2.97422
2.9314
2.83404
2.613
2.05924
1.26492
0.879669
0.822771
0.831479
0.851748
0.882814
0.922526
0.972667
1.03148
3.00001
3
3
2.99999
2.99997
2.99989
2.99978
2.99934
2.99869
2.99637
2.99218
2.97957
2.95033
2.87985
2.68469
2.30875
1.49371
1.00169
0.86288
0.863593
0.882293
0.912482
0.94728
0.990851
1.04292
3.00001
3.00001
3
2.99999
2.99998
2.99992
2.99983
2.99949
2.99901
2.99709
2.99428
2.98398
2.96593
2.91172
2.78252
2.508
1.87136
1.18233
0.928006
0.905935
0.916743
0.943276
0.977062
1.01323
1.05673
3.00001
3.00001
3
3
2.99998
2.99995
2.99985
2.9997
2.99911
2.99823
2.99497
2.98973
2.97191
2.93801
2.84379
2.62439
2.12445
1.37416
1.00836
0.942025
0.94906
0.97023
1.00254
1.03681
1.07518
3.00001
3.00001
3
3
2.99999
2.99996
2.99991
2.99974
2.99948
2.99848
2.99697
2.9915
2.98222
2.95277
2.88814
2.73301
2.34701
1.6373
1.14431
0.993973
0.983771
0.995643
1.02129
1.05502
1.09165
3.00001
3.00001
3.00001
3
2.99999
2.99998
2.99993
2.99985
2.99957
2.99914
2.99754
2.99505
2.98645
2.97076
2.92458
2.81631
2.57795
2.03039
1.31923
1.0639
1.02648
1.03044
1.04742
1.07428
1.10757
3.00001
3.00001
3.00001
3
3
2.99998
2.99996
2.99988
2.99975
2.99928
2.99858
2.996
2.99177
2.97805
2.94953
2.87571
2.68597
2.31141
1.55375
1.16265
1.06223
1.05931
1.07256
1.0959
1.12531
3.00001
3.00001
3.00001
3
3
2.99999
2.99998
2.99992
2.99983
2.9995
2.99902
2.99715
2.99444
2.98409
2.96771
2.91506
2.80106
2.53948
1.95707
1.34095
1.12026
1.09405
1.09954
1.12018
1.14787
3.00001
3.00001
3.00001
3.00001
3
3
2.99998
2.99996
2.99986
2.99972
2.9992
2.99841
2.99551
2.9909
2.97517
2.94617
2.86374
2.67991
2.24333
1.57021
1.21017
1.12945
1.12651
1.13967
1.16417
3.00001
3.00001
3.00001
3.00001
3.00001
3
2.99999
2.99997
2.99993
2.99978
2.99956
2.99874
2.99749
2.99295
2.98559
2.96139
2.91417
2.7882
2.50378
1.89337
1.36832
1.18371
1.15907
1.16516
1.18375
3.00001
3.00001
3.00001
3.00001
3.00001
3
3
2.99999
2.99995
2.99989
2.99966
2.99933
2.99808
2.99618
2.98948
2.97788
2.94272
2.86295
2.68823
2.23811
1.58601
1.26816
1.19713
1.19307
1.20313
3.00001
3.00001
3.00001
3.00001
3.00001
3
3
2.99999
2.99997
2.99993
2.99978
2.99956
2.99871
2.99749
2.99282
2.98573
2.96097
2.91585
2.79015
2.51407
1.91976
1.42314
1.24894
1.22421
1.22822
3.00001
3.00001
3.00001
3.00001
3.00001
3.00001
3
3
2.99999
2.99995
2.99989
2.99967
2.99935
2.99815
2.99633
2.9899
2.97883
2.94521
2.86958
2.70268
2.27491
1.64715
1.33624
1.26071
1.25514
3.00001
3.00001
3.00001
3.00001
3.00001
3.00001
3.00001
3
2.99999
2.99997
2.99993
2.99979
2.99959
2.9988
2.99766
2.99334
2.98677
2.96395
2.92275
2.80706
2.55832
2.00191
1.50191
1.31394
1.28369
3.00001
3.00001
3.00001
3.00001
3.00001
3.00001
3.00001
3
3
2.99999
2.99995
2.9999
2.9997
2.99941
2.99834
2.99668
2.99103
2.98081
2.95117
2.88229
2.73241
2.33443
1.72897
1.4053
1.32154
3.00001
3.00001
3.00001
3.00001
3.00001
3.00001
3.00001
3
3
2.99999
2.99998
2.99993
2.99985
2.99956
2.99914
2.99757
2.99518
2.98683
2.97243
2.92969
2.83503
2.62345
2.15158
1.58925
1.37819
3.00001
3.00001
3.00001
3.00001
3.00001
3.00001
3.00001
3.00001
3
3
2.99999
2.99996
2.99991
2.99973
2.99947
2.99848
2.99706
2.99172
2.98342
2.95607
2.89998
2.76711
2.42711
1.8612
1.47936
3.00001
3.00001
3.00001
3.00001
3.00001
3.00001
3.00001
3.00001
3.00001
3
3
2.99998
2.99995
2.99984
2.99968
2.99909
2.99822
2.99497
2.99003
2.97278
2.94331
2.85337
2.6805
2.22215
1.7
3.00001
3.00001
3.00001
3.00001
3.00001
3.00001
3.00001
3.00001
3.00001
3
3
2.99999
2.99997
2.99993
2.99978
2.99956
2.99876
2.99755
2.99321
2.98632
2.96374
2.92028
2.80969
2.54785
2.03213
3.00001
3.00001
3.00001
3.00001
3.00001
3.00001
3.00001
3.00001
3.00001
3.00001
3
3
2.99998
2.99996
2.99987
2.99974
2.99926
2.99856
2.99595
2.99197
2.97814
2.95468
2.88306
2.74469
2.37755
3.00001
3.00001
3.00001
3.00001
3.00001
3.00001
3.00001
3.00001
3.00001
3.00001
3.00001
3
3
2.99997
2.99994
2.99983
2.99966
2.99904
2.99808
2.99476
2.98932
2.97196
2.93951
2.85001
2.66616
3.00001
3.00001
3.00001
3.00001
3.00001
3.00001
3.00001
3.00001
3.00001
3.00001
3.00001
3
3
2.99999
2.99996
2.99992
2.99977
2.99953
2.99869
2.99742
2.99288
2.98567
2.96248
2.91663
2.805
3.00001
3.00001
3.00001
3.00001
3.00001
3.00001
3.00001
3.00001
3.00001
3.00001
3.00001
3.00001
3
3
2.99998
2.99996
2.99986
2.99973
2.99923
2.99849
2.99578
2.99166
2.97733
2.95329
2.87912
3.00001
3.00001
3.00001
3.00001
3.00001
3.00001
3.00001
3.00001
3.00001
3.00001
3.00001
3.00001
3.00001
3
2.99999
2.99997
2.99994
2.99981
2.99962
2.99895
2.99791
2.99427
2.98838
2.96942
2.93426
3.00001
3.00001
3.00001
3.00001
3.00001
3.00001
3.00001
3.00001
3.00001
3.00001
3.00001
3.00001
3.00001
3
3
2.99999
2.99995
2.9999
2.9997
2.99939
2.99829
2.99662
2.99058
2.98091
2.94942
3.00001
3.00001
3.00001
3.00001
3.00001
3.00001
3.00001
3.00001
3.00001
3.00001
3.00001
3.00001
3.00001
3
3
2.99999
2.99997
2.9999
2.9998
2.99941
2.99885
2.99667
2.9934
2.98164
2.96105
3.00001
3.00001
3.00001
3.00001
3.00001
3.00001
3.00001
3.00001
3.00001
3.00001
3.00001
3.00001
3.00001
3
3
2.99999
2.99998
2.99991
2.99983
2.99948
2.99898
2.99702
2.99406
2.98337
2.96418
3.00001
3.00001
3.00001
3.00001
3.00001
3.00001
3.00001
3.00001
3.00001
3.00001
3.00001
3.00001
3.00001
3.00001
3
3
2.99997
2.99994
2.9998
2.9996
2.99879
2.99762
2.99307
2.98583
2.96075
3.00001
3.00001
3.00001
3.00001
3.00001
3.00001
3.00001
3.00001
3.00001
3.00001
3.00001
3.00001
3.00001
3.00001
3
3
2.99997
2.99994
2.9998
2.9996
2.99879
2.99764
2.99297
2.98605
2.96025
3.00001
3.00001
3.00001
3.00001
3.00001
3.00001
3.00001
3.00001
3.00001
3.00001
3.00001
3.00001
3.00001
3.00001
3
3
2.99997
2.99994
2.99981
2.99962
2.99887
2.99775
2.99353
2.98633
2.9626
3.00001
3.00001
3.00001
3.00001
3.00001
3.00001
3.00001
3.00001
3.00001
3.00001
3.00001
3.00001
3.00001
3.00001
3
2.99999
2.99998
2.99993
2.99985
2.99955
2.9991
2.99745
2.99455
2.98545
2.96521
3.00001
3.00001
3.00001
3.00001
3.00001
3.00001
3.00001
3.00001
3.00001
3.00001
3.00001
3.00001
3.00001
3.00001
3
3
2.99997
2.99994
2.99981
2.99963
2.99889
2.99778
2.99367
2.9865
2.96332
1.02633
1.02335
0.562327
0.211784
0.158805
0.258467
0.368681
0.422216
0.442082
0.457389
0.483382
0.516612
0.546703
0.570965
0.591711
0.61347
0.636296
0.65884
0.679629
0.697931
0.715371
0.733412
0.750794
0.761809
0.767435
0.769906
0.76464
0.745615
0.711305
0.665451
0.611871
0.555081
0.496975
0.439352
0.383153
0.329806
0.279388
0.232127
0.186173
0.142908
0.101965
0.0634228
0.0334532
0.0287118
0.0563281
0.0887105
0.119317
0.148484
0.176334
0.202042
0.227466
0.253419
0.278797
0.3024
0.325105
0.346606
0.367313
0.387031
0.405821
0.423712
0.440636
0.456634
0.471712
0.485854
0.499109
0.511519
0.523138
0.534061
0.544398
0.554265
0.563791
0.573088
0.582303
0.591479
0.600842
0.610295
0.620176
0.630196
0.64082
0.651531
0.6629
0.674371
0.686301
0.698372
0.710801
0.723264
0.735987
0.748711
0.76157
0.774331
0.787156
0.799797
0.812294
0.824383
0.83605
0.846945
0.856847
0.865241
0.87155
0.87615
1.05267
1.02542
0.813299
0.537967
0.416643
0.331189
0.225862
0.11814
0.056163
0.154403
0.230802
0.296086
0.339976
0.366098
0.385946
0.407978
0.433108
0.458048
0.481628
0.501957
0.520913
0.540314
0.560056
0.574013
0.579594
0.580708
0.573515
0.550032
0.511629
0.460622
0.403574
0.344633
0.286379
0.229885
0.17697
0.129073
0.0873137
0.0595975
0.0560685
0.0782661
0.109459
0.14106
0.171766
0.200126
0.228831
0.257154
0.284737
0.311156
0.336659
0.360458
0.383229
0.406382
0.429393
0.451084
0.471603
0.491289
0.51018
0.528263
0.545539
0.561987
0.577613
0.59241
0.606389
0.619551
0.631926
0.643544
0.654473
0.664765
0.674563
0.683894
0.693007
0.701802
0.710655
0.719316
0.72826
0.73717
0.746484
0.755938
0.765836
0.775936
0.786486
0.7972
0.80831
0.819508
0.83104
0.842585
0.854393
0.866115
0.878067
0.889839
0.901775
0.913387
0.925067
0.936205
0.947165
0.957175
0.966601
0.974422
0.980478
0.984531
1.05997
1.08687
1.02131
0.881253
0.771767
0.692862
0.608075
0.509624
0.407571
0.315878
0.236594
0.162663
0.092113
0.0412633
0.0897367
0.144845
0.192841
0.230594
0.260966
0.285075
0.30491
0.323479
0.341916
0.357184
0.362804
0.360825
0.349735
0.324673
0.28468
0.232533
0.181423
0.135323
0.104596
0.096645
0.11216
0.139809
0.171812
0.204392
0.234942
0.265227
0.295005
0.32356
0.35082
0.376464
0.40145
0.425795
0.44951
0.472398
0.494516
0.515362
0.534977
0.554521
0.574399
0.593496
0.611474
0.628594
0.645086
0.66089
0.676066
0.690511
0.704306
0.717358
0.729763
0.741421
0.752471
0.762803
0.77263
0.781812
0.790686
0.799037
0.807344
0.815251
0.823361
0.831185
0.839369
0.847413
0.855933
0.86445
0.873497
0.882638
0.892279
0.902017
0.912194
0.922439
0.932988
0.943591
0.954417
0.965258
0.976203
0.987174
0.998148
1.00906
1.0198
1.03032
1.04048
1.05022
1.05903
1.06674
1.07241
1.07647
1.07745
1.1287
1.12763
1.07388
1.00328
0.943082
0.876535
0.802235
0.720633
0.641154
0.571738
0.505831
0.438707
0.371021
0.306362
0.247254
0.192444
0.141563
0.0954095
0.0575246
0.0427022
0.0623805
0.0879296
0.113997
0.127048
0.12283
0.101617
0.0831354
0.0841463
0.113508
0.150665
0.192781
0.234992
0.273527
0.308475
0.341333
0.372333
0.401265
0.428261
0.454047
0.478849
0.502684
0.525348
0.54699
0.567839
0.588132
0.607907
0.627049
0.645687
0.663331
0.679883
0.695921
0.712418
0.728717
0.744147
0.75862
0.772612
0.78594
0.798867
0.811095
0.822907
0.833992
0.844671
0.854617
0.864191
0.873057
0.881623
0.889563
0.897323
0.904618
0.911882
0.918884
0.925957
0.93296
0.940074
0.947274
0.954647
0.962228
0.970023
0.978168
0.9865
0.995213
1.00407
1.01328
1.02256
1.03212
1.04171
1.05152
1.06132
1.07128
1.08112
1.09106
1.10083
1.11058
1.11992
1.12887
1.13704
1.14418
1.14956
1.15307
1.08873
1.15149
1.18109
1.17273
1.14046
1.1038
1.0613
1.01161
0.954584
0.896837
0.840678
0.783858
0.724658
0.664149
0.604648
0.550754
0.500247
0.451601
0.404282
0.358335
0.313943
0.272718
0.234817
0.200972
0.174844
0.166635
0.179687
0.213074
0.264619
0.318885
0.369526
0.415512
0.455064
0.489341
0.518824
0.545095
0.568827
0.59086
0.611293
0.630678
0.649265
0.667154
0.684415
0.700986
0.717141
0.732883
0.748432
0.763577
0.778581
0.79293
0.806603
0.819477
0.832779
0.846202
0.859453
0.87167
0.883548
0.894696
0.905675
0.915943
0.926016
0.935358
0.944494
0.95291
0.961162
0.968717
0.9762
0.983034
0.989936
0.996271
1.00283
1.00895
1.01543
1.02159
1.0282
1.03457
1.04143
1.04813
1.05538
1.06254
1.07028
1.07798
1.08621
1.0944
1.10306
1.11163
1.12063
1.12948
1.13875
1.14777
1.15722
1.16634
1.17581
1.18469
1.19376
1.20196
1.21
1.21661
1.22205
1.22512
1.09254
1.16156
1.20566
1.22345
1.21916
1.20389
1.18235
1.1533
1.11844
1.07988
1.03963
0.99748
0.95291
0.905473
0.85794
0.809075
0.762334
0.715473
0.670847
0.62637
0.583945
0.543928
0.506482
0.473197
0.447782
0.435619
0.433587
0.453957
0.493824
0.543046
0.591579
0.635631
0.671188
0.698096
0.71892
0.735652
0.750528
0.764192
0.777299
0.789619
0.801675
0.813305
0.824843
0.836079
0.84738
0.85849
0.86983
0.880955
0.892314
0.903333
0.914236
0.924247
0.934482
0.944962
0.956009
0.966239
0.976221
0.985461
0.994699
1.00326
1.01186
1.01972
1.02762
1.03479
1.042
1.04853
1.05519
1.06123
1.06747
1.07319
1.07917
1.08479
1.0907
1.09639
1.1024
1.10825
1.11446
1.12057
1.12705
1.13353
1.14041
1.14733
1.15469
1.16208
1.16986
1.17767
1.18579
1.19398
1.20241
1.21094
1.21963
1.22826
1.23693
1.24542
1.25382
1.26178
1.26935
1.27594
1.28124
1.28439
1.09302
1.16321
1.21568
1.2489
1.26346
1.26626
1.26027
1.24759
1.22878
1.20574
1.17995
1.15177
1.1213
1.08819
1.05262
1.01587
0.977813
0.940409
0.900533
0.861475
0.819926
0.77974
0.740161
0.704415
0.674691
0.650931
0.638176
0.650411
0.689177
0.738767
0.786867
0.830451
0.865447
0.88939
0.901893
0.908318
0.912407
0.916711
0.921579
0.926952
0.932857
0.938901
0.94538
0.951919
0.958899
0.966008
0.973609
0.981294
0.989384
0.997425
1.00567
1.0134
1.02109
1.02882
1.03745
1.04589
1.05427
1.06188
1.06956
1.07662
1.08383
1.09038
1.09714
1.10322
1.10957
1.11527
1.12132
1.12677
1.13258
1.13788
1.14358
1.14886
1.15458
1.15998
1.1658
1.17139
1.17736
1.18315
1.18933
1.19533
1.20179
1.20813
1.21498
1.22174
1.22903
1.2362
1.24392
1.25149
1.25963
1.26749
1.27582
1.28374
1.29207
1.2999
1.30801
1.31543
1.32283
1.32907
1.33442
1.33732
1.09255
1.16103
1.21731
1.25959
1.2868
1.30262
1.30919
1.30903
1.30283
1.29176
1.27756
1.26097
1.24151
1.22003
1.19572
1.16961
1.14226
1.11301
1.08308
1.0491
1.01444
0.974184
0.937474
0.898496
0.863043
0.821502
0.798498
0.808107
0.846255
0.895749
0.946224
0.989821
1.02429
1.04932
1.06126
1.06051
1.05437
1.04814
1.04348
1.04116
1.04045
1.04148
1.04348
1.04619
1.04963
1.05352
1.05805
1.06294
1.06842
1.07405
1.08017
1.08609
1.09222
1.09789
1.10433
1.11086
1.11791
1.12425
1.13073
1.13653
1.14264
1.14815
1.15401
1.15929
1.16495
1.17009
1.17565
1.18073
1.18626
1.1914
1.19692
1.20211
1.20769
1.21292
1.21858
1.22389
1.22965
1.23505
1.24091
1.24644
1.25242
1.2582
1.26442
1.27056
1.27714
1.2837
1.29074
1.2978
1.30529
1.31262
1.32036
1.32788
1.33572
1.34329
1.351
1.35835
1.36549
1.3719
1.37725
1.38048
1.09515
1.15874
1.21507
1.26185
1.29679
1.32173
1.33789
1.34707
1.35076
1.3495
1.34481
1.3367
1.32723
1.31376
1.29998
1.28163
1.26432
1.24187
1.22046
1.19167
1.16161
1.12508
1.09021
1.04795
0.998216
0.941568
0.913611
0.924351
0.96148
1.00976
1.06112
1.10645
1.13984
1.16544
1.18012
1.18431
1.17729
1.16401
1.15108
1.13947
1.13196
1.12695
1.12476
1.12386
1.12442
1.12573
1.1278
1.13036
1.13372
1.13731
1.14155
1.14577
1.15044
1.15481
1.15953
1.16421
1.16964
1.17494
1.18043
1.18529
1.19045
1.19509
1.20018
1.20482
1.20998
1.21472
1.22003
1.22496
1.23042
1.23556
1.24116
1.24648
1.25219
1.25761
1.26339
1.26886
1.27464
1.28012
1.28589
1.29138
1.29716
1.3027
1.3086
1.31432
1.32049
1.32653
1.33315
1.33963
1.34664
1.35347
1.36077
1.36788
1.37534
1.38255
1.38998
1.39698
1.40398
1.41011
1.41552
1.41853
1.10022
1.15828
1.21264
1.26053
1.29986
1.33052
1.35363
1.3698
1.38074
1.38684
1.38951
1.38903
1.38619
1.38051
1.3736
1.36319
1.35235
1.33709
1.32071
1.29601
1.26931
1.23677
1.20105
1.15119
1.08139
1.01305
0.989319
1.00432
1.03904
1.08568
1.13867
1.18718
1.22365
1.24713
1.26432
1.27343
1.27489
1.2669
1.25223
1.23437
1.2186
1.20613
1.19747
1.19199
1.18878
1.18747
1.18701
1.18773
1.18903
1.19081
1.19319
1.19587
1.19892
1.20206
1.20566
1.20907
1.213
1.21695
1.2215
1.22575
1.23026
1.23435
1.23882
1.24296
1.24764
1.25205
1.2571
1.26188
1.26729
1.27243
1.27815
1.28355
1.28944
1.29498
1.30094
1.30652
1.31244
1.31799
1.32379
1.32927
1.33498
1.3404
1.3461
1.35155
1.35738
1.36304
1.3692
1.37525
1.38176
1.3882
1.39507
1.40185
1.40897
1.41596
1.42315
1.43009
1.43696
1.44325
1.4487
1.45205
1.10682
1.15971
1.21098
1.25802
1.2993
1.33354
1.36125
1.38277
1.3991
1.41089
1.41911
1.42421
1.42693
1.42726
1.42553
1.42122
1.41521
1.40513
1.39132
1.36969
1.34527
1.31442
1.27203
1.2078
1.11816
1.05047
1.03599
1.05597
1.08889
1.13618
1.18919
1.23891
1.27689
1.30467
1.32226
1.33422
1.34038
1.34115
1.3348
1.32055
1.30182
1.28324
1.26738
1.25559
1.24724
1.24238
1.23925
1.23799
1.23738
1.23771
1.23853
1.23975
1.2414
1.2433
1.24549
1.24783
1.25068
1.25353
1.25679
1.26003
1.26385
1.2675
1.27159
1.27543
1.2799
1.28417
1.28918
1.294
1.29954
1.30486
1.31082
1.3165
1.32269
1.32852
1.33474
1.34056
1.34667
1.35237
1.35831
1.36384
1.36959
1.37494
1.38053
1.38579
1.39135
1.39669
1.40244
1.40808
1.4141
1.42012
1.4265
1.43288
1.43958
1.4462
1.45306
1.45967
1.46635
1.4724
1.47783
1.48106
1.11745
1.1641
1.21124
1.25634
1.29727
1.33345
1.36398
1.38921
1.40965
1.42577
1.43833
1.44787
1.4548
1.45962
1.46207
1.46253
1.45997
1.45297
1.43888
1.42051
1.39553
1.36236
1.30735
1.21832
1.11714
1.06662
1.0653
1.08674
1.12271
1.17065
1.22332
1.26966
1.30802
1.33827
1.36068
1.3757
1.38535
1.39098
1.39269
1.38838
1.37708
1.35965
1.33965
1.3213
1.30617
1.29532
1.28757
1.283
1.27995
1.27852
1.2777
1.2775
1.27786
1.27845
1.27942
1.28068
1.28231
1.28432
1.28686
1.28945
1.29249
1.29565
1.29951
1.30326
1.30768
1.31199
1.31705
1.32198
1.32765
1.33315
1.33934
1.34527
1.35179
1.35797
1.3646
1.37079
1.37732
1.38336
1.38968
1.39549
1.40157
1.40713
1.41296
1.4183
1.42393
1.42919
1.43479
1.44016
1.44589
1.45151
1.45751
1.46342
1.46974
1.4759
1.48244
1.48869
1.49517
1.50102
1.50641
1.50965
1.13134
1.17273
1.21509
1.25667
1.29637
1.33228
1.36443
1.39182
1.41522
1.43457
1.45043
1.46336
1.47364
1.48159
1.48741
1.49036
1.49047
1.4832
1.46909
1.45117
1.42434
1.38008
1.30384
1.18941
1.09878
1.07394
1.08473
1.1078
1.146
1.19474
1.24371
1.2864
1.32367
1.35487
1.38077
1.40126
1.4156
1.42522
1.4304
1.43277
1.43066
1.42253
1.40788
1.38867
1.36903
1.35171
1.33788
1.32798
1.3213
1.31704
1.31455
1.31296
1.31221
1.31168
1.31169
1.31202
1.31278
1.31394
1.31569
1.31789
1.3205
1.32312
1.3265
1.33019
1.33459
1.33903
1.3442
1.34934
1.35519
1.36092
1.36734
1.37353
1.38032
1.38675
1.39368
1.40014
1.40698
1.41328
1.41989
1.42593
1.43224
1.43798
1.44396
1.44939
1.45509
1.46033
1.46587
1.47104
1.47657
1.48181
1.48749
1.49292
1.49884
1.50452
1.51066
1.5165
1.52266
1.52826
1.53348
1.53671
1.14379
1.18205
1.22124
1.26021
1.29734
1.33224
1.36437
1.3932
1.41804
1.43987
1.4581
1.47357
1.48647
1.49675
1.50475
1.50931
1.50862
1.50006
1.48603
1.4653
1.4301
1.36716
1.25698
1.14044
1.0861
1.08152
1.09644
1.12429
1.165
1.21125
1.25491
1.29388
1.32949
1.36055
1.38846
1.41179
1.43121
1.44621
1.45618
1.46229
1.46519
1.46578
1.46107
1.45014
1.43342
1.41368
1.39465
1.37841
1.36584
1.35693
1.35094
1.34717
1.34467
1.34314
1.34213
1.34158
1.34146
1.34189
1.34289
1.34461
1.34692
1.34923
1.35222
1.35567
1.36012
1.36473
1.37006
1.37538
1.38138
1.38733
1.39395
1.40037
1.4074
1.41408
1.42132
1.42807
1.43532
1.44197
1.44901
1.45541
1.46213
1.46819
1.47452
1.48019
1.48612
1.49148
1.49711
1.5022
1.50762
1.51261
1.51798
1.52304
1.52853
1.53376
1.53945
1.54486
1.55062
1.55588
1.56084
1.564
1.15703
1.19139
1.22748
1.26407
1.30014
1.33425
1.36543
1.39431
1.42025
1.4428
1.46309
1.47984
1.49474
1.50649
1.5156
1.52004
1.51631
1.50585
1.48976
1.46134
1.40894
1.31153
1.18546
1.10111
1.08074
1.08853
1.10674
1.13823
1.17994
1.22121
1.25962
1.29536
1.3286
1.35917
1.38751
1.41291
1.4359
1.45524
1.47147
1.48251
1.49036
1.49406
1.49644
1.49486
1.48782
1.47476
1.45631
1.43659
1.41811
1.40298
1.39151
1.38348
1.37816
1.37454
1.37234
1.3707
1.36996
1.36949
1.36997
1.37119
1.37315
1.3753
1.37803
1.3812
1.38558
1.39028
1.39576
1.40123
1.40742
1.41352
1.42027
1.42683
1.43398
1.44085
1.44825
1.45525
1.46271
1.46964
1.47696
1.48368
1.49071
1.49711
1.50376
1.50976
1.51599
1.5216
1.5274
1.53255
1.53795
1.54278
1.54796
1.55268
1.55785
1.56266
1.56794
1.57291
1.57824
1.58314
1.58773
1.59083
1.17488
1.20386
1.23613
1.26987
1.3038
1.3368
1.36819
1.3967
1.423
1.4462
1.46682
1.48506
1.50001
1.51285
1.52092
1.52219
1.51459
1.50244
1.47929
1.43527
1.35158
1.22455
1.12044
1.08392
1.08383
1.09568
1.11877
1.15265
1.19036
1.2264
1.26054
1.29322
1.32445
1.35438
1.38286
1.40964
1.43447
1.45699
1.47694
1.49378
1.50699
1.51588
1.52133
1.52418
1.52512
1.52141
1.51172
1.49587
1.47634
1.45636
1.43898
1.42483
1.41447
1.40735
1.40263
1.39985
1.39796
1.39733
1.39719
1.39814
1.39991
1.40203
1.40451
1.40746
1.41163
1.41631
1.4217
1.42727
1.43355
1.43983
1.4467
1.45338
1.46068
1.46765
1.47524
1.48236
1.49007
1.49717
1.5048
1.51175
1.51914
1.52581
1.53284
1.53915
1.54581
1.55168
1.55779
1.5631
1.56865
1.57346
1.57855
1.58305
1.5879
1.5923
1.59712
1.60158
1.60639
1.61079
1.6149
1.6178
1.1941
1.2218
1.24923
1.27883
1.30978
1.34078
1.37088
1.39926
1.42534
1.44949
1.47029
1.48938
1.50441
1.5166
1.52139
1.51722
1.50647
1.48674
1.44993
1.37789
1.25649
1.14061
1.08854
1.08066
1.08816
1.10508
1.13185
1.16479
1.19713
1.22853
1.25922
1.28952
1.31923
1.34862
1.37697
1.4045
1.43043
1.45495
1.47728
1.49751
1.51488
1.52917
1.53972
1.54612
1.55014
1.55201
1.55121
1.5453
1.5328
1.51515
1.49508
1.47603
1.4595
1.44696
1.43806
1.43197
1.42865
1.42681
1.42604
1.4267
1.42833
1.43039
1.43273
1.43552
1.43945
1.44394
1.44918
1.45465
1.46084
1.46706
1.47388
1.48053
1.4878
1.49479
1.50239
1.50954
1.51726
1.52442
1.53214
1.53923
1.54683
1.55372
1.56108
1.56768
1.57469
1.58082
1.58722
1.59273
1.59849
1.6034
1.60858
1.61299
1.61774
1.62184
1.62633
1.63032
1.63463
1.63849
1.64202
1.64467
1.21089
1.23866
1.26566
1.29231
1.31902
1.34693
1.37493
1.40222
1.42769
1.45158
1.47292
1.49148
1.50672
1.51535
1.51447
1.50534
1.48872
1.45679
1.39337
1.28129
1.15914
1.09432
1.08029
1.08461
1.09651
1.11753
1.14588
1.17444
1.20234
1.23026
1.25822
1.28672
1.31536
1.34392
1.37204
1.39953
1.426
1.45134
1.47517
1.49734
1.51747
1.53528
1.55029
1.56221
1.57007
1.57509
1.57816
1.57917
1.57635
1.56758
1.55321
1.53401
1.51429
1.49657
1.48157
1.47082
1.46369
1.45914
1.4574
1.45688
1.45817
1.46013
1.46227
1.46482
1.46827
1.47241
1.47731
1.4826
1.48859
1.49474
1.50142
1.50804
1.5152
1.5222
1.52974
1.53695
1.54467
1.55193
1.55972
1.56693
1.57468
1.58174
1.58933
1.59615
1.60338
1.60965
1.61632
1.62198
1.62803
1.63305
1.63845
1.64287
1.64765
1.65157
1.65586
1.65943
1.66332
1.66661
1.66956
1.67184
1.22457
1.25365
1.28034
1.30632
1.33191
1.35716
1.38191
1.40694
1.43111
1.45395
1.47474
1.49205
1.50514
1.50724
1.49969
1.48575
1.4575
1.40058
1.29806
1.17647
1.10211
1.08224
1.08448
1.09273
1.10984
1.13379
1.15895
1.18336
1.20795
1.23305
1.25917
1.28586
1.31323
1.34061
1.36817
1.39512
1.42168
1.44724
1.47189
1.49524
1.51721
1.53745
1.55561
1.57151
1.58439
1.59413
1.59993
1.60407
1.60613
1.60586
1.60075
1.58927
1.57283
1.55369
1.53498
1.51897
1.50598
1.49749
1.4919
1.48955
1.4891
1.49059
1.49255
1.49475
1.49773
1.50154
1.50615
1.51116
1.51677
1.52263
1.52904
1.53554
1.54254
1.54945
1.55684
1.56399
1.57161
1.57883
1.58657
1.59379
1.6016
1.60878
1.61657
1.62348
1.63089
1.63731
1.6442
1.65005
1.65634
1.66158
1.6672
1.67178
1.67667
1.68059
1.68478
1.68811
1.69164
1.69446
1.69682
1.69876
1.24419
1.26783
1.29281
1.31735
1.34185
1.36621
1.39033
1.41385
1.43616
1.45721
1.47596
1.49082
1.4965
1.49098
1.47796
1.45243
1.40082
1.30614
1.18828
1.11042
1.08513
1.08482
1.09182
1.10657
1.12739
1.1492
1.17037
1.19155
1.21357
1.23672
1.26113
1.28645
1.3126
1.339
1.36577
1.39213
1.41854
1.44412
1.46929
1.49325
1.51636
1.53798
1.55825
1.57657
1.59298
1.60656
1.6174
1.62467
1.62941
1.63266
1.63387
1.63159
1.62364
1.61026
1.59336
1.57492
1.5582
1.54383
1.53353
1.52654
1.52324
1.52249
1.52383
1.52559
1.52794
1.53112
1.53537
1.54008
1.54533
1.55085
1.55693
1.56313
1.56984
1.57649
1.58362
1.59056
1.59799
1.6051
1.61274
1.61995
1.62777
1.63502
1.64277
1.64975
1.65721
1.66378
1.67084
1.6769
1.68343
1.68887
1.69474
1.69948
1.70457
1.70853
1.71278
1.71596
1.71929
1.72172
1.72356
1.7252
1.26341
1.28219
1.30751
1.33092
1.35329
1.37619
1.39861
1.4208
1.442
1.46094
1.47655
1.48386
1.48009
1.46727
1.44341
1.39523
1.30698
1.19369
1.11369
1.08607
1.0856
1.09194
1.10557
1.12484
1.14419
1.16249
1.18052
1.19941
1.21979
1.24156
1.26479
1.28896
1.3141
1.33961
1.36572
1.39159
1.41768
1.44301
1.46816
1.49232
1.51592
1.53836
1.55961
1.57951
1.59767
1.61411
1.62827
1.63987
1.64862
1.65428
1.65851
1.66077
1.6611
1.65666
1.64666
1.63265
1.61584
1.59908
1.58375
1.57179
1.56335
1.55867
1.55718
1.55794
1.55961
1.56182
1.56509
1.56943
1.57432
1.57951
1.58513
1.59095
1.59724
1.60362
1.61044
1.61718
1.62441
1.63141
1.63897
1.64617
1.65391
1.661
1.66867
1.67556
1.68305
1.68964
1.6968
1.70295
1.70963
1.71525
1.72126
1.72621
1.73137
1.73551
1.73969
1.74285
1.74591
1.74795
1.74919
1.75069
1.28412
1.29757
1.31846
1.34269
1.36511
1.38651
1.40784
1.42818
1.4471
1.46303
1.47172
1.46889
1.45581
1.43274
1.38657
1.30237
1.19347
1.11528
1.08755
1.0865
1.0924
1.10567
1.12431
1.14257
1.15905
1.17462
1.19093
1.20838
1.22771
1.24834
1.27064
1.29378
1.31811
1.34275
1.36813
1.39327
1.41878
1.44363
1.46856
1.49254
1.51625
1.53881
1.56056
1.5813
1.60044
1.61877
1.63464
1.64974
1.66154
1.67199
1.67892
1.68415
1.68794
1.68992
1.68897
1.6828
1.6719
1.65744
1.6414
1.62595
1.61257
1.6027
1.59635
1.59371
1.59365
1.59506
1.59702
1.59995
1.60414
1.609
1.61439
1.61993
1.6259
1.63189
1.6384
1.64482
1.65183
1.65864
1.6661
1.67307
1.68061
1.6875
1.69503
1.70177
1.70918
1.71568
1.72283
1.72896
1.73566
1.74131
1.74734
1.75239
1.75749
1.76173
1.76574
1.76884
1.77155
1.77307
1.77359
1.77502
1.31005
1.31586
1.33137
1.35367
1.3754
1.39645
1.41619
1.43534
1.45092
1.46018
1.4578
1.44437
1.42137
1.37565
1.29345
1.18823
1.11305
1.0865
1.08589
1.09237
1.10695
1.12644
1.14423
1.15939
1.17337
1.18741
1.2027
1.21939
1.23788
1.2577
1.27905
1.30129
1.32464
1.3484
1.37285
1.39724
1.42198
1.44625
1.4706
1.49416
1.51758
1.53993
1.56194
1.5827
1.60277
1.62161
1.6392
1.65577
1.67014
1.68384
1.69431
1.7038
1.70989
1.71573
1.71887
1.72055
1.7185
1.71128
1.69957
1.68522
1.66997
1.65582
1.64431
1.63628
1.63183
1.63062
1.63144
1.63281
1.63522
1.6389
1.64394
1.64926
1.655
1.66069
1.66686
1.67296
1.67969
1.68624
1.69335
1.70005
1.70736
1.71408
1.72146
1.7281
1.7354
1.74186
1.7489
1.75512
1.76167
1.76753
1.77337
1.77863
1.78361
1.78787
1.79182
1.79467
1.79703
1.79793
1.79756
1.79904
1.34333
1.34007
1.34983
1.36624
1.38715
1.40639
1.42416
1.43893
1.44914
1.44654
1.43291
1.40954
1.36339
1.28123
1.17908
1.10838
1.0848
1.08579
1.09306
1.10938
1.13056
1.14856
1.16305
1.17574
1.18828
1.20167
1.21647
1.23277
1.25061
1.26978
1.29019
1.31158
1.33378
1.35663
1.37988
1.40349
1.42711
1.4508
1.47424
1.49737
1.52013
1.54219
1.5639
1.58451
1.6049
1.62382
1.64263
1.65968
1.67644
1.69151
1.70542
1.71804
1.72815
1.73701
1.74361
1.74958
1.75197
1.75321
1.75017
1.74219
1.72988
1.71553
1.70094
1.68792
1.67791
1.67147
1.66851
1.66819
1.66923
1.67094
1.6741
1.6786
1.68393
1.6894
1.69533
1.70119
1.7076
1.71373
1.72046
1.72681
1.73378
1.74028
1.74732
1.75388
1.76081
1.76728
1.77398
1.78019
1.78652
1.79227
1.79807
1.80309
1.80805
1.8121
1.81572
1.8184
1.81997
1.82019
1.81897
1.82039
1.3741
1.36261
1.36666
1.38109
1.40036
1.41879
1.43289
1.44046
1.43662
1.42127
1.39656
1.34844
1.26414
1.16415
1.09893
1.0792
1.08215
1.09208
1.11134
1.13432
1.15287
1.16721
1.17952
1.19111
1.20343
1.21669
1.23146
1.24738
1.26474
1.28311
1.30267
1.32304
1.34425
1.36608
1.38833
1.41094
1.43358
1.45636
1.47885
1.50129
1.52324
1.54495
1.56608
1.58677
1.60688
1.62639
1.64536
1.66353
1.68133
1.69784
1.71422
1.72871
1.74281
1.75444
1.76488
1.77319
1.78081
1.78546
1.78744
1.78708
1.78293
1.77399
1.76097
1.74648
1.7324
1.72046
1.71181
1.70666
1.70479
1.7051
1.70614
1.7082
1.71212
1.71715
1.72306
1.72879
1.73501
1.74089
1.74732
1.75343
1.76014
1.76645
1.77331
1.77967
1.7865
1.79277
1.79934
1.80542
1.81149
1.8172
1.82253
1.82759
1.83189
1.83583
1.83864
1.84072
1.84112
1.84048
1.83869
1.83964
1.4495
1.39467
1.38838
1.39447
1.40886
1.42568
1.43574
1.43061
1.41244
1.38524
1.33346
1.24432
1.1454
1.0866
1.07065
1.07529
1.08937
1.11164
1.13579
1.15522
1.17037
1.18261
1.19412
1.20576
1.21838
1.23196
1.24677
1.26256
1.27947
1.29728
1.31603
1.33556
1.35579
1.3766
1.3978
1.41936
1.44107
1.46291
1.48468
1.50636
1.52777
1.54898
1.56976
1.59033
1.61035
1.63021
1.64953
1.66855
1.68699
1.70495
1.72222
1.73862
1.75419
1.76848
1.78149
1.79256
1.80225
1.81081
1.81726
1.82056
1.82109
1.81927
1.81329
1.80291
1.78921
1.77463
1.76119
1.7503
1.74289
1.73903
1.73803
1.73859
1.73997
1.74305
1.74791
1.75353
1.75944
1.76538
1.77136
1.7774
1.7835
1.78975
1.79599
1.80237
1.80864
1.81496
1.8211
1.82714
1.83296
1.83845
1.84366
1.84824
1.85238
1.85549
1.85783
1.85846
1.8579
1.85657
1.85392
1.85388
1.59366
1.43954
1.41315
1.41101
1.41716
1.42602
1.42506
1.40757
1.37592
1.31874
1.22341
1.1242
1.07203
1.06053
1.06698
1.085
1.11121
1.13669
1.15707
1.1728
1.18564
1.19727
1.2089
1.2211
1.23418
1.24813
1.263
1.27868
1.29524
1.31258
1.33071
1.34953
1.36899
1.38894
1.40932
1.43004
1.45094
1.47201
1.49299
1.51403
1.5348
1.55553
1.57592
1.59615
1.61602
1.63562
1.65479
1.67369
1.69216
1.71027
1.72791
1.74497
1.76154
1.77714
1.79207
1.80542
1.81748
1.82775
1.83738
1.84504
1.84996
1.85148
1.85091
1.84774
1.84023
1.82866
1.8145
1.80019
1.78751
1.77798
1.77185
1.76935
1.76931
1.77008
1.77222
1.77604
1.78152
1.78725
1.79322
1.79909
1.80506
1.81098
1.81696
1.82298
1.82894
1.83492
1.84072
1.84639
1.85179
1.85683
1.86146
1.86538
1.86865
1.87075
1.87154
1.87089
1.86953
1.86739
1.86323
1.86209
1.85362
1.53859
1.44771
1.42885
1.42397
1.41822
1.40055
1.36473
1.29975
1.19934
1.10337
1.05846
1.05155
1.05982
1.08153
1.11146
1.13792
1.15912
1.17546
1.18898
1.20131
1.21348
1.22607
1.23913
1.25296
1.26729
1.28232
1.29787
1.31411
1.33093
1.34838
1.36639
1.38492
1.4039
1.42323
1.44291
1.46273
1.4827
1.50266
1.5227
1.5426
1.56242
1.58199
1.60145
1.62064
1.63972
1.65852
1.67722
1.69561
1.71388
1.73175
1.7494
1.76646
1.78308
1.79895
1.81401
1.82809
1.84055
1.85196
1.86213
1.87119
1.87749
1.88072
1.88067
1.87902
1.87449
1.86552
1.85244
1.83799
1.82417
1.81258
1.80441
1.79979
1.79832
1.79866
1.79995
1.80309
1.80764
1.81335
1.81905
1.82496
1.83057
1.8363
1.84185
1.84744
1.85293
1.85825
1.86343
1.86818
1.87259
1.87625
1.87924
1.88099
1.8815
1.88064
1.87938
1.87686
1.87269
1.8647
1.86128
2.2112
1.73683
1.5133
1.45504
1.43126
1.40297
1.35322
1.26963
1.16413
1.07842
1.04258
1.04155
1.05277
1.0782
1.11044
1.13806
1.15979
1.17662
1.19061
1.20353
1.21634
1.2294
1.24287
1.25667
1.27087
1.28538
1.30034
1.31567
1.33158
1.34787
1.36477
1.38201
1.39979
1.41783
1.4363
1.45493
1.4738
1.49277
1.51178
1.53075
1.54967
1.56853
1.58734
1.6061
1.62476
1.64337
1.66182
1.68024
1.69849
1.71674
1.73474
1.75262
1.77012
1.78734
1.804
1.82009
1.83532
1.84963
1.86257
1.87423
1.88501
1.89434
1.90185
1.9058
1.9072
1.90575
1.9025
1.89599
1.8851
1.87115
1.85655
1.84344
1.83314
1.82643
1.82337
1.82301
1.8238
1.82596
1.82977
1.83518
1.84082
1.84657
1.85218
1.85766
1.86293
1.86807
1.8729
1.87747
1.88148
1.88491
1.88744
1.88876
1.88882
1.88778
1.88615
1.88291
1.87734
1.86934
1.85761
1.8513
2.53344
2.03158
1.63074
1.48167
1.42567
1.35161
1.24184
1.12238
1.04325
1.01848
1.02328
1.04321
1.07418
1.10663
1.13443
1.15667
1.17399
1.18874
1.20267
1.21648
1.23061
1.24496
1.25951
1.27414
1.2889
1.30377
1.31885
1.33409
1.34969
1.36548
1.38172
1.39813
1.41499
1.43196
1.4493
1.46667
1.48433
1.50199
1.51984
1.53768
1.55575
1.57377
1.59195
1.61007
1.62831
1.64652
1.6648
1.68299
1.70116
1.71912
1.73695
1.75458
1.77195
1.78901
1.80563
1.82181
1.83729
1.85217
1.86598
1.87888
1.89033
1.90118
1.91057
1.9184
1.9234
1.92545
1.92432
1.92148
1.91649
1.90791
1.89528
1.88069
1.86645
1.85447
1.84588
1.84105
1.83962
1.84031
1.84193
1.84504
1.84977
1.85548
1.86129
1.86691
1.87221
1.87717
1.88166
1.88565
1.88884
1.89119
1.89218
1.89197
1.89109
1.88882
1.88471
1.87746
1.86749
1.85608
1.84251
1.83539
2.73998
2.3622
1.86554
1.54497
1.39675
1.22912
1.07737
0.997684
0.982334
0.994537
1.02519
1.06553
1.09985
1.12798
1.15052
1.16807
1.18351
1.19812
1.21294
1.22801
1.24335
1.25879
1.27413
1.2893
1.30422
1.31912
1.33397
1.34891
1.36403
1.37933
1.39493
1.41072
1.42681
1.44308
1.45958
1.47627
1.4931
1.5101
1.52722
1.54443
1.56169
1.57894
1.59635
1.61367
1.63117
1.64853
1.66606
1.68336
1.70083
1.71795
1.73523
1.75199
1.76888
1.78511
1.80142
1.81687
1.83234
1.84672
1.86101
1.87392
1.88641
1.8973
1.90787
1.91694
1.92483
1.93016
1.93331
1.93317
1.93051
1.92652
1.91986
1.90919
1.895
1.88044
1.86727
1.85717
1.85074
1.84803
1.84794
1.84946
1.85209
1.85605
1.86146
1.86695
1.87241
1.87723
1.88146
1.88461
1.88668
1.88733
1.88726
1.88608
1.8831
1.87729
1.8693
1.85827
1.84592
1.83329
1.81993
1.81357
2.83748
2.63877
2.16663
1.66698
1.3001
1.0363
0.932982
0.928762
0.95185
0.992897
1.04141
1.08082
1.11138
1.13475
1.15315
1.16946
1.18544
1.20164
1.21803
1.2347
1.25117
1.2677
1.28377
1.29985
1.31535
1.33079
1.34585
1.36097
1.37594
1.39102
1.4061
1.42128
1.43651
1.45189
1.46729
1.48291
1.49846
1.51435
1.53004
1.54616
1.56199
1.5783
1.59429
1.61073
1.62683
1.64333
1.65948
1.67594
1.69204
1.70836
1.72428
1.74029
1.75594
1.77149
1.78671
1.80166
1.81629
1.83043
1.84427
1.8573
1.87001
1.88145
1.89257
1.90232
1.9119
1.91925
1.92556
1.92881
1.93005
1.92784
1.92448
1.91924
1.91086
1.89847
1.88409
1.87009
1.85882
1.85103
1.84705
1.84601
1.84727
1.84977
1.85285
1.85725
1.86209
1.86667
1.86999
1.8722
1.873
1.87317
1.87146
1.86727
1.86089
1.85096
1.8395
1.82638
1.81328
1.80141
1.79018
1.78562
2.88698
2.73114
2.36827
1.73597
1.08811
0.778858
0.76965
0.824027
0.88962
0.955738
1.0094
1.04938
1.07965
1.10304
1.12376
1.14387
1.1637
1.18372
1.20316
1.22262
1.2412
1.25978
1.27739
1.29501
1.31172
1.32842
1.34418
1.35993
1.37498
1.39013
1.40476
1.41952
1.43391
1.44848
1.46277
1.47731
1.49157
1.50623
1.52051
1.53535
1.54969
1.56474
1.5792
1.59442
1.60901
1.62439
1.63908
1.65456
1.66926
1.68479
1.69937
1.71483
1.72918
1.74445
1.75847
1.7734
1.78699
1.80145
1.81446
1.82826
1.84047
1.85331
1.86434
1.87579
1.88554
1.89551
1.90321
1.91029
1.91451
1.91698
1.91596
1.91293
1.90903
1.9023
1.89189
1.87793
1.864
1.85173
1.84293
1.83743
1.83531
1.83523
1.83697
1.83991
1.84278
1.84565
1.84772
1.849
1.84879
1.84645
1.84178
1.83352
1.82311
1.81029
1.79722
1.78395
1.77231
1.76279
1.75482
1.75216
2.89957
2.75706
2.44224
1.78283
0.918713
0.52866
0.572022
0.663494
0.763644
0.846524
0.907148
0.952883
0.988638
1.01991
1.04841
1.07598
1.10194
1.12722
1.15102
1.17404
1.19583
1.21688
1.2369
1.25619
1.27464
1.29251
1.30979
1.32636
1.34232
1.35766
1.3727
1.38716
1.40162
1.41552
1.42966
1.44325
1.45724
1.47072
1.48467
1.49817
1.51224
1.52589
1.54019
1.55406
1.56866
1.58278
1.59764
1.61198
1.62698
1.64148
1.65648
1.67104
1.68594
1.70049
1.71518
1.72963
1.74404
1.75829
1.77229
1.78618
1.79958
1.81287
1.82537
1.83767
1.84891
1.86009
1.86979
1.87898
1.88603
1.89193
1.89486
1.89537
1.89287
1.88955
1.88452
1.87553
1.86294
1.84864
1.83579
1.82552
1.81873
1.81493
1.81351
1.81361
1.81436
1.81505
1.81478
1.8134
1.8106
1.8046
1.79611
1.78414
1.77142
1.75744
1.74484
1.73332
1.72455
1.71811
1.71331
1.71242
2.90637
2.76816
2.46299
1.77546
0.853923
0.385915
0.431825
0.525406
0.627329
0.705931
0.766611
0.816218
0.859407
0.898668
0.935021
0.968952
1.00101
1.03097
1.0596
1.08635
1.11215
1.13625
1.15967
1.18159
1.20292
1.22289
1.24232
1.2607
1.27851
1.29528
1.31152
1.32706
1.34221
1.35693
1.37139
1.38561
1.39972
1.41373
1.42775
1.44178
1.45592
1.4701
1.48448
1.49888
1.51356
1.52817
1.54312
1.55789
1.57306
1.58796
1.60327
1.61824
1.63364
1.64861
1.66403
1.6789
1.69424
1.70891
1.72402
1.73832
1.753
1.76674
1.78073
1.79364
1.80657
1.81834
1.83007
1.84042
1.85016
1.85809
1.86466
1.86874
1.86992
1.86846
1.86574
1.86166
1.85385
1.84232
1.82772
1.81412
1.8022
1.79358
1.78723
1.78333
1.78006
1.77717
1.77316
1.76817
1.7606
1.75077
1.73828
1.72496
1.71082
1.69839
1.68718
1.67917
1.67286
1.6697
1.66668
1.6673
2.90927
2.77443
2.43697
1.75859
0.789751
0.334433
0.374301
0.446626
0.524565
0.588237
0.64186
0.689934
0.734573
0.776284
0.815588
0.852501
0.887616
0.920777
0.952541
0.982632
1.01152
1.0389
1.06516
1.08997
1.11369
1.13598
1.15722
1.17718
1.19628
1.21438
1.23164
1.24812
1.26402
1.27943
1.29448
1.30929
1.32393
1.33851
1.35306
1.36771
1.38239
1.3973
1.41226
1.4275
1.44279
1.45837
1.47395
1.48988
1.50569
1.5219
1.53788
1.5543
1.57037
1.5869
1.60295
1.61942
1.63534
1.65159
1.66722
1.68311
1.69829
1.71367
1.72822
1.74292
1.75663
1.77038
1.78303
1.7956
1.80677
1.81748
1.82629
1.83396
1.83891
1.84119
1.84041
1.8385
1.83473
1.82806
1.81619
1.80179
1.78585
1.77234
1.75953
1.75006
1.7405
1.7325
1.72272
1.7126
1.6996
1.68613
1.67107
1.65725
1.64407
1.63382
1.62543
1.6202
1.61638
1.615
1.61334
1.61457
2.91285
2.77704
2.44981
1.77072
0.788447
0.327319
0.36349
0.42007
0.47731
0.523605
0.564501
0.604042
0.643235
0.681655
0.719113
0.75529
0.790291
0.824048
0.85662
0.888006
0.918124
0.947067
0.97459
1.00098
1.02583
1.04965
1.07186
1.09326
1.1131
1.13244
1.15041
1.16814
1.1847
1.20133
1.21703
1.23311
1.24839
1.26435
1.27954
1.29565
1.31102
1.32743
1.34316
1.3599
1.37608
1.39319
1.40982
1.42726
1.44429
1.46197
1.47931
1.49707
1.51458
1.53227
1.54978
1.56726
1.58464
1.6018
1.61896
1.63569
1.65253
1.66876
1.68512
1.70072
1.71642
1.73115
1.74591
1.75952
1.77295
1.78492
1.79635
1.8058
1.814
1.81937
1.82169
1.82082
1.81896
1.81519
1.80738
1.79482
1.77766
1.75925
1.7407
1.72307
1.70604
1.68984
1.67277
1.65578
1.63762
1.62071
1.60441
1.59108
1.57965
1.57177
1.56563
1.56227
1.55974
1.55895
1.55765
1.55873
2.91066
2.77956
2.44145
1.76923
0.784842
0.325452
0.365956
0.421034
0.470563
0.506618
0.537108
0.567737
0.599642
0.632499
0.66526
0.697873
0.729835
0.761424
0.792201
0.822418
0.851614
0.880038
0.907328
0.933611
0.958703
0.982717
1.00557
1.0274
1.0482
1.06808
1.08713
1.10549
1.12321
1.14045
1.15733
1.17393
1.19044
1.20689
1.22335
1.24006
1.25667
1.27394
1.29082
1.30872
1.32599
1.3444
1.36211
1.38082
1.39899
1.41776
1.43629
1.45497
1.47367
1.49218
1.51084
1.52916
1.54761
1.56567
1.58377
1.6015
1.61914
1.63645
1.65349
1.67026
1.68653
1.70258
1.71783
1.73289
1.74686
1.76053
1.77271
1.78427
1.79374
1.80187
1.8067
1.80839
1.80728
1.80492
1.79995
1.79037
1.7745
1.75423
1.73075
1.70609
1.68056
1.65532
1.63042
1.60655
1.58447
1.56523
1.549
1.53675
1.52725
1.52106
1.5166
1.51429
1.51257
1.5121
1.51109
1.51267
2.91245
2.77294
2.47918
1.78598
0.853806
0.371461
0.403191
0.454824
0.503243
0.532209
0.553911
0.576079
0.600407
0.626426
0.65309
0.680215
0.707273
0.734459
0.76144
0.78834
0.814891
0.841084
0.866707
0.891761
0.916049
0.939623
0.962284
0.984215
1.00513
1.02546
1.04483
1.06376
1.08195
1.09982
1.11729
1.13451
1.15176
1.16878
1.18619
1.20337
1.22112
1.23877
1.25686
1.27513
1.29352
1.31239
1.33105
1.35033
1.36926
1.3887
1.40786
1.42726
1.44653
1.46574
1.485
1.5039
1.52299
1.54154
1.56029
1.57846
1.59674
1.61446
1.63215
1.64931
1.66624
1.6827
1.69868
1.71421
1.72899
1.74326
1.7564
1.76877
1.77952
1.78886
1.79574
1.79917
1.79881
1.79721
1.79363
1.78616
1.77263
1.75184
1.72574
1.69552
1.66265
1.6295
1.59744
1.56855
1.54375
1.52365
1.50824
1.49704
1.48901
1.48396
1.48039
1.47863
1.47728
1.47698
1.47616
1.47787
2.91122
2.78231
2.44498
1.77989
0.79455
0.3354
0.372961
0.42808
0.477369
0.509606
0.534598
0.559699
0.586789
0.615144
0.64367
0.672051
0.699963
0.727629
0.754819
0.781717
0.808133
0.834067
0.859417
0.884148
0.908178
0.931524
0.954045
0.975863
0.996791
1.01718
1.03668
1.05578
1.07413
1.0922
1.10982
1.12723
1.14463
1.16182
1.17938
1.19672
1.21464
1.23241
1.2507
1.26906
1.28766
1.30659
1.32544
1.34479
1.36387
1.38339
1.40266
1.42214
1.4415
1.46079
1.48014
1.4991
1.5183
1.53688
1.55575
1.57397
1.59238
1.61017
1.62797
1.64523
1.66229
1.67888
1.69504
1.7107
1.72574
1.74009
1.75367
1.7661
1.77756
1.78707
1.79503
1.79915
1.7998
1.79833
1.79513
1.78857
1.77602
1.75544
1.72821
1.69472
1.65738
1.61901
1.58252
1.55072
1.52445
1.50417
1.48916
1.47843
1.47098
1.46617
1.46279
1.46096
1.45955
1.45904
1.45791
1.4594
)
;

boundaryField
{
    inlet
    {
        type            calculated;
        value           uniform 3.00001;
    }
    outlet
    {
        type            calculated;
        value           nonuniform List<scalar> 
40
(
0.87615
0.984531
1.07647
1.15307
1.22512
1.28439
1.33732
1.38048
1.41853
1.45205
1.48106
1.50965
1.53671
1.564
1.59083
1.6178
1.64467
1.67184
1.69876
1.7252
1.75069
1.77502
1.79904
1.82039
1.83964
1.85388
1.86209
1.86128
1.8513
1.83539
1.81357
1.78562
1.75216
1.71242
1.6673
1.61457
1.55873
1.51267
1.47787
1.4594
)
;
    }
    bottom
    {
        type            symmetryPlane;
    }
    top
    {
        type            symmetryPlane;
    }
    obstacle
    {
        type            calculated;
        value           uniform 0;
    }
    defaultFaces
    {
        type            empty;
    }
}


// ************************************************************************* //
