/*--------------------------------*- C++ -*----------------------------------*\
| =========                 |                                                 |
| \\      /  F ield         | OpenFOAM: The Open Source CFD Toolbox           |
|  \\    /   O peration     | Version:  2412                                  |
|   \\  /    A nd           | Website:  www.openfoam.com                      |
|    \\/     M anipulation  |                                                 |
\*---------------------------------------------------------------------------*/
FoamFile
{
    version     2.0;
    format      ascii;
    arch        "LSB;label=32;scalar=64";
    class       volScalarField;
    location    "5.5";
    object      p;
}
// * * * * * * * * * * * * * * * * * * * * * * * * * * * * * * * * * * * * * //

dimensions      [1 -1 -2 0 0 0 0];

internalField   nonuniform List<scalar> 
5250
(
1.00001
1.00004
1.00008
1.00025
1.00052
1.00148
1.00291
1.00905
1.01588
1.05881
1.09589
1.38146
1.78952
3.62161
8.08003
11.6401
11.2543
11.041
11.1309
11.3629
11.5731
11.6975
11.7928
11.8657
11.9188
1.00001
1.00003
1.00008
1.00025
1.00051
1.00146
1.00286
1.00889
1.01561
1.05777
1.09414
1.37425
1.77367
3.56841
7.94982
11.6613
11.2594
11.0343
11.1245
11.3568
11.5669
11.692
11.7887
11.8628
11.9173
1
1.00003
1.00008
1.00024
1.00049
1.00141
1.00279
1.00857
1.01521
1.05542
1.09089
1.35876
1.73977
3.45329
7.65545
11.7047
11.266
11.01
11.0976
11.3265
11.5355
11.6598
11.7563
11.8304
11.8863
1
1.00003
1.00008
1.00023
1.00047
1.00135
1.00267
1.0081
1.01464
1.05191
1.08615
1.33576
1.68928
3.28156
7.20009
11.7687
11.2781
10.9681
11.0496
11.2706
11.4785
11.6008
11.6956
11.7692
11.8279
1
1.00003
1.00007
1.00021
1.00044
1.00126
1.00253
1.0075
1.01391
1.04752
1.08017
1.30695
1.62577
3.06611
6.60776
11.8333
11.2963
10.9144
10.9849
11.1906
11.3976
11.5171
11.6083
11.6799
11.7423
1
1.00003
1.00007
1.0002
1.00041
1.00117
1.00236
1.00683
1.01306
1.04266
1.0735
1.27487
1.55543
2.8263
5.91156
11.8147
11.2933
10.8505
10.9041
11.0825
11.2857
11.3994
11.4836
11.5509
11.6177
1
1.00003
1.00006
1.00018
1.00038
1.00107
1.00217
1.00624
1.01215
1.03827
1.0676
1.24547
1.48908
2.61808
5.34555
11.6106
11.2155
10.7681
10.8004
10.9391
11.1338
11.2384
11.3083
11.3623
11.4284
1
1.00002
1.00006
1.00017
1.00035
1.00099
1.002
1.00571
1.01126
1.03457
1.0626
1.22196
1.43073
2.49463
4.84931
11.0928
10.9908
10.6954
10.6778
10.76
10.9305
11.0189
11.064
11.0889
11.1363
1
1.00002
1.00005
1.00015
1.00032
1.00089
1.00182
1.00517
1.0103
1.03103
1.05755
1.19885
1.38082
2.35893
4.3795
10.3434
10.7817
10.6114
10.5184
10.5661
10.6812
10.7354
10.7311
10.6894
10.6482
1
1.00002
1.00004
1.00013
1.00027
1.00078
1.00158
1.00454
1.00893
1.02761
1.04962
1.17992
1.32746
2.22581
3.96275
9.45719
10.6429
10.5082
10.3338
10.3467
10.3925
10.3839
10.3096
10.1103
9.7777
1
1.00001
1.00004
1.00009
1.00026
1.0005
1.00156
1.00272
1.00984
1.01586
1.0619
1.10132
1.40586
1.84077
3.79397
8.38222
10.5232
10.3984
10.1432
10.0976
10.078
9.99621
9.75883
9.18566
7.71345
1
1.00001
1.00003
1.0001
1.00021
1.00059
1.00119
1.00345
1.00666
1.0212
1.03699
1.1367
1.23928
1.92157
3.12815
7.25867
10.4359
10.2867
9.96303
9.84444
9.7673
9.59288
9.20842
8.42408
6.90481
1
1.00001
1.00003
1.00009
1.00018
1.00052
1.00106
1.003
1.00605
1.01761
1.03436
1.10952
1.20736
1.7256
2.69881
6.00394
10.3098
10.1611
9.80707
9.60169
9.46595
9.21529
8.73647
7.92825
6.7212
1
1.00001
1.00003
1.00007
1.00016
1.00044
1.00089
1.00251
1.00507
1.01457
1.02886
1.08786
1.17359
1.56568
2.32089
4.85089
9.95259
9.93423
9.68377
9.38131
9.17754
8.88205
8.39046
7.64879
6.68638
1
1.00001
1.00002
1.00006
1.00013
1.00035
1.00072
1.00203
1.00409
1.01178
1.02274
1.07284
1.13182
1.46717
2.04783
4.18309
9.05686
9.64357
9.49252
9.17787
8.92011
8.60126
8.13723
7.47803
6.6664
1
1.00001
1.00002
1.00005
1.0001
1.00028
1.00057
1.00159
1.00314
1.00948
1.01696
1.06027
1.09946
1.38596
1.78894
3.58154
7.60593
9.36509
9.279
9.03039
8.71061
8.37113
7.93527
7.34764
6.64484
1
1.00001
1.00001
1.00004
1.00008
1.00022
1.00046
1.00128
1.00258
1.00746
1.0142
1.0464
1.07976
1.29787
1.60026
2.95961
6.06527
9.18672
9.14524
8.93144
8.54907
8.1899
7.77214
7.24004
6.62031
1
1
1.00001
1.00003
1.00006
1.00017
1.00036
1.00099
1.00201
1.00569
1.01121
1.03409
1.06183
1.21456
1.42023
2.36771
4.38711
8.82383
9.02823
8.84744
8.45053
8.04619
7.63529
7.15284
6.59957
1
1
1.00001
1.00002
1.00005
1.00013
1.00027
1.00075
1.00152
1.0043
1.00846
1.02577
1.04643
1.16488
1.29699
2.08645
3.51792
7.79546
8.79115
8.67329
8.3611
7.927
7.51765
7.07333
6.57767
1
1
1.00001
1.00001
1.00004
1.00008
1.00023
1.00046
1.0013
1.00252
1.00782
1.01359
1.04945
1.08103
1.31127
1.62659
3.01349
6.1018
8.52348
8.48483
8.27586
7.84417
7.42132
7.00141
6.55212
1
1
1
1.00001
1.00003
1.00006
1.00017
1.00035
1.00099
1.002
1.00565
1.01104
1.03408
1.0606
1.21442
1.41279
2.34313
4.27817
8.07191
8.35639
8.19894
7.82097
7.3612
6.94925
6.53074
1
1
1
1.00001
1.00002
1.00005
1.00011
1.0003
1.00062
1.00174
1.0035
1.01005
1.01981
1.06046
1.11569
1.37659
1.84974
3.42529
6.96491
8.11242
8.03373
7.77604
7.32597
6.91183
6.51841
1
1
1
1.00001
1.00002
1.00003
1.00009
1.00019
1.00052
1.00106
1.00298
1.0059
1.01763
1.03235
1.11022
1.19857
1.69941
2.58047
5.36116
7.7942
7.81832
7.67992
7.3343
6.90727
6.51569
1
1
1
1
1.00001
1.00003
1.00005
1.00015
1.00031
1.00085
1.00172
1.00487
1.00952
1.02908
1.05213
1.18073
1.34061
2.11544
3.58
7.15142
7.70647
7.60609
7.33465
6.91873
6.52076
1
1
1
1
1.00001
1.00002
1.00004
1.00009
1.00025
1.0005
1.00141
1.0028
1.00819
1.01507
1.0505
1.0855
1.31371
1.62003
2.9471
5.6766
7.46583
7.45717
7.31431
6.96831
6.54022
1
1
1
1
1.00001
1.00001
1.00003
1.00006
1.00017
1.00035
1.00097
1.00198
1.00552
1.01107
1.03202
1.06136
1.19452
1.39502
2.19966
3.86771
6.96127
7.36087
7.26679
7.0112
6.58542
1
1
1
1
1
1.00001
1.00002
1.00005
1.0001
1.00028
1.00056
1.00156
1.00316
1.00893
1.01768
1.05248
1.10226
1.31793
1.711
2.97184
5.77097
7.14483
7.1359
6.99848
6.67666
1
1
1
1
1
1.00001
1.00001
1.00003
1.00008
1.00016
1.00044
1.00089
1.00247
1.00497
1.01413
1.02771
1.08383
1.16285
1.51361
2.15463
4.04308
6.66454
7.01948
6.94044
6.71253
1
1
1
1
1
1
1.00001
1.00002
1.00004
1.00012
1.00024
1.00067
1.00136
1.00377
1.00742
1.02206
1.04001
1.13506
1.24402
1.82624
2.83492
5.60044
6.8007
6.79631
6.69064
1
1
1
1
1
1
1.00001
1.00001
1.00003
1.00008
1.00016
1.00044
1.0009
1.00248
1.00501
1.01408
1.02785
1.08255
1.16247
1.50132
2.11813
3.89893
6.3096
6.68807
6.62974
1
1
1
1
1
1
1
1.00001
1.00002
1.00004
1.00012
1.00024
1.00065
1.00131
1.00363
1.00715
1.02113
1.03839
1.12862
1.23181
1.77768
2.70592
5.24547
6.46528
6.5032
1
1
1
1
1
1
1
1
1.00001
1.00003
1.00007
1.00015
1.00042
1.00085
1.00232
1.00468
1.01306
1.02587
1.07561
1.15038
1.45099
2.00041
3.54224
5.94548
6.39625
1
1
1
1
1
1
1
1
1.00001
1.00002
1.00004
1.00011
1.00022
1.00059
1.00118
1.00328
1.00639
1.01915
1.03415
1.11621
1.20448
1.70583
2.50023
4.81325
6.14609
1
1
1
1
1
1
1
1
1.00001
1.00001
1.00003
1.00006
1.00015
1.00031
1.00086
1.00173
1.00476
1.00942
1.02733
1.05075
1.16129
1.31469
1.91996
3.05777
5.56401
1
1
1
1
1
1
1
1
1
1.00001
1.00002
1.00004
1.0001
1.00019
1.00053
1.00107
1.00292
1.00582
1.01657
1.03093
1.09972
1.17694
1.59533
2.26277
4.21707
1
1
1
1
1
1
1
1
1
1
1.00001
1.00002
1.00006
1.00012
1.00032
1.00065
1.00177
1.00356
1.00981
1.01976
1.0552
1.11442
1.32101
1.71156
2.81147
1
1
1
1
1
1
1
1
1
1
1.00001
1.00001
1.00003
1.00008
1.00016
1.00044
1.00089
1.00242
1.00487
1.01349
1.02645
1.07831
1.14838
1.45856
1.98712
1
1
1
1
1
1
1
1
1
1
1
1.00001
1.00002
1.00005
1.0001
1.00026
1.00053
1.00143
1.00289
1.00791
1.01592
1.04421
1.09087
1.25366
1.55797
1
1
1
1
1
1
1
1
1
1
1
1
1.00001
1.00002
1.00006
1.00013
1.00035
1.0007
1.00189
1.00381
1.01046
1.02088
1.05858
1.11973
1.33389
1
1
1
1
1
1
1
1
1
1
1
1
1.00001
1.00002
1.00003
1.00009
1.00017
1.00047
1.00095
1.00255
1.00514
1.01419
1.02739
1.08234
1.15229
1
1
1
1
1
1
1
1
1
1
1
1
1
1.00001
1.00002
1.00005
1.0001
1.00027
1.00056
1.0015
1.00303
1.00824
1.0166
1.04573
1.0942
1
1
1
1
1
1
1
1
1
1
1
1
1
1
1.00001
1.00003
1.00007
1.00014
1.00038
1.00077
1.00207
1.00417
1.01144
1.02276
1.06415
1
1
1
1
1
1
1
1
1
1
1
1
1
1
1.00001
1.00002
1.00004
1.00011
1.00022
1.00061
1.00123
1.00335
1.00675
1.01895
1.03664
1
1
1
1
1
1
1
1
1
1
1
1
1
1
1.00001
1.00001
1.00004
1.00007
1.0002
1.00042
1.00115
1.00233
1.00655
1.0129
1.03899
1
1
1
1
1
1
1
1
1
1
1
1
1
1
1.00001
1.00001
1.00003
1.00006
1.00018
1.00036
1.00102
1.00206
1.00591
1.01153
1.03604
1
1
1
1
1
1
1
1
1
1
1
1
1
1
1
1.00001
1.00003
1.00007
1.00014
1.00041
1.00083
1.00239
1.00478
1.01427
1.02698
1
1
1
1
1
1
1
1
1
1
1
1
1
1
1
1.00001
1.00002
1.00007
1.00014
1.00041
1.00083
1.00236
1.00478
1.01395
1.02748
1
1
1
1
1
1
1
1
1
1
1
1
1
1
1
1.00001
1.00002
1.00007
1.00013
1.00038
1.00078
1.00225
1.00445
1.01379
1.02516
1
1
1
1
1
1
1
1
1
1
1
1
1
1
1
1.00001
1.00003
1.00005
1.00015
1.00031
1.0009
1.00176
1.00544
1.00973
1.03485
1
1
1
1
1
1
1
1
1
1
1
1
1
1
1
1.00001
1.00002
1.00006
1.00013
1.00038
1.00076
1.00221
1.00435
1.01362
1.02448
3.45998
2.3744
2.6558
3.66476
3.63535
3.44383
3.3046
3.23788
3.20741
3.15957
3.08911
3.0148
2.95357
2.90465
2.85633
2.80439
2.75166
2.70177
2.65787
2.61938
2.58096
2.53774
2.50588
2.49169
2.48745
2.48773
2.51922
2.58771
2.69427
2.83129
2.98574
3.14749
3.30994
3.46796
3.61699
3.7528
3.87474
3.98278
4.08046
4.16637
4.23956
4.30215
4.35291
4.40005
4.43752
4.46353
4.48194
4.4939
4.49945
4.49962
4.49692
4.48965
4.477
4.46263
4.44625
4.42866
4.40996
4.39089
4.37193
4.35351
4.33612
4.3201
4.30577
4.29336
4.28298
4.27464
4.26819
4.26332
4.2596
4.25651
4.25346
4.24988
4.24514
4.2387
4.22993
4.21837
4.20358
4.18539
4.16364
4.13847
4.10994
4.07836
4.04393
4.00698
3.96781
3.92674
3.88406
3.84009
3.79511
3.7494
3.70324
3.65693
3.61086
3.56548
3.52139
3.4793
3.44024
3.40553
3.377
3.35796
4.21677
3.26798
3.35856
3.67365
3.59048
3.40717
3.28457
3.26968
3.24892
3.19132
3.09287
3.00252
2.93536
2.89265
2.85154
2.80286
2.75162
2.70169
2.65691
2.61749
2.58116
2.5437
2.50788
2.49016
2.48419
2.48394
2.51072
2.57514
2.67921
2.81647
2.97174
3.13416
3.29664
3.45422
3.60275
3.73806
3.85918
3.96503
4.06556
4.15316
4.22667
4.28966
4.34245
4.39007
4.42722
4.45436
4.47328
4.48568
4.4918
4.49226
4.49034
4.48411
4.47119
4.45632
4.44046
4.42328
4.40499
4.38621
4.36749
4.34932
4.33214
4.31631
4.30215
4.28988
4.27962
4.27138
4.26501
4.26023
4.25658
4.25354
4.25049
4.24689
4.2421
4.23564
4.22692
4.21548
4.20085
4.18281
4.1612
4.1361
4.10763
4.07606
4.04166
4.00474
3.96561
3.9246
3.88199
3.83809
3.79318
3.74751
3.70137
3.65505
3.60894
3.56346
3.51923
3.47684
3.43755
3.40257
3.37354
3.35411
5.03642
4.0225
3.64914
3.65053
3.59722
3.45267
3.30165
3.25273
3.2079
3.1579
3.08103
3.00275
2.94463
2.90643
2.86219
2.80526
2.74837
2.69504
2.64825
2.60872
2.57473
2.5423
2.51208
2.48935
2.47938
2.47783
2.5
2.55769
2.65622
2.79395
2.94961
3.1102
3.26989
3.42757
3.57975
3.71698
3.83996
3.94968
4.05006
4.13769
4.21226
4.27616
4.33005
4.37638
4.41366
4.44176
4.46152
4.4744
4.48102
4.48195
4.48059
4.4756
4.46429
4.44838
4.43241
4.4158
4.39817
4.37994
4.36168
4.34394
4.32713
4.31164
4.29773
4.28566
4.2755
4.26729
4.26087
4.25597
4.25214
4.24887
4.24551
4.24155
4.23637
4.22956
4.22057
4.20903
4.19446
4.17658
4.15519
4.13031
4.10204
4.07064
4.03639
3.99963
3.96067
3.91984
3.87744
3.83374
3.78901
3.74348
3.69744
3.65117
3.60507
3.55953
3.51521
3.4729
3.43324
3.39763
3.36766
3.34721
5.45072
4.48588
3.92627
3.71014
3.61826
3.48198
3.34059
3.26483
3.21505
3.15717
3.07649
2.99781
2.93589
2.89009
2.84658
2.79674
2.74441
2.69405
2.64857
2.60992
2.57638
2.54149
2.5112
2.4851
2.46814
2.46314
2.48337
2.53748
2.62816
2.76406
2.91773
3.07928
3.24153
3.4002
3.55112
3.68861
3.81227
3.923
4.02298
4.11128
4.18744
4.25252
4.30767
4.35425
4.39216
4.42129
4.44221
4.45603
4.46353
4.46539
4.46455
4.46108
4.45247
4.43658
4.42031
4.40419
4.38751
4.37029
4.35291
4.33596
4.31983
4.30493
4.29148
4.27972
4.26969
4.26144
4.25477
4.24947
4.2451
4.24119
4.23713
4.23241
4.22645
4.21889
4.20928
4.19731
4.18259
4.16483
4.14377
4.11935
4.09159
4.06069
4.02692
3.99062
3.95211
3.91172
3.86975
3.82648
3.78212
3.7369
3.69112
3.64503
3.59913
3.55391
3.50971
3.46718
3.4271
3.39071
3.35959
3.33777
5.68175
4.81108
4.20264
3.85353
3.67724
3.54283
3.40861
3.30281
3.23283
3.1644
3.08491
3.00782
2.94418
2.89437
2.84626
2.79365
2.74049
2.69031
2.64522
2.60608
2.57088
2.53721
2.50865
2.48589
2.47119
2.46956
2.48449
2.53389
2.62731
2.75126
2.89488
3.04669
3.20507
3.36118
3.51
3.6473
3.77192
3.88414
3.985
4.07451
4.1525
4.21948
4.27631
4.324
4.36295
4.39343
4.41586
4.43116
4.44006
4.44347
4.44309
4.44101
4.43518
4.42271
4.40626
4.39039
4.37473
4.35888
4.34287
4.32715
4.31207
4.29803
4.28524
4.27388
4.26397
4.25552
4.24833
4.24221
4.23678
4.23165
4.22629
4.22024
4.21298
4.20415
4.19341
4.18053
4.16523
4.14727
4.12642
4.10251
4.0755
4.04544
4.01256
3.97711
3.93942
3.89979
3.85855
3.81592
3.7721
3.72733
3.682
3.63654
3.5912
3.54628
3.50224
3.45954
3.41903
3.38182
3.34949
3.32608
5.82952
5.05976
4.456
4.04767
3.79681
3.62729
3.48331
3.36306
3.27002
3.18716
3.10785
3.03107
2.96217
2.90358
2.85068
2.79869
2.74641
2.69614
2.65099
2.61104
2.57565
2.54439
2.51893
2.50054
2.4923
2.49629
2.51719
2.57086
2.65987
2.76485
2.88797
3.01835
3.15454
3.30073
3.44692
3.58623
3.71507
3.83121
3.93444
4.02576
4.10577
4.17508
4.23423
4.28404
4.32494
4.35745
4.38199
4.39938
4.41032
4.41588
4.41634
4.41549
4.41236
4.40481
4.39006
4.3747
4.35997
4.34564
4.33137
4.3173
4.30366
4.29079
4.27884
4.26797
4.25813
4.2493
4.24128
4.23391
4.22688
4.21991
4.21258
4.20453
4.19533
4.18467
4.17227
4.15796
4.1416
4.12304
4.10211
4.07862
4.05248
4.02361
3.99208
3.95803
3.92172
3.88338
3.84333
3.8017
3.75859
3.71478
3.67044
3.62577
3.58109
3.53665
3.49286
3.45016
3.40934
3.37144
3.33801
3.31293
5.9271
5.25017
4.67374
4.23869
3.93547
3.72349
3.56061
3.42652
3.31795
3.22606
3.14271
3.06333
2.9897
2.92381
2.86464
2.81107
2.75871
2.70809
2.66183
2.62205
2.58923
2.56376
2.54684
2.5406
2.54425
2.56106
2.6056
2.68315
2.75411
2.82718
2.91193
3.00828
3.10623
3.213
3.34482
3.48597
3.62668
3.75473
3.86671
3.96363
4.04743
4.11958
4.18145
4.23397
4.27759
4.31291
4.34036
4.36062
4.37435
4.38254
4.38592
4.38583
4.38465
4.38086
4.37222
4.35847
4.34473
4.33185
4.31946
4.30736
4.2955
4.28406
4.27312
4.26277
4.25294
4.24355
4.23443
4.22543
4.21632
4.20691
4.19696
4.18619
4.17436
4.16122
4.1466
4.13038
4.1125
4.09288
4.07148
4.04813
4.02272
3.99507
3.96514
3.93289
3.89845
3.86193
3.82354
3.78324
3.74187
3.69929
3.65607
3.61234
3.56847
3.52462
3.48126
3.43874
3.39781
3.35942
3.32514
3.29858
5.99354
5.39204
4.85374
4.41464
4.08031
3.83363
3.64583
3.49598
3.37422
3.27183
3.18218
3.09921
3.02236
2.95239
2.88977
2.83267
2.77906
2.72775
2.68171
2.64256
2.61441
2.59807
2.59725
2.60211
2.62198
2.67294
2.77662
2.86596
2.91497
2.95015
2.98737
3.02782
3.08782
3.14235
3.21578
3.33726
3.48657
3.63286
3.76464
3.87787
3.97303
4.05189
4.11833
4.17418
4.22073
4.25922
4.29021
4.31407
4.33148
4.34323
4.3501
4.35327
4.35323
4.35223
4.34882
4.34111
4.32958
4.31807
4.30735
4.29719
4.28727
4.27744
4.26764
4.25783
4.24793
4.23783
4.22737
4.21642
4.20485
4.19253
4.17938
4.16529
4.15019
4.13397
4.1166
4.098
4.0782
4.05717
4.03492
4.01134
3.98636
3.95976
3.93141
3.90113
3.8689
3.83467
3.79833
3.76031
3.72084
3.68007
3.63839
3.59595
3.55314
3.51016
3.46745
3.42536
3.38458
3.34598
3.31112
3.28334
6.0402
5.50038
5.00024
4.57081
4.22291
3.95181
3.74111
3.57377
3.43785
3.32444
3.22781
3.13951
3.05985
2.98583
2.91993
2.85888
2.80398
2.75198
2.70746
2.67121
2.65215
2.65256
2.65915
2.68237
2.74121
2.86865
3.03101
3.11885
3.13822
3.13558
3.12501
3.10132
3.10234
3.11625
3.15132
3.21483
3.31751
3.45902
3.6072
3.74622
3.86533
3.9629
4.04124
4.10463
4.15575
4.19795
4.23274
4.26032
4.28201
4.29807
4.30921
4.31638
4.3204
4.32148
4.32103
4.31897
4.31392
4.30493
4.29602
4.28743
4.27916
4.27082
4.26213
4.25282
4.2428
4.23186
4.21988
4.20676
4.19245
4.17694
4.16027
4.14249
4.12372
4.10402
4.08348
4.06214
4.04008
4.01729
3.99384
3.96965
3.94468
3.91873
3.89165
3.86316
3.83315
3.80131
3.76764
3.73216
3.69511
3.65657
3.61685
3.5761
3.53474
3.49296
3.45123
3.40988
3.36956
3.33108
3.29598
3.26739
6.07085
5.58358
5.12023
4.70709
4.35703
4.07132
3.84236
3.6582
3.50832
3.38367
3.27798
3.18413
3.10124
3.0231
2.95432
2.88953
2.83326
2.78085
2.73923
2.70923
2.70823
2.71409
2.73603
2.793
2.91827
3.16998
3.36261
3.41552
3.40811
3.379
3.31087
3.21116
3.14393
3.1283
3.13678
3.16395
3.21579
3.29762
3.41604
3.56148
3.70379
3.82962
3.93307
4.01491
4.07863
4.12842
4.16852
4.20016
4.22628
4.24696
4.26298
4.27492
4.28353
4.28914
4.29287
4.29336
4.29275
4.29048
4.28539
4.27845
4.27139
4.26398
4.25596
4.24695
4.23662
4.22472
4.21107
4.19566
4.17853
4.15975
4.13953
4.11802
4.09552
4.07219
4.0483
4.02395
3.99934
3.97447
3.94945
3.92422
3.89878
3.87296
3.84661
3.81946
3.79131
3.76178
3.73071
3.69802
3.66374
3.62784
3.59056
3.55203
3.5126
3.47251
3.43219
3.39198
3.35249
3.31448
3.27948
3.25047
6.09296
5.64848
5.21948
4.82564
4.48026
4.18777
3.94581
3.74724
3.58396
3.44793
3.33293
3.23275
3.14439
3.06327
2.9915
2.92415
2.86647
2.81492
2.77732
2.76546
2.77004
2.78867
2.83922
2.95507
3.19869
3.54822
3.73849
3.73797
3.71454
3.64618
3.5034
3.35356
3.24328
3.1774
3.15485
3.15949
3.17911
3.21965
3.28043
3.37233
3.50273
3.64177
3.77254
3.88409
3.97317
4.04132
4.09335
4.13334
4.16532
4.19079
4.2119
4.22899
4.24266
4.25342
4.26176
4.26748
4.27135
4.27154
4.27085
4.26859
4.2637
4.25689
4.24892
4.23966
4.22867
4.21555
4.20015
4.18246
4.1626
4.14074
4.11719
4.0922
4.06618
4.03939
4.0122
3.98481
3.95747
3.93027
3.90335
3.87667
3.85027
3.824
3.79779
3.77135
3.74448
3.71686
3.68807
3.65801
3.62655
3.59355
3.5591
3.52327
3.48633
3.44848
3.4101
3.37152
3.33332
3.2962
3.26168
3.2327
6.11423
5.70231
5.30166
4.92805
4.59154
4.29804
4.04841
3.83871
3.6635
3.51645
3.39193
3.28449
3.19034
3.10581
3.03034
2.96158
2.90318
2.85486
2.82965
2.83198
2.84545
2.88602
2.98389
3.19467
3.62274
3.99767
4.09953
4.0822
4.02224
3.88738
3.68824
3.51343
3.37808
3.28053
3.21807
3.1848
3.18579
3.19606
3.22156
3.26519
3.33432
3.43888
3.56859
3.70031
3.81909
3.91716
3.99381
4.05166
4.09547
4.1293
4.15651
4.17908
4.19778
4.21394
4.22736
4.23833
4.24686
4.25222
4.25448
4.25405
4.25235
4.24834
4.24051
4.23051
4.21832
4.20362
4.18633
4.16644
4.14412
4.11955
4.09312
4.06511
4.03602
4.00614
3.97594
3.94563
3.91558
3.8859
3.8568
3.82828
3.80043
3.77314
3.74638
3.71993
3.69362
3.66699
3.63999
3.61213
3.58325
3.55312
3.5217
3.48892
3.45496
3.41988
3.38403
3.34764
3.31127
3.27555
3.24194
3.2135
6.13038
5.74831
5.37385
5.01783
4.69169
4.40109
4.14777
3.93022
3.74516
3.58806
3.45426
3.33916
3.23896
3.1503
3.0718
3.00234
2.94471
2.90345
2.90174
2.91006
2.94099
3.02162
3.20318
3.58416
4.14741
4.43315
4.4316
4.39639
4.29697
4.09145
3.87125
3.68478
3.53452
3.41612
3.32584
3.26142
3.22051
3.20597
3.20972
3.22347
3.25223
3.30076
3.37751
3.49231
3.61833
3.74171
3.85009
3.93779
4.00517
4.05585
4.09434
4.12466
4.14963
4.17118
4.18964
4.20565
4.21887
4.22896
4.23565
4.23716
4.23649
4.23423
4.22906
4.21874
4.20506
4.1885
4.16922
4.14723
4.12273
4.09588
4.0671
4.03666
4.00508
3.97264
3.93987
3.90698
3.87441
3.84228
3.8109
3.78028
3.75061
3.7218
3.6939
3.66672
3.64017
3.61385
3.58771
3.56133
3.53451
3.50693
3.47845
3.44884
3.41815
3.38628
3.35346
3.31982
3.28583
3.2521
3.21988
3.19257
6.14749
5.78743
5.43569
5.09877
4.78451
4.49747
4.24235
4.01968
3.82696
3.66128
3.51905
3.39643
3.29015
3.19718
3.11616
3.04743
2.9935
2.97556
2.98133
3.00537
3.07102
3.22274
3.54324
4.18581
4.66181
4.77382
4.75029
4.67307
4.5028
4.26439
4.0463
3.85955
3.70249
3.57064
3.46123
3.3725
3.30288
3.25341
3.22092
3.21864
3.22354
3.23825
3.27055
3.32669
3.41577
3.53349
3.65783
3.77474
3.87472
3.95427
4.01474
4.06032
4.09558
4.12419
4.14827
4.16917
4.18679
4.20088
4.21127
4.21667
4.21632
4.21475
4.21081
4.20243
4.18786
4.16969
4.14857
4.12466
4.09827
4.06958
4.03897
4.00668
3.97321
3.93881
3.90399
3.86896
3.8342
3.79984
3.76625
3.73347
3.70176
3.67108
3.64156
3.61306
3.58552
3.55865
3.53253
3.50681
3.48131
3.45568
3.42972
3.40306
3.37559
3.34709
3.31761
3.28716
3.25606
3.22491
3.19461
3.16913
6.1687
5.82536
5.49291
5.17148
4.86697
4.58676
4.33272
4.10615
3.90782
3.73497
3.58564
3.45622
3.34427
3.24733
3.16527
3.09869
3.06166
3.06453
3.08216
3.13591
3.26661
3.55106
4.13597
4.7898
5.05912
5.05202
5.00559
4.88785
4.65328
4.4216
4.21535
4.0342
3.87518
3.73485
3.61164
3.50417
3.41261
3.33722
3.27905
3.23875
3.21924
3.22061
3.22695
3.24526
3.28379
3.34874
3.45134
3.57111
3.69399
3.80559
3.89843
3.97121
4.02653
4.06859
4.1014
4.12798
4.14995
4.16801
4.1809
4.18978
4.19052
4.18949
4.18632
4.17931
4.16523
4.14635
4.12394
4.09854
4.07067
4.04056
4.00861
3.97502
3.94022
3.90442
3.86812
3.83147
3.79496
3.75872
3.72316
3.68835
3.6546
3.6219
3.59046
3.56017
3.53106
3.50296
3.47611
3.45024
3.42526
3.40079
3.37662
3.35232
3.32768
3.30233
3.27618
3.24912
3.22127
3.19325
3.16536
3.14253
6.2114
5.87013
5.5466
5.23682
4.94252
4.66773
4.41598
4.18895
3.98691
3.80915
3.65363
3.51853
3.40172
3.3021
3.22189
3.16216
3.15988
3.17169
3.2149
3.3263
3.57527
4.09491
4.86254
5.26851
5.31765
5.28886
5.20211
5.01857
4.78623
4.57201
4.37977
4.20572
4.0466
3.90067
3.76755
3.64709
3.53959
3.44546
3.36506
3.30014
3.25186
3.21968
3.21348
3.21514
3.22461
3.24855
3.29721
3.37501
3.48787
3.61068
3.73079
3.83708
3.92383
3.99068
4.04076
4.07825
4.10666
4.12881
4.14469
4.15533
4.15831
4.15749
4.15475
4.14855
4.13596
4.11732
4.09454
4.06844
4.03972
4.00872
3.97591
3.94148
3.90585
3.86917
3.83189
3.79412
3.75635
3.71867
3.68152
3.64495
3.60934
3.57467
3.54124
3.50888
3.47778
3.44812
3.42003
3.39337
3.36812
3.34394
3.32066
3.29785
3.27526
3.25248
3.2293
3.20552
3.18101
3.15648
3.1314
3.11204
6.26487
5.915
5.59799
5.29563
5.00979
4.74176
4.49416
4.26829
4.06459
3.88338
3.72328
3.58386
3.46377
3.36462
3.28924
3.26499
3.27406
3.30989
3.40572
3.62385
4.08261
4.89605
5.41353
5.54921
5.53138
5.46851
5.32708
5.11365
4.90635
4.71537
4.53761
4.37056
4.21229
4.06309
3.92323
3.79348
3.67435
3.56655
3.47063
3.38719
3.31768
3.26243
3.22375
3.20516
3.20488
3.20862
3.223
3.25532
3.31498
3.40999
3.52817
3.65292
3.76984
3.86947
3.94838
4.0074
4.0499
4.08
4.10078
4.11359
4.11863
4.11797
4.11564
4.11025
4.09924
4.0816
4.05945
4.03368
4.00496
3.97377
3.94063
3.90584
3.86982
3.8327
3.79489
3.75649
3.71792
3.67926
3.64096
3.60302
3.56586
3.52944
3.49409
3.45965
3.4267
3.3953
3.36572
3.3378
3.31162
3.2869
3.26358
3.24126
3.21976
3.19868
3.17777
3.15681
3.1354
3.11447
3.09236
3.07717
6.31627
5.95786
5.64144
5.35003
5.07323
4.81039
4.56666
4.34355
4.14042
3.95779
3.79524
3.65334
3.53349
3.43916
3.38983
3.39517
3.42347
3.50598
3.69912
4.10698
4.92002
5.54327
5.74815
5.73957
5.69685
5.59161
5.39882
5.20503
5.02446
4.85345
4.6881
4.5267
4.36998
4.21902
4.07488
3.9387
3.81142
3.6938
3.58638
3.48979
3.40469
3.33227
3.27261
3.2283
3.20096
3.1946
3.19588
3.2041
3.22569
3.27029
3.34379
3.45202
3.57353
3.69497
3.80459
3.89455
3.96268
4.01079
4.04266
4.06217
4.07101
4.07066
4.06888
4.06442
4.05505
4.03879
4.0181
3.99357
3.96576
3.93516
3.90238
3.86776
3.8318
3.79464
3.7567
3.71806
3.67913
3.63994
3.60092
3.56205
3.52371
3.48583
3.44876
3.41268
3.37819
3.34523
3.31411
3.28469
3.25714
3.23125
3.20709
3.18435
3.16298
3.14263
3.12308
3.10419
3.08532
3.06774
3.04849
3.03789
6.41959
6.02217
5.69063
5.40083
5.13168
4.87905
4.64086
4.41894
4.21579
4.03241
3.86989
3.72841
3.61445
3.5367
3.53804
3.55919
3.63055
3.80629
4.18455
4.94783
5.65011
5.92848
5.92625
5.89639
5.81495
5.65027
5.46976
5.30164
5.14249
4.98617
4.82999
4.67388
4.51914
4.36736
4.22057
4.08011
3.94731
3.82271
3.7071
3.60095
3.50473
3.41921
3.34491
3.28286
3.23443
3.20083
3.18641
3.18674
3.19088
3.2047
3.23518
3.29146
3.38221
3.49354
3.61302
3.72691
3.82493
3.90142
3.95591
3.99087
4.01071
4.01524
4.01425
4.011
4.0038
3.98956
3.97053
3.9476
3.92131
3.8921
3.86045
3.82671
3.79134
3.7546
3.71691
3.67842
3.6395
3.6002
3.56086
3.52141
3.48222
3.44323
3.40513
3.36804
3.3324
3.29813
3.26557
3.23459
3.20547
3.17806
3.15256
3.12875
3.10672
3.08624
3.06715
3.04946
3.03235
3.01758
3.00083
2.9949
6.44821
6.08422
5.7462
5.45454
5.19096
4.94387
4.71062
4.49309
4.29234
4.11019
3.94908
3.81479
3.71549
3.69765
3.71493
3.77917
3.94299
4.30043
5.02633
5.75416
6.0776
6.10734
6.08314
6.01089
5.86283
5.69953
5.54687
5.40225
5.25902
5.11297
4.96331
4.81105
4.65834
4.50715
4.35955
4.21678
4.0803
3.95085
3.82952
3.71649
3.61244
3.51758
3.43272
3.3579
3.29466
3.24333
3.20601
3.18334
3.17937
3.18068
3.18827
3.20816
3.24921
3.31795
3.41489
3.52463
3.63604
3.73784
3.8214
3.8831
3.92343
3.94506
3.94941
3.94815
3.94397
3.9347
3.91767
3.89614
3.87145
3.84401
3.81411
3.78192
3.74779
3.71202
3.67507
3.63715
3.59863
3.55954
3.52018
3.48044
3.44081
3.4015
3.36306
3.32544
3.28905
3.25376
3.21999
3.18761
3.15699
3.12802
3.10101
3.07583
3.05269
3.03146
3.01212
2.99482
2.97873
2.96597
2.95149
2.94966
6.42379
6.20623
5.8367
5.52485
5.25547
5.01046
4.78122
4.56711
4.36961
4.19172
4.03974
3.92213
3.8808
3.89504
3.95363
4.10885
4.45222
5.15243
5.89573
6.26105
6.28913
6.26624
6.19671
6.05359
5.89937
5.76064
5.63229
5.50477
5.3724
5.23324
5.08818
4.93904
4.78833
4.63803
4.49038
4.34657
4.20837
4.07627
3.95126
3.8336
3.72395
3.62256
3.52999
3.44646
3.37245
3.30832
3.25531
3.21418
3.1858
3.17222
3.17181
3.17408
3.1843
3.20961
3.26094
3.33659
3.43151
3.53496
3.63606
3.72449
3.79339
3.84038
3.86647
3.87387
3.87277
3.86857
3.85895
3.84003
3.81722
3.79142
3.76325
3.73284
3.70043
3.66622
3.63062
3.59378
3.55606
3.51746
3.47828
3.43871
3.39941
3.36037
3.32202
3.28424
3.24744
3.21149
3.17685
3.14339
3.11157
3.08127
3.0529
3.02639
3.00202
2.97981
2.95983
2.94237
2.92686
2.9152
2.90379
2.90406
6.36161
6.22555
5.9348
5.60586
5.3259
5.0795
4.85315
4.64326
4.45147
4.28397
4.15052
4.08881
4.10024
4.1545
4.30451
4.64104
5.32911
6.07526
6.44785
6.48024
6.45749
6.38629
6.23969
6.08572
5.95353
5.83696
5.72406
5.60626
5.48017
5.34545
5.20395
5.05773
4.90939
4.7608
4.61412
4.4705
4.33156
4.19785
4.07057
3.94988
3.83659
3.73083
3.63284
3.54304
3.4613
3.38832
3.32392
3.26911
3.22426
3.1905
3.16852
3.16033
3.15677
3.15937
3.17127
3.19968
3.25758
3.33455
3.42693
3.52336
3.61347
3.6884
3.74289
3.77546
3.7892
3.78864
3.7853
3.77669
3.75897
3.73556
3.7087
3.67964
3.64889
3.61658
3.58281
3.54756
3.51102
3.47323
3.4349
3.39625
3.35774
3.31929
3.28132
3.24369
3.20684
3.17064
3.13556
3.1015
3.0689
3.03772
3.00835
2.98082
2.95545
2.93236
2.91176
2.89398
2.879
2.86801
2.86052
2.86126
6.26757
6.20493
6.0335
5.70176
5.40609
5.15311
4.92757
4.7238
4.54395
4.39781
4.31972
4.3291
4.38119
4.53048
4.86891
5.56099
6.30413
6.67266
6.69943
6.6715
6.58902
6.42187
6.26398
6.13474
6.02563
5.92338
5.8181
5.70457
5.58155
5.44973
5.31117
5.16787
5.02218
4.87584
4.73078
4.58819
4.44954
4.31551
4.1872
4.06486
3.94928
3.8404
3.73874
3.64421
3.55701
3.47713
3.4046
3.33968
3.28256
3.23375
3.19417
3.16311
3.14667
3.13375
3.12829
3.13156
3.14489
3.17566
3.23757
3.31396
3.40219
3.49087
3.57001
3.6321
3.67313
3.69493
3.69745
3.69551
3.68909
3.67493
3.651
3.62345
3.59404
3.56331
3.5313
3.49771
3.4627
3.42653
3.38976
3.35244
3.31502
3.27743
3.24012
3.20299
3.16646
3.13046
3.0954
3.06125
3.02839
2.99686
2.96702
2.93898
2.91309
2.88956
2.86878
2.85103
2.83701
2.82718
2.82369
2.82481
6.14788
6.13741
6.04329
5.8227
5.50693
5.23622
5.00868
4.81329
4.65498
4.56892
4.57766
4.63091
4.78599
5.13817
5.85621
6.58845
6.94227
6.94499
6.90941
6.81183
6.61538
6.44426
6.31291
6.2076
6.11226
6.0156
5.91179
5.7987
5.67655
5.54651
5.41039
5.26997
5.12712
4.98348
4.8406
4.69981
4.56223
4.42884
4.30041
4.17749
4.0606
3.94987
3.84571
3.74777
3.65643
3.5712
3.49237
3.41956
3.35308
3.29289
3.2395
3.19326
3.15512
3.12742
3.10799
3.09025
3.08634
3.09038
3.10516
3.13828
3.20149
3.27667
3.36024
3.44123
3.50987
3.56034
3.59021
3.60159
3.6007
3.59635
3.58565
3.56386
3.53722
3.50765
3.47657
3.44428
3.41114
3.37707
3.34228
3.3067
3.27072
3.23435
3.19803
3.16176
3.12594
3.09057
3.056
3.02226
2.98969
2.95839
2.92869
2.90079
2.87506
2.85184
2.83157
2.81484
2.80238
2.7954
2.79565
2.79768
5.81358
6.04855
6.01033
5.88189
5.61332
5.33316
5.10595
4.92842
4.8336
4.84303
4.90086
5.06881
5.44781
6.21552
6.93547
7.25071
7.24223
7.18406
7.04448
6.81925
6.63648
6.49988
6.39322
6.29957
6.20696
6.10874
6.00246
5.88771
5.76536
5.6365
5.50259
5.36497
5.22512
5.08443
4.94418
4.80566
4.66984
4.53775
4.41
4.28729
4.1699
4.05816
3.95213
3.85177
3.757
3.66759
3.58346
3.50433
3.43027
3.36108
3.29716
3.23848
3.18604
3.14018
3.10378
3.07537
3.05098
3.03112
3.03141
3.0369
3.05353
3.08967
3.15285
3.2272
3.3061
3.37905
3.43782
3.477
3.49893
3.50081
3.4987
3.49164
3.47614
3.44949
3.41967
3.38841
3.35667
3.32439
3.29159
3.25804
3.22394
3.18927
3.15441
3.11945
3.08478
3.05047
3.01686
2.98404
2.95232
2.92187
2.89301
2.86604
2.84134
2.81948
2.80081
2.78671
2.77682
2.77637
2.77756
2.78189
5.01297
5.85094
5.9258
5.86939
5.72098
5.45084
5.23083
5.11402
5.12431
5.18891
5.37655
5.79606
6.63876
7.34297
7.60704
7.5868
7.49809
7.3015
7.05605
6.85379
6.70457
6.59036
6.49312
6.39956
6.30261
6.19923
6.08884
5.97173
5.84875
5.72074
5.58873
5.4537
5.31678
5.17911
5.04176
4.90586
4.7723
4.64201
4.51559
4.39362
4.27638
4.16414
4.05684
3.95453
3.85692
3.76385
3.67509
3.59053
3.50998
3.43344
3.36095
3.29284
3.22926
3.17094
3.1187
3.07331
3.03884
3.00476
2.97906
2.96317
2.96459
2.97221
2.9921
3.03365
3.0966
3.16935
3.24297
3.30754
3.35688
3.387
3.39939
3.39853
3.39419
3.38317
3.36066
3.33205
3.30128
3.26991
3.23838
3.20658
3.17442
3.1418
3.10887
3.07578
3.04276
3.01004
2.97788
2.94652
2.91622
2.88728
2.86004
2.83491
2.81236
2.79311
2.77782
2.76762
2.76548
2.76678
2.77106
2.78223
3.45733
5.37951
5.81793
5.81522
5.75914
5.61704
5.42908
5.43589
5.50525
5.71642
6.18815
7.12199
7.81104
8.01127
7.97654
7.8521
7.5907
7.31627
7.09521
6.9313
6.80631
6.70051
6.60112
6.50062
6.39588
6.28597
6.171
6.05134
5.92753
5.80008
5.66966
5.53695
5.40279
5.26808
5.13372
5.00066
4.86967
4.74157
4.61686
4.49605
4.37935
4.26691
4.1587
4.05468
3.95467
3.85856
3.76597
3.67671
3.59066
3.50775
3.42816
3.35193
3.27957
3.21121
3.14772
3.08972
3.03811
2.99622
2.95672
2.92299
2.89767
2.89033
2.89275
2.90245
2.92548
2.97255
3.03511
3.10574
3.17379
3.2306
3.26986
3.29278
3.29512
3.29303
3.2862
3.27102
3.24445
3.21497
3.18435
3.15357
3.12286
3.09216
3.0614
3.03055
2.99972
2.96912
2.93901
2.90971
2.88153
2.85487
2.83018
2.80801
2.789
2.77421
2.76393
2.7625
2.76373
2.76786
2.7776
2.79912
2.44192
4.29262
5.53555
5.77174
5.77515
5.75642
5.76556
5.85022
6.11054
6.67955
7.67349
8.33737
8.46116
8.40766
8.24199
7.90776
7.60503
7.36346
7.1839
7.04645
6.92985
6.82038
6.71134
6.60025
6.48641
6.36962
6.25004
6.1277
6.00282
5.87558
5.74636
5.6156
5.48393
5.35204
5.22065
5.0905
4.96226
4.83655
4.7138
4.59432
4.4783
4.36591
4.257
4.15148
4.04915
3.94988
3.85343
3.75975
3.66866
3.58026
3.49457
3.41197
3.33261
3.25676
3.18485
3.11722
3.05482
2.99809
2.95014
2.90571
2.86555
2.83499
2.81367
2.81373
2.81729
2.82913
2.85558
2.90859
2.97177
3.03903
3.10017
3.14838
3.17872
3.19262
3.19193
3.18801
3.1778
3.15671
3.12951
3.10004
3.0704
3.04119
3.01239
2.98387
2.95559
2.92766
2.90027
2.87377
2.84857
2.8252
2.80431
2.78651
2.77311
2.76452
2.76418
2.76552
2.77017
2.78113
2.80257
2.84659
1.73377
2.79572
4.86642
5.63629
5.82706
5.9353
6.15372
6.5907
7.36869
8.33734
8.93245
8.95328
8.87073
8.6456
8.25961
7.9257
7.66212
7.46755
7.31649
7.18641
7.06402
6.9432
6.8213
6.69862
6.57546
6.4518
6.32751
6.20226
6.07595
5.94846
5.82001
5.69079
5.56127
5.43192
5.30336
5.17601
5.05045
4.92708
4.8062
4.68808
4.5727
4.46012
4.35024
4.243
4.13828
4.03602
3.93611
3.83848
3.74303
3.64985
3.55915
3.47106
3.38577
3.30362
3.22488
3.15005
3.07948
3.01379
2.95355
2.90088
2.85221
2.80806
2.77043
2.74478
2.73165
2.73276
2.73877
2.75461
2.7884
2.84301
2.90586
2.96876
3.02285
3.06227
3.08547
3.09031
3.08869
3.08281
3.0695
3.04495
3.01827
2.99062
2.96331
2.93672
2.91094
2.886
2.86193
2.83915
2.81798
2.7994
2.78379
2.77268
2.76726
2.76763
2.77015
2.77733
2.79266
2.82357
2.85786
2.92709
1.47425
2.00162
3.46958
5.25289
5.82784
6.30641
6.9762
8.09269
9.16362
9.61452
9.58062
9.41253
9.04362
8.63334
8.27789
7.99349
7.78359
7.61836
7.47355
7.33568
7.19923
7.06324
6.92771
6.79404
6.66211
6.5318
6.4027
6.2743
6.14625
6.0182
5.89019
5.76219
5.63458
5.50748
5.3814
5.2566
5.13356
5.01237
4.89328
4.77622
4.66119
4.54823
4.43731
4.32832
4.22116
4.11581
4.01235
3.91089
3.81161
3.71458
3.61977
3.52731
3.43748
3.35048
3.26661
3.1861
3.10931
3.0366
2.96842
2.90542
2.8488
2.79713
2.74907
2.70755
2.67656
2.65497
2.65016
2.65238
2.66084
2.68103
2.72235
2.77828
2.84018
2.89813
2.94488
2.9748
2.99099
2.9908
2.98822
2.9806
2.9643
2.94072
2.91564
2.89094
2.86748
2.84553
2.82514
2.807
2.79108
2.77948
2.77056
2.77037
2.7717
2.77665
2.7883
2.81196
2.84624
2.9002
2.94395
3.0265
1.26045
1.57002
2.45625
4.30619
5.76298
7.10596
8.70269
10.0414
10.4056
10.3218
10.0435
9.48659
9.02265
8.64848
8.35182
8.13128
7.9528
7.79276
7.63832
7.48466
7.33147
7.18019
7.03236
6.88805
6.74777
6.61099
6.47697
6.34507
6.21478
6.08569
5.95766
5.83052
5.70438
5.57926
5.45536
5.33282
5.2117
5.09211
4.97403
4.85756
4.74271
4.62928
4.51721
4.4065
4.29716
4.18921
4.08281
3.97803
3.87512
3.77422
3.6756
3.57931
3.48565
3.39465
3.30666
3.22172
3.14023
3.06227
2.98833
2.91864
2.85383
2.79468
2.74047
2.68977
2.64538
2.60921
2.58356
2.56832
2.56884
2.57305
2.58527
2.61183
2.66104
2.7184
2.77761
2.82877
2.86694
2.88957
2.89872
2.89794
2.89436
2.88555
2.86764
2.84751
2.82721
2.80846
2.7922
2.77976
2.77075
2.7687
2.76977
2.77386
2.78354
2.80324
2.83371
2.87971
2.93132
2.99801
3.04846
3.13029
1.12989
1.36751
1.80615
3.03017
5.47471
8.83584
10.9969
11.2721
11.1157
10.6777
10.0129
9.46172
9.04612
8.73204
8.50479
8.31727
8.1431
7.97138
7.79919
7.62758
7.45832
7.29338
7.13376
6.9798
6.83115
6.68773
6.54847
6.41281
6.27994
6.14953
6.02113
5.89454
5.76953
5.64606
5.52395
5.40326
5.28374
5.16553
5.04826
4.93218
4.81685
4.70257
4.58898
4.47647
4.36479
4.2544
4.14516
4.03757
3.93156
3.82765
3.72577
3.6264
3.52944
3.43528
3.34387
3.25553
3.1703
3.08845
3.01011
2.93558
2.86519
2.79926
2.7386
2.68246
2.63009
2.58358
2.54471
2.5149
2.49414
2.48883
2.49071
2.49803
2.51581
2.5525
2.6053
2.66386
2.71857
2.76268
2.79261
2.80999
2.81557
2.81478
2.81158
2.80411
2.78984
2.77667
2.76615
2.76123
2.76193
2.7653
2.77369
2.79079
2.81765
2.85914
2.91087
2.97298
3.036
3.10546
3.15448
3.22429
1.11273
1.21095
1.69281
2.53408
5.16622
10.6411
12.0658
11.8601
11.3014
10.5685
9.94119
9.48932
9.1512
8.91179
8.71394
8.5247
8.3341
8.14205
7.95055
7.7626
7.57947
7.40275
7.23255
7.06941
6.91244
6.76187
6.61708
6.47745
6.34189
6.20997
6.08097
5.95458
5.8303
5.70791
5.58703
5.4675
5.34896
5.23137
5.11431
4.99795
4.88188
4.76644
4.65131
4.53696
4.42318
4.31055
4.19893
4.08892
3.98038
3.87396
3.76945
3.66752
3.56785
3.47112
3.37692
3.28591
3.1977
3.11292
3.03121
2.95323
2.8787
2.80834
2.74202
2.68075
2.62353
2.57029
2.52269
2.482
2.44888
2.42531
2.41347
2.41416
2.41857
2.43074
2.45693
2.50479
2.56066
2.61683
2.66553
2.70285
2.72768
2.74211
2.74953
2.75058
2.75011
2.74899
2.74953
2.75219
2.75934
2.7741
2.79718
2.83326
2.88314
2.94368
3.01026
3.08033
3.14474
3.20638
3.24569
3.29773
1.07138
1.24224
1.49364
2.57078
5.10238
11.4432
11.982
11.6982
11.0583
10.3926
9.9395
9.59773
9.35028
9.13487
8.92661
8.71679
8.50507
8.29458
8.08798
7.88723
7.69311
7.50625
7.3268
7.15496
6.99037
6.83253
6.68179
6.53733
6.39867
6.2648
6.13493
6.00828
5.88436
5.76247
5.64233
5.52333
5.4053
5.28774
5.17061
5.05359
4.93679
4.82005
4.70363
4.58752
4.47212
4.35747
4.24406
4.13191
4.02153
3.91294
3.80655
3.70243
3.60083
3.50187
3.40568
3.3124
3.22207
3.13487
3.05078
2.97007
2.89269
2.819
2.74902
2.68316
2.62183
2.56419
2.51079
2.46294
2.42119
2.38638
2.36104
2.34413
2.3442
2.34681
2.3554
2.3752
2.41544
2.46913
2.52644
2.57962
2.62372
2.65698
2.68094
2.69743
2.71016
2.72172
2.73473
2.75367
2.77419
2.80401
2.84852
2.90588
2.97261
3.04508
3.11711
3.18445
3.24017
3.28696
3.31317
3.34811
1.06419
1.23145
1.45218
2.55432
5.03127
11.5859
11.6362
11.3422
10.7564
10.3209
10.0038
9.76318
9.54087
9.31796
9.09208
8.86523
8.63996
8.41854
8.20265
7.99317
7.79094
7.5961
7.40916
7.23002
7.05896
6.89549
6.73884
6.58954
6.44732
6.31106
6.17982
6.05253
5.92843
5.80666
5.68667
5.56782
5.44975
5.33201
5.21443
5.09678
4.9791
4.86135
4.74375
4.62638
4.50964
4.39361
4.27879
4.16524
4.05343
3.94341
3.83561
3.73
3.62697
3.52646
3.42879
3.33387
3.24197
3.153
3.0672
2.98449
2.90511
2.82903
2.75651
2.68764
2.62264
2.56203
2.50482
2.452
2.40429
2.36226
2.32716
2.30005
2.2824
2.27979
2.28177
2.28878
2.30555
2.34011
2.39263
2.45132
2.5091
2.5606
2.60416
2.63996
2.67097
2.69971
2.73194
2.76619
2.80859
2.86176
2.92559
2.99776
3.07393
3.14822
3.21501
3.2706
3.31207
3.34288
3.35792
3.37929
1.09029
1.16553
1.5922
2.37896
5.21318
11.5387
11.4655
11.1166
10.664
10.3407
10.0962
9.87686
9.65583
9.42827
9.19697
8.96551
8.7363
8.51094
8.29065
8.07627
7.8687
7.66841
7.47602
7.2917
7.11575
6.94797
6.788
6.63516
6.48928
6.35018
6.21695
6.08848
5.96367
5.8416
5.72139
5.60244
5.48414
5.36617
5.24815
5.13006
5.01169
4.89329
4.77482
4.65668
4.53896
4.42209
4.30622
4.19179
4.07889
3.96796
3.85903
3.75246
3.64826
3.54673
3.44782
3.3518
3.2586
3.16842
3.08122
2.99714
2.91619
2.83849
2.76406
2.69311
2.62567
2.56207
2.50223
2.44621
2.39449
2.34763
2.30627
2.27138
2.24424
2.22627
2.22314
2.22505
2.23158
2.24754
2.28032
2.33246
2.39421
2.45823
2.52029
2.57751
2.63107
2.68275
2.73687
2.79485
2.8618
2.936
3.01566
3.09592
3.17199
3.23843
3.29229
3.33262
3.35985
3.37808
3.38532
3.39791
1.08693
1.1646
1.57773
2.35295
5.16778
11.4788
11.3845
11.0166
10.6187
10.3391
10.1239
9.92027
9.7074
9.4845
9.25606
9.02603
8.79703
8.57083
8.34882
8.13216
7.92184
7.71867
7.52323
7.33599
7.15711
6.9867
6.82436
6.66972
6.52188
6.38071
6.2456
6.1158
5.98995
5.86729
5.74659
5.62739
5.50875
5.39056
5.27212
5.15371
5.0348
4.91598
4.79688
4.67826
4.55984
4.44246
4.32587
4.21089
4.09728
3.98575
3.87611
3.76887
3.66395
3.56166
3.46201
3.36515
3.27115
3.18005
3.09196
3.00685
2.92487
2.84595
2.77029
2.69783
2.6288
2.56319
2.5013
2.44296
2.38862
2.33856
2.2932
2.25322
2.21948
2.19364
2.17649
2.17593
2.17806
2.18529
2.20225
2.23729
2.2938
2.36186
2.43665
2.51384
2.59175
2.67055
2.75112
2.83674
2.92679
3.01788
3.10606
3.18567
3.25323
3.30634
3.34544
3.37213
3.38853
3.39843
3.40171
3.40842
1.089
1.15872
1.58455
2.35329
5.17395
11.4848
11.3646
10.9624
10.5691
10.3108
10.1182
9.93285
9.73191
9.51576
9.29114
9.06322
8.83533
8.60946
8.38719
8.16975
7.95825
7.75359
7.55646
7.36739
7.18666
7.0144
6.85042
6.69436
6.5455
6.40317
6.26673
6.13556
6.00869
5.88518
5.76401
5.64439
5.52558
5.40711
5.28855
5.16984
5.05072
4.93158
4.81215
4.69321
4.57439
4.45669
4.33968
4.22434
4.11031
3.99834
3.88827
3.78053
3.67517
3.57233
3.4722
3.37473
3.28018
3.18842
3.0997
3.01388
2.93116
2.85145
2.7749
2.70149
2.63132
2.56447
2.50105
2.44124
2.38504
2.33279
2.28474
2.2415
2.20359
2.17223
2.14842
2.13631
2.1371
2.14101
2.15089
2.17287
2.21673
2.28113
2.36146
2.45377
2.5548
2.66168
2.77214
2.88386
2.99305
3.09429
3.1829
3.25533
3.31107
3.35121
3.37841
3.3955
3.40502
3.41011
3.41142
3.41443
1.05783
1.22464
1.42975
2.52354
4.92676
11.4562
11.3792
11.0184
10.5577
10.2915
10.1139
9.9412
9.74657
9.53259
9.30846
9.08071
8.8531
8.62753
8.40551
8.18819
7.97666
7.77179
7.57431
7.38475
7.20345
7.03055
6.86593
6.7093
6.55998
6.41731
6.2804
6.1485
6.02091
5.89679
5.77518
5.65523
5.53625
5.41757
5.29894
5.17999
5.06081
4.94135
4.82185
4.70257
4.58364
4.46564
4.34846
4.23286
4.11862
4.00641
3.89609
3.7881
3.68247
3.57933
3.4789
3.38109
3.28622
3.19406
3.10497
3.0187
2.93555
2.85533
2.77826
2.70423
2.63341
2.56583
2.50158
2.44081
2.38349
2.32992
2.28027
2.235
2.19466
2.15977
2.13249
2.11207
2.11048
2.11245
2.11908
2.1345
2.16652
2.22514
2.30573
2.40695
2.52576
2.65663
2.79263
2.92532
3.04701
3.15153
3.23579
3.29969
3.34556
3.37662
3.39644
3.40805
3.41388
3.41627
3.41665
3.41786
1.08848
1.15567
1.58002
2.3375
5.13247
11.4157
11.3218
10.9381
10.5287
10.2791
10.1103
9.94546
9.75582
9.54406
9.32082
9.09343
8.86591
8.64026
8.41798
8.20025
7.98819
7.78271
7.58457
7.39434
7.21239
7.03887
6.8737
6.71658
6.56689
6.42393
6.28668
6.15461
6.02672
5.90229
5.78043
5.6603
5.54121
5.42245
5.30377
5.18471
5.06548
4.94587
4.82629
4.70684
4.58781
4.46963
4.35234
4.23656
4.12219
4.00981
3.89934
3.79119
3.68538
3.58206
3.48145
3.38343
3.28837
3.19599
3.1067
3.02019
2.93682
2.85633
2.779
2.70468
2.63354
2.56558
2.50091
2.43963
2.38182
2.32765
2.27736
2.23117
2.18981
2.15337
2.12435
2.10115
2.09531
2.09685
2.10244
2.11547
2.14295
2.19729
2.27653
2.3818
2.51075
2.65638
2.80782
2.95213
3.07924
3.18323
3.26318
3.32139
3.36173
3.38825
3.40463
3.41379
3.4179
3.41907
3.41901
3.41936
)
;

boundaryField
{
    inlet
    {
        type            fixedValue;
        value           uniform 1;
    }
    outlet
    {
        type            waveTransmissive;
        gamma           1.4;
        fieldInf        1;
        lInf            3;
        value           nonuniform List<scalar> 
40
(
3.34978
3.34593
3.33902
3.32958
3.31791
3.30477
3.29043
3.27519
3.25924
3.24231
3.22451
3.20526
3.18424
3.16068
3.13388
3.10314
3.06798
3.02842
2.98519
2.93981
2.89421
2.85161
2.81546
2.78868
2.77333
2.77387
2.79085
2.83839
2.91876
3.01785
3.12129
3.21498
3.28818
3.3384
3.3695
3.38804
3.39856
3.40457
3.40801
3.40951
)
;
    }
    bottom
    {
        type            symmetryPlane;
    }
    top
    {
        type            symmetryPlane;
    }
    obstacle
    {
        type            zeroGradient;
    }
    defaultFaces
    {
        type            empty;
    }
}


// ************************************************************************* //
