/*--------------------------------*- C++ -*----------------------------------*\
| =========                 |                                                 |
| \\      /  F ield         | OpenFOAM: The Open Source CFD Toolbox           |
|  \\    /   O peration     | Version:  2406                                  |
|   \\  /    A nd           | Website:  www.openfoam.com                      |
|    \\/     M anipulation  |                                                 |
\*---------------------------------------------------------------------------*/
FoamFile
{
    version     2.0;
    format      ascii;
    arch        "LSB;label=32;scalar=64";
    note        "nPoints:8466  nCells:4100  nFaces:16532  nInternalFaces:8068";
    class       labelList;
    location    "constant/polyMesh";
    object      neighbour;
}
// * * * * * * * * * * * * * * * * * * * * * * * * * * * * * * * * * * * * * //


8068
(
1
30
2
31
3
32
4
33
5
34
6
35
7
36
8
37
9
38
10
39
11
40
12
41
13
42
14
43
15
44
16
45
17
46
18
47
19
48
20
49
21
50
22
51
23
52
24
53
25
54
26
55
27
56
28
57
29
58
59
2460
31
60
32
61
33
62
34
63
35
64
36
65
37
66
38
67
39
68
40
69
41
70
42
71
43
72
44
73
45
74
46
75
47
76
48
77
49
78
50
79
51
80
52
81
53
82
54
83
55
84
56
85
57
86
58
87
59
88
89
2480
61
90
62
91
63
92
64
93
65
94
66
95
67
96
68
97
69
98
70
99
71
100
72
101
73
102
74
103
75
104
76
105
77
106
78
107
79
108
80
109
81
110
82
111
83
112
84
113
85
114
86
115
87
116
88
117
89
118
119
2500
91
120
92
121
93
122
94
123
95
124
96
125
97
126
98
127
99
128
100
129
101
130
102
131
103
132
104
133
105
134
106
135
107
136
108
137
109
138
110
139
111
140
112
141
113
142
114
143
115
144
116
145
117
146
118
147
119
148
149
2520
121
150
122
151
123
152
124
153
125
154
126
155
127
156
128
157
129
158
130
159
131
160
132
161
133
162
134
163
135
164
136
165
137
166
138
167
139
168
140
169
141
170
142
171
143
172
144
173
145
174
146
175
147
176
148
177
149
178
179
2540
151
180
152
181
153
182
154
183
155
184
156
185
157
186
158
187
159
188
160
189
161
190
162
191
163
192
164
193
165
194
166
195
167
196
168
197
169
198
170
199
171
200
172
201
173
202
174
203
175
204
176
205
177
206
178
207
179
208
209
2560
181
210
182
211
183
212
184
213
185
214
186
215
187
216
188
217
189
218
190
219
191
220
192
221
193
222
194
223
195
224
196
225
197
226
198
227
199
228
200
229
201
230
202
231
203
232
204
233
205
234
206
235
207
236
208
237
209
238
239
2580
211
240
212
241
213
242
214
243
215
244
216
245
217
246
218
247
219
248
220
249
221
250
222
251
223
252
224
253
225
254
226
255
227
256
228
257
229
258
230
259
231
260
232
261
233
262
234
263
235
264
236
265
237
266
238
267
239
268
269
2600
241
270
242
271
243
272
244
273
245
274
246
275
247
276
248
277
249
278
250
279
251
280
252
281
253
282
254
283
255
284
256
285
257
286
258
287
259
288
260
289
261
290
262
291
263
292
264
293
265
294
266
295
267
296
268
297
269
298
299
2620
271
300
272
301
273
302
274
303
275
304
276
305
277
306
278
307
279
308
280
309
281
310
282
311
283
312
284
313
285
314
286
315
287
316
288
317
289
318
290
319
291
320
292
321
293
322
294
323
295
324
296
325
297
326
298
327
299
328
329
2640
301
330
302
331
303
332
304
333
305
334
306
335
307
336
308
337
309
338
310
339
311
340
312
341
313
342
314
343
315
344
316
345
317
346
318
347
319
348
320
349
321
350
322
351
323
352
324
353
325
354
326
355
327
356
328
357
329
358
359
2660
331
360
332
361
333
362
334
363
335
364
336
365
337
366
338
367
339
368
340
369
341
370
342
371
343
372
344
373
345
374
346
375
347
376
348
377
349
378
350
379
351
380
352
381
353
382
354
383
355
384
356
385
357
386
358
387
359
388
389
2680
361
390
362
391
363
392
364
393
365
394
366
395
367
396
368
397
369
398
370
399
371
400
372
401
373
402
374
403
375
404
376
405
377
406
378
407
379
408
380
409
381
410
382
411
383
412
384
413
385
414
386
415
387
416
388
417
389
418
419
2700
391
420
392
421
393
422
394
423
395
424
396
425
397
426
398
427
399
428
400
429
401
430
402
431
403
432
404
433
405
434
406
435
407
436
408
437
409
438
410
439
411
440
412
441
413
442
414
443
415
444
416
445
417
446
418
447
419
448
449
2720
421
450
422
451
423
452
424
453
425
454
426
455
427
456
428
457
429
458
430
459
431
460
432
461
433
462
434
463
435
464
436
465
437
466
438
467
439
468
440
469
441
470
442
471
443
472
444
473
445
474
446
475
447
476
448
477
449
478
479
2740
451
480
452
481
453
482
454
483
455
484
456
485
457
486
458
487
459
488
460
489
461
490
462
491
463
492
464
493
465
494
466
495
467
496
468
497
469
498
470
499
471
500
472
501
473
502
474
503
475
504
476
505
477
506
478
507
479
508
509
2760
481
510
482
511
483
512
484
513
485
514
486
515
487
516
488
517
489
518
490
519
491
520
492
521
493
522
494
523
495
524
496
525
497
526
498
527
499
528
500
529
501
530
502
531
503
532
504
533
505
534
506
535
507
536
508
537
509
538
539
2780
511
540
512
541
513
542
514
543
515
544
516
545
517
546
518
547
519
548
520
549
521
550
522
551
523
552
524
553
525
554
526
555
527
556
528
557
529
558
530
559
531
560
532
561
533
562
534
563
535
564
536
565
537
566
538
567
539
568
569
2800
541
570
542
571
543
572
544
573
545
574
546
575
547
576
548
577
549
578
550
579
551
580
552
581
553
582
554
583
555
584
556
585
557
586
558
587
559
588
560
589
561
590
562
591
563
592
564
593
565
594
566
595
567
596
568
597
569
598
599
2820
571
600
572
601
573
602
574
603
575
604
576
605
577
606
578
607
579
608
580
609
581
610
582
611
583
612
584
613
585
614
586
615
587
616
588
617
589
618
590
619
591
620
592
621
593
622
594
623
595
624
596
625
597
626
598
627
599
628
629
2840
601
630
602
631
603
632
604
633
605
634
606
635
607
636
608
637
609
638
610
639
611
640
612
641
613
642
614
643
615
644
616
645
617
646
618
647
619
648
620
649
621
650
622
651
623
652
624
653
625
654
626
655
627
656
628
657
629
658
659
2860
631
660
632
661
633
662
634
663
635
664
636
665
637
666
638
667
639
668
640
669
641
670
642
671
643
672
644
673
645
674
646
675
647
676
648
677
649
678
650
679
651
680
652
681
653
682
654
683
655
684
656
685
657
686
658
687
659
688
689
2880
661
690
662
691
663
692
664
693
665
694
666
695
667
696
668
697
669
698
670
699
671
700
672
701
673
702
674
703
675
704
676
705
677
706
678
707
679
708
680
709
681
710
682
711
683
712
684
713
685
714
686
715
687
716
688
717
689
718
719
2900
691
720
692
721
693
722
694
723
695
724
696
725
697
726
698
727
699
728
700
729
701
730
702
731
703
732
704
733
705
734
706
735
707
736
708
737
709
738
710
739
711
740
712
741
713
742
714
743
715
744
716
745
717
746
718
747
719
748
749
2920
721
750
722
751
723
752
724
753
725
754
726
755
727
756
728
757
729
758
730
759
731
760
732
761
733
762
734
763
735
764
736
765
737
766
738
767
739
768
740
769
741
770
742
771
743
772
744
773
745
774
746
775
747
776
748
777
749
778
779
2940
751
780
752
781
753
782
754
783
755
784
756
785
757
786
758
787
759
788
760
789
761
790
762
791
763
792
764
793
765
794
766
795
767
796
768
797
769
798
770
799
771
800
772
801
773
802
774
803
775
804
776
805
777
806
778
807
779
808
809
2960
781
810
782
811
783
812
784
813
785
814
786
815
787
816
788
817
789
818
790
819
791
820
792
821
793
822
794
823
795
824
796
825
797
826
798
827
799
828
800
829
801
830
802
831
803
832
804
833
805
834
806
835
807
836
808
837
809
838
839
2980
811
840
812
841
813
842
814
843
815
844
816
845
817
846
818
847
819
848
820
849
821
850
822
851
823
852
824
853
825
854
826
855
827
856
828
857
829
858
830
859
831
860
832
861
833
862
834
863
835
864
836
865
837
866
838
867
839
868
869
3000
841
870
842
871
843
872
844
873
845
874
846
875
847
876
848
877
849
878
850
879
851
880
852
881
853
882
854
883
855
884
856
885
857
886
858
887
859
888
860
889
861
890
862
891
863
892
864
893
865
894
866
895
867
896
868
897
869
898
899
3020
871
900
872
901
873
902
874
903
875
904
876
905
877
906
878
907
879
908
880
909
881
910
882
911
883
912
884
913
885
914
886
915
887
916
888
917
889
918
890
919
891
920
892
921
893
922
894
923
895
924
896
925
897
926
898
927
899
928
929
3040
901
930
902
931
903
932
904
933
905
934
906
935
907
936
908
937
909
938
910
939
911
940
912
941
913
942
914
943
915
944
916
945
917
946
918
947
919
948
920
949
921
950
922
951
923
952
924
953
925
954
926
955
927
956
928
957
929
958
959
3060
931
960
932
961
933
962
934
963
935
964
936
965
937
966
938
967
939
968
940
969
941
970
942
971
943
972
944
973
945
974
946
975
947
976
948
977
949
978
950
979
951
980
952
981
953
982
954
983
955
984
956
985
957
986
958
987
959
988
989
3080
961
990
962
991
963
992
964
993
965
994
966
995
967
996
968
997
969
998
970
999
971
1000
972
1001
973
1002
974
1003
975
1004
976
1005
977
1006
978
1007
979
1008
980
1009
981
1010
982
1011
983
1012
984
1013
985
1014
986
1015
987
1016
988
1017
989
1018
1019
3100
991
1020
992
1021
993
1022
994
1023
995
1024
996
1025
997
1026
998
1027
999
1028
1000
1029
1001
1030
1002
1031
1003
1032
1004
1033
1005
1034
1006
1035
1007
1036
1008
1037
1009
1038
1010
1039
1011
1040
1012
1041
1013
1042
1014
1043
1015
1044
1016
1045
1017
1046
1018
1047
1019
1048
1049
3120
1021
1050
1022
1051
1023
1052
1024
1053
1025
1054
1026
1055
1027
1056
1028
1057
1029
1058
1030
1059
1031
1060
1032
1061
1033
1062
1034
1063
1035
1064
1036
1065
1037
1066
1038
1067
1039
1068
1040
1069
1041
1070
1042
1071
1043
1072
1044
1073
1045
1074
1046
1075
1047
1076
1048
1077
1049
1078
1079
3140
1051
1080
1052
1081
1053
1082
1054
1083
1055
1084
1056
1085
1057
1086
1058
1087
1059
1088
1060
1089
1061
1090
1062
1091
1063
1092
1064
1093
1065
1094
1066
1095
1067
1096
1068
1097
1069
1098
1070
1099
1071
1100
1072
1101
1073
1102
1074
1103
1075
1104
1076
1105
1077
1106
1078
1107
1079
1108
1109
3160
1081
1110
1082
1111
1083
1112
1084
1113
1085
1114
1086
1115
1087
1116
1088
1117
1089
1118
1090
1119
1091
1120
1092
1121
1093
1122
1094
1123
1095
1124
1096
1125
1097
1126
1098
1127
1099
1128
1100
1129
1101
1130
1102
1131
1103
1132
1104
1133
1105
1134
1106
1135
1107
1136
1108
1137
1109
1138
1139
3180
1111
1140
1112
1141
1113
1142
1114
1143
1115
1144
1116
1145
1117
1146
1118
1147
1119
1148
1120
1149
1121
1150
1122
1151
1123
1152
1124
1153
1125
1154
1126
1155
1127
1156
1128
1157
1129
1158
1130
1159
1131
1160
1132
1161
1133
1162
1134
1163
1135
1164
1136
1165
1137
1166
1138
1167
1139
1168
1169
3200
1141
1170
1142
1171
1143
1172
1144
1173
1145
1174
1146
1175
1147
1176
1148
1177
1149
1178
1150
1179
1151
1180
1152
1181
1153
1182
1154
1183
1155
1184
1156
1185
1157
1186
1158
1187
1159
1188
1160
1189
1161
1190
1162
1191
1163
1192
1164
1193
1165
1194
1166
1195
1167
1196
1168
1197
1169
1198
1199
3220
1171
1200
1172
1201
1173
1202
1174
1203
1175
1204
1176
1205
1177
1206
1178
1207
1179
1208
1180
1209
1181
1210
1182
1211
1183
1212
1184
1213
1185
1214
1186
1215
1187
1216
1188
1217
1189
1218
1190
1219
1191
1220
1192
1221
1193
1222
1194
1223
1195
1224
1196
1225
1197
1226
1198
1227
1199
1228
1229
3240
1201
1230
1202
1231
1203
1232
1204
1233
1205
1234
1206
1235
1207
1236
1208
1237
1209
1238
1210
1239
1211
1240
1212
1241
1213
1242
1214
1243
1215
1244
1216
1245
1217
1246
1218
1247
1219
1248
1220
1249
1221
1250
1222
1251
1223
1252
1224
1253
1225
1254
1226
1255
1227
1256
1228
1257
1229
1258
1259
3260
1231
1260
1232
1261
1233
1262
1234
1263
1235
1264
1236
1265
1237
1266
1238
1267
1239
1268
1240
1269
1241
1270
1242
1271
1243
1272
1244
1273
1245
1274
1246
1275
1247
1276
1248
1277
1249
1278
1250
1279
1251
1280
1252
1281
1253
1282
1254
1283
1255
1284
1256
1285
1257
1286
1258
1287
1259
1288
1289
3280
1261
1290
1262
1291
1263
1292
1264
1293
1265
1294
1266
1295
1267
1296
1268
1297
1269
1298
1270
1299
1271
1300
1272
1301
1273
1302
1274
1303
1275
1304
1276
1305
1277
1306
1278
1307
1279
1308
1280
1309
1281
1310
1282
1311
1283
1312
1284
1313
1285
1314
1286
1315
1287
1316
1288
1317
1289
1318
1319
3300
1291
1320
1292
1321
1293
1322
1294
1323
1295
1324
1296
1325
1297
1326
1298
1327
1299
1328
1300
1329
1301
1330
1302
1331
1303
1332
1304
1333
1305
1334
1306
1335
1307
1336
1308
1337
1309
1338
1310
1339
1311
1340
1312
1341
1313
1342
1314
1343
1315
1344
1316
1345
1317
1346
1318
1347
1319
1348
1349
3320
1321
1350
1322
1351
1323
1352
1324
1353
1325
1354
1326
1355
1327
1356
1328
1357
1329
1358
1330
1359
1331
1360
1332
1361
1333
1362
1334
1363
1335
1364
1336
1365
1337
1366
1338
1367
1339
1368
1340
1369
1341
1370
1342
1371
1343
1372
1344
1373
1345
1374
1346
1375
1347
1376
1348
1377
1349
1378
1379
3340
1351
1380
1352
1381
1353
1382
1354
1383
1355
1384
1356
1385
1357
1386
1358
1387
1359
1388
1360
1389
1361
1390
1362
1391
1363
1392
1364
1393
1365
1394
1366
1395
1367
1396
1368
1397
1369
1398
1370
1399
1371
1400
1372
1401
1373
1402
1374
1403
1375
1404
1376
1405
1377
1406
1378
1407
1379
1408
1409
3360
1381
1410
1382
1411
1383
1412
1384
1413
1385
1414
1386
1415
1387
1416
1388
1417
1389
1418
1390
1419
1391
1420
1392
1421
1393
1422
1394
1423
1395
1424
1396
1425
1397
1426
1398
1427
1399
1428
1400
1429
1401
1430
1402
1431
1403
1432
1404
1433
1405
1434
1406
1435
1407
1436
1408
1437
1409
1438
1439
3380
1411
1440
1412
1441
1413
1442
1414
1443
1415
1444
1416
1445
1417
1446
1418
1447
1419
1448
1420
1449
1421
1450
1422
1451
1423
1452
1424
1453
1425
1454
1426
1455
1427
1456
1428
1457
1429
1458
1430
1459
1431
1460
1432
1461
1433
1462
1434
1463
1435
1464
1436
1465
1437
1466
1438
1467
1439
1468
1469
3400
1441
1470
1442
1471
1443
1472
1444
1473
1445
1474
1446
1475
1447
1476
1448
1477
1449
1478
1450
1479
1451
1480
1452
1481
1453
1482
1454
1483
1455
1484
1456
1485
1457
1486
1458
1487
1459
1488
1460
1489
1461
1490
1462
1491
1463
1492
1464
1493
1465
1494
1466
1495
1467
1496
1468
1497
1469
1498
1499
3420
1471
1500
1472
1501
1473
1502
1474
1503
1475
1504
1476
1505
1477
1506
1478
1507
1479
1508
1480
1509
1481
1510
1482
1511
1483
1512
1484
1513
1485
1514
1486
1515
1487
1516
1488
1517
1489
1518
1490
1519
1491
1520
1492
1521
1493
1522
1494
1523
1495
1524
1496
1525
1497
1526
1498
1527
1499
1528
1529
3440
1501
1530
1502
1531
1503
1532
1504
1533
1505
1534
1506
1535
1507
1536
1508
1537
1509
1538
1510
1539
1511
1540
1512
1541
1513
1542
1514
1543
1515
1544
1516
1545
1517
1546
1518
1547
1519
1548
1520
1549
1521
1550
1522
1551
1523
1552
1524
1553
1525
1554
1526
1555
1527
1556
1528
1557
1529
1558
1559
3460
1531
1560
1532
1561
1533
1562
1534
1563
1535
1564
1536
1565
1537
1566
1538
1567
1539
1568
1540
1569
1541
1570
1542
1571
1543
1572
1544
1573
1545
1574
1546
1575
1547
1576
1548
1577
1549
1578
1550
1579
1551
1580
1552
1581
1553
1582
1554
1583
1555
1584
1556
1585
1557
1586
1558
1587
1559
1588
1589
3480
1561
1590
1562
1591
1563
1592
1564
1593
1565
1594
1566
1595
1567
1596
1568
1597
1569
1598
1570
1599
1571
1600
1572
1601
1573
1602
1574
1603
1575
1604
1576
1605
1577
1606
1578
1607
1579
1608
1580
1609
1581
1610
1582
1611
1583
1612
1584
1613
1585
1614
1586
1615
1587
1616
1588
1617
1589
1618
1619
3500
1591
1620
1592
1621
1593
1622
1594
1623
1595
1624
1596
1625
1597
1626
1598
1627
1599
1628
1600
1629
1601
1630
1602
1631
1603
1632
1604
1633
1605
1634
1606
1635
1607
1636
1608
1637
1609
1638
1610
1639
1611
1640
1612
1641
1613
1642
1614
1643
1615
1644
1616
1645
1617
1646
1618
1647
1619
1648
1649
3520
1621
1650
1622
1651
1623
1652
1624
1653
1625
1654
1626
1655
1627
1656
1628
1657
1629
1658
1630
1659
1631
1660
1632
1661
1633
1662
1634
1663
1635
1664
1636
1665
1637
1666
1638
1667
1639
1668
1640
1669
1641
1670
1642
1671
1643
1672
1644
1673
1645
1674
1646
1675
1647
1676
1648
1677
1649
1678
1679
3540
1651
1680
1652
1681
1653
1682
1654
1683
1655
1684
1656
1685
1657
1686
1658
1687
1659
1688
1660
1689
1661
1690
1662
1691
1663
1692
1664
1693
1665
1694
1666
1695
1667
1696
1668
1697
1669
1698
1670
1699
1671
1700
1672
1701
1673
1702
1674
1703
1675
1704
1676
1705
1677
1706
1678
1707
1679
1708
1709
3560
1681
1710
1682
1711
1683
1712
1684
1713
1685
1714
1686
1715
1687
1716
1688
1717
1689
1718
1690
1719
1691
1720
1692
1721
1693
1722
1694
1723
1695
1724
1696
1725
1697
1726
1698
1727
1699
1728
1700
1729
1701
1730
1702
1731
1703
1732
1704
1733
1705
1734
1706
1735
1707
1736
1708
1737
1709
1738
1739
3580
1711
1740
1712
1741
1713
1742
1714
1743
1715
1744
1716
1745
1717
1746
1718
1747
1719
1748
1720
1749
1721
1750
1722
1751
1723
1752
1724
1753
1725
1754
1726
1755
1727
1756
1728
1757
1729
1758
1730
1759
1731
1760
1732
1761
1733
1762
1734
1763
1735
1764
1736
1765
1737
1766
1738
1767
1739
1768
1769
3600
1741
1770
1742
1771
1743
1772
1744
1773
1745
1774
1746
1775
1747
1776
1748
1777
1749
1778
1750
1779
1751
1780
1752
1781
1753
1782
1754
1783
1755
1784
1756
1785
1757
1786
1758
1787
1759
1788
1760
1789
1761
1790
1762
1791
1763
1792
1764
1793
1765
1794
1766
1795
1767
1796
1768
1797
1769
1798
1799
3620
1771
1800
1772
1801
1773
1802
1774
1803
1775
1804
1776
1805
1777
1806
1778
1807
1779
1808
1780
1809
1781
1810
1782
1811
1783
1812
1784
1813
1785
1814
1786
1815
1787
1816
1788
1817
1789
1818
1790
1819
1791
1820
1792
1821
1793
1822
1794
1823
1795
1824
1796
1825
1797
1826
1798
1827
1799
1828
1829
3640
1801
1830
1802
1831
1803
1832
1804
1833
1805
1834
1806
1835
1807
1836
1808
1837
1809
1838
1810
1839
1811
1840
1812
1841
1813
1842
1814
1843
1815
1844
1816
1845
1817
1846
1818
1847
1819
1848
1820
1849
1821
1850
1822
1851
1823
1852
1824
1853
1825
1854
1826
1855
1827
1856
1828
1857
1829
1858
1859
3660
1831
1860
1832
1861
1833
1862
1834
1863
1835
1864
1836
1865
1837
1866
1838
1867
1839
1868
1840
1869
1841
1870
1842
1871
1843
1872
1844
1873
1845
1874
1846
1875
1847
1876
1848
1877
1849
1878
1850
1879
1851
1880
1852
1881
1853
1882
1854
1883
1855
1884
1856
1885
1857
1886
1858
1887
1859
1888
1889
3680
1861
1890
1862
1891
1863
1892
1864
1893
1865
1894
1866
1895
1867
1896
1868
1897
1869
1898
1870
1899
1871
1900
1872
1901
1873
1902
1874
1903
1875
1904
1876
1905
1877
1906
1878
1907
1879
1908
1880
1909
1881
1910
1882
1911
1883
1912
1884
1913
1885
1914
1886
1915
1887
1916
1888
1917
1889
1918
1919
3700
1891
1920
1892
1921
1893
1922
1894
1923
1895
1924
1896
1925
1897
1926
1898
1927
1899
1928
1900
1929
1901
1930
1902
1931
1903
1932
1904
1933
1905
1934
1906
1935
1907
1936
1908
1937
1909
1938
1910
1939
1911
1940
1912
1941
1913
1942
1914
1943
1915
1944
1916
1945
1917
1946
1918
1947
1919
1948
1949
3720
1921
1950
1922
1951
1923
1952
1924
1953
1925
1954
1926
1955
1927
1956
1928
1957
1929
1958
1930
1959
1931
1960
1932
1961
1933
1962
1934
1963
1935
1964
1936
1965
1937
1966
1938
1967
1939
1968
1940
1969
1941
1970
1942
1971
1943
1972
1944
1973
1945
1974
1946
1975
1947
1976
1948
1977
1949
1978
1979
3740
1951
1980
1952
1981
1953
1982
1954
1983
1955
1984
1956
1985
1957
1986
1958
1987
1959
1988
1960
1989
1961
1990
1962
1991
1963
1992
1964
1993
1965
1994
1966
1995
1967
1996
1968
1997
1969
1998
1970
1999
1971
2000
1972
2001
1973
2002
1974
2003
1975
2004
1976
2005
1977
2006
1978
2007
1979
2008
2009
3760
1981
2010
1982
2011
1983
2012
1984
2013
1985
2014
1986
2015
1987
2016
1988
2017
1989
2018
1990
2019
1991
2020
1992
2021
1993
2022
1994
2023
1995
2024
1996
2025
1997
2026
1998
2027
1999
2028
2000
2029
2001
2030
2002
2031
2003
2032
2004
2033
2005
2034
2006
2035
2007
2036
2008
2037
2009
2038
2039
3780
2011
2040
2012
2041
2013
2042
2014
2043
2015
2044
2016
2045
2017
2046
2018
2047
2019
2048
2020
2049
2021
2050
2022
2051
2023
2052
2024
2053
2025
2054
2026
2055
2027
2056
2028
2057
2029
2058
2030
2059
2031
2060
2032
2061
2033
2062
2034
2063
2035
2064
2036
2065
2037
2066
2038
2067
2039
2068
2069
3800
2041
2070
2042
2071
2043
2072
2044
2073
2045
2074
2046
2075
2047
2076
2048
2077
2049
2078
2050
2079
2051
2080
2052
2081
2053
2082
2054
2083
2055
2084
2056
2085
2057
2086
2058
2087
2059
2088
2060
2089
2061
2090
2062
2091
2063
2092
2064
2093
2065
2094
2066
2095
2067
2096
2068
2097
2069
2098
2099
3820
2071
2100
2072
2101
2073
2102
2074
2103
2075
2104
2076
2105
2077
2106
2078
2107
2079
2108
2080
2109
2081
2110
2082
2111
2083
2112
2084
2113
2085
2114
2086
2115
2087
2116
2088
2117
2089
2118
2090
2119
2091
2120
2092
2121
2093
2122
2094
2123
2095
2124
2096
2125
2097
2126
2098
2127
2099
2128
2129
3840
2101
2130
2102
2131
2103
2132
2104
2133
2105
2134
2106
2135
2107
2136
2108
2137
2109
2138
2110
2139
2111
2140
2112
2141
2113
2142
2114
2143
2115
2144
2116
2145
2117
2146
2118
2147
2119
2148
2120
2149
2121
2150
2122
2151
2123
2152
2124
2153
2125
2154
2126
2155
2127
2156
2128
2157
2129
2158
2159
3860
2131
2160
2132
2161
2133
2162
2134
2163
2135
2164
2136
2165
2137
2166
2138
2167
2139
2168
2140
2169
2141
2170
2142
2171
2143
2172
2144
2173
2145
2174
2146
2175
2147
2176
2148
2177
2149
2178
2150
2179
2151
2180
2152
2181
2153
2182
2154
2183
2155
2184
2156
2185
2157
2186
2158
2187
2159
2188
2189
3880
2161
2190
2162
2191
2163
2192
2164
2193
2165
2194
2166
2195
2167
2196
2168
2197
2169
2198
2170
2199
2171
2200
2172
2201
2173
2202
2174
2203
2175
2204
2176
2205
2177
2206
2178
2207
2179
2208
2180
2209
2181
2210
2182
2211
2183
2212
2184
2213
2185
2214
2186
2215
2187
2216
2188
2217
2189
2218
2219
3900
2191
2220
2192
2221
2193
2222
2194
2223
2195
2224
2196
2225
2197
2226
2198
2227
2199
2228
2200
2229
2201
2230
2202
2231
2203
2232
2204
2233
2205
2234
2206
2235
2207
2236
2208
2237
2209
2238
2210
2239
2211
2240
2212
2241
2213
2242
2214
2243
2215
2244
2216
2245
2217
2246
2218
2247
2219
2248
2249
3920
2221
2250
2222
2251
2223
2252
2224
2253
2225
2254
2226
2255
2227
2256
2228
2257
2229
2258
2230
2259
2231
2260
2232
2261
2233
2262
2234
2263
2235
2264
2236
2265
2237
2266
2238
2267
2239
2268
2240
2269
2241
2270
2242
2271
2243
2272
2244
2273
2245
2274
2246
2275
2247
2276
2248
2277
2249
2278
2279
3940
2251
2280
2252
2281
2253
2282
2254
2283
2255
2284
2256
2285
2257
2286
2258
2287
2259
2288
2260
2289
2261
2290
2262
2291
2263
2292
2264
2293
2265
2294
2266
2295
2267
2296
2268
2297
2269
2298
2270
2299
2271
2300
2272
2301
2273
2302
2274
2303
2275
2304
2276
2305
2277
2306
2278
2307
2279
2308
2309
3960
2281
2310
2282
2311
2283
2312
2284
2313
2285
2314
2286
2315
2287
2316
2288
2317
2289
2318
2290
2319
2291
2320
2292
2321
2293
2322
2294
2323
2295
2324
2296
2325
2297
2326
2298
2327
2299
2328
2300
2329
2301
2330
2302
2331
2303
2332
2304
2333
2305
2334
2306
2335
2307
2336
2308
2337
2309
2338
2339
3980
2311
2340
2312
2341
2313
2342
2314
2343
2315
2344
2316
2345
2317
2346
2318
2347
2319
2348
2320
2349
2321
2350
2322
2351
2323
2352
2324
2353
2325
2354
2326
2355
2327
2356
2328
2357
2329
2358
2330
2359
2331
2360
2332
2361
2333
2362
2334
2363
2335
2364
2336
2365
2337
2366
2338
2367
2339
2368
2369
4000
2341
2370
2342
2371
2343
2372
2344
2373
2345
2374
2346
2375
2347
2376
2348
2377
2349
2378
2350
2379
2351
2380
2352
2381
2353
2382
2354
2383
2355
2384
2356
2385
2357
2386
2358
2387
2359
2388
2360
2389
2361
2390
2362
2391
2363
2392
2364
2393
2365
2394
2366
2395
2367
2396
2368
2397
2369
2398
2399
4020
2371
2400
2372
2401
2373
2402
2374
2403
2375
2404
2376
2405
2377
2406
2378
2407
2379
2408
2380
2409
2381
2410
2382
2411
2383
2412
2384
2413
2385
2414
2386
2415
2387
2416
2388
2417
2389
2418
2390
2419
2391
2420
2392
2421
2393
2422
2394
2423
2395
2424
2396
2425
2397
2426
2398
2427
2399
2428
2429
4040
2401
2430
2402
2431
2403
2432
2404
2433
2405
2434
2406
2435
2407
2436
2408
2437
2409
2438
2410
2439
2411
2440
2412
2441
2413
2442
2414
2443
2415
2444
2416
2445
2417
2446
2418
2447
2419
2448
2420
2449
2421
2450
2422
2451
2423
2452
2424
2453
2425
2454
2426
2455
2427
2456
2428
2457
2429
2458
2459
4060
2431
2432
2433
2434
2435
2436
2437
2438
2439
2440
2441
2442
2443
2444
2445
2446
2447
2448
2449
2450
2451
2452
2453
2454
2455
2456
2457
2458
2459
4080
2461
2480
2462
2481
2463
2482
2464
2483
2465
2484
2466
2485
2467
2486
2468
2487
2469
2488
2470
2489
2471
2490
2472
2491
2473
2492
2474
2493
2475
2494
2476
2495
2477
2496
2478
2497
2479
2498
2499
2481
2500
2482
2501
2483
2502
2484
2503
2485
2504
2486
2505
2487
2506
2488
2507
2489
2508
2490
2509
2491
2510
2492
2511
2493
2512
2494
2513
2495
2514
2496
2515
2497
2516
2498
2517
2499
2518
2519
2501
2520
2502
2521
2503
2522
2504
2523
2505
2524
2506
2525
2507
2526
2508
2527
2509
2528
2510
2529
2511
2530
2512
2531
2513
2532
2514
2533
2515
2534
2516
2535
2517
2536
2518
2537
2519
2538
2539
2521
2540
2522
2541
2523
2542
2524
2543
2525
2544
2526
2545
2527
2546
2528
2547
2529
2548
2530
2549
2531
2550
2532
2551
2533
2552
2534
2553
2535
2554
2536
2555
2537
2556
2538
2557
2539
2558
2559
2541
2560
2542
2561
2543
2562
2544
2563
2545
2564
2546
2565
2547
2566
2548
2567
2549
2568
2550
2569
2551
2570
2552
2571
2553
2572
2554
2573
2555
2574
2556
2575
2557
2576
2558
2577
2559
2578
2579
2561
2580
2562
2581
2563
2582
2564
2583
2565
2584
2566
2585
2567
2586
2568
2587
2569
2588
2570
2589
2571
2590
2572
2591
2573
2592
2574
2593
2575
2594
2576
2595
2577
2596
2578
2597
2579
2598
2599
2581
2600
2582
2601
2583
2602
2584
2603
2585
2604
2586
2605
2587
2606
2588
2607
2589
2608
2590
2609
2591
2610
2592
2611
2593
2612
2594
2613
2595
2614
2596
2615
2597
2616
2598
2617
2599
2618
2619
2601
2620
2602
2621
2603
2622
2604
2623
2605
2624
2606
2625
2607
2626
2608
2627
2609
2628
2610
2629
2611
2630
2612
2631
2613
2632
2614
2633
2615
2634
2616
2635
2617
2636
2618
2637
2619
2638
2639
2621
2640
2622
2641
2623
2642
2624
2643
2625
2644
2626
2645
2627
2646
2628
2647
2629
2648
2630
2649
2631
2650
2632
2651
2633
2652
2634
2653
2635
2654
2636
2655
2637
2656
2638
2657
2639
2658
2659
2641
2660
2642
2661
2643
2662
2644
2663
2645
2664
2646
2665
2647
2666
2648
2667
2649
2668
2650
2669
2651
2670
2652
2671
2653
2672
2654
2673
2655
2674
2656
2675
2657
2676
2658
2677
2659
2678
2679
2661
2680
2662
2681
2663
2682
2664
2683
2665
2684
2666
2685
2667
2686
2668
2687
2669
2688
2670
2689
2671
2690
2672
2691
2673
2692
2674
2693
2675
2694
2676
2695
2677
2696
2678
2697
2679
2698
2699
2681
2700
2682
2701
2683
2702
2684
2703
2685
2704
2686
2705
2687
2706
2688
2707
2689
2708
2690
2709
2691
2710
2692
2711
2693
2712
2694
2713
2695
2714
2696
2715
2697
2716
2698
2717
2699
2718
2719
2701
2720
2702
2721
2703
2722
2704
2723
2705
2724
2706
2725
2707
2726
2708
2727
2709
2728
2710
2729
2711
2730
2712
2731
2713
2732
2714
2733
2715
2734
2716
2735
2717
2736
2718
2737
2719
2738
2739
2721
2740
2722
2741
2723
2742
2724
2743
2725
2744
2726
2745
2727
2746
2728
2747
2729
2748
2730
2749
2731
2750
2732
2751
2733
2752
2734
2753
2735
2754
2736
2755
2737
2756
2738
2757
2739
2758
2759
2741
2760
2742
2761
2743
2762
2744
2763
2745
2764
2746
2765
2747
2766
2748
2767
2749
2768
2750
2769
2751
2770
2752
2771
2753
2772
2754
2773
2755
2774
2756
2775
2757
2776
2758
2777
2759
2778
2779
2761
2780
2762
2781
2763
2782
2764
2783
2765
2784
2766
2785
2767
2786
2768
2787
2769
2788
2770
2789
2771
2790
2772
2791
2773
2792
2774
2793
2775
2794
2776
2795
2777
2796
2778
2797
2779
2798
2799
2781
2800
2782
2801
2783
2802
2784
2803
2785
2804
2786
2805
2787
2806
2788
2807
2789
2808
2790
2809
2791
2810
2792
2811
2793
2812
2794
2813
2795
2814
2796
2815
2797
2816
2798
2817
2799
2818
2819
2801
2820
2802
2821
2803
2822
2804
2823
2805
2824
2806
2825
2807
2826
2808
2827
2809
2828
2810
2829
2811
2830
2812
2831
2813
2832
2814
2833
2815
2834
2816
2835
2817
2836
2818
2837
2819
2838
2839
2821
2840
2822
2841
2823
2842
2824
2843
2825
2844
2826
2845
2827
2846
2828
2847
2829
2848
2830
2849
2831
2850
2832
2851
2833
2852
2834
2853
2835
2854
2836
2855
2837
2856
2838
2857
2839
2858
2859
2841
2860
2842
2861
2843
2862
2844
2863
2845
2864
2846
2865
2847
2866
2848
2867
2849
2868
2850
2869
2851
2870
2852
2871
2853
2872
2854
2873
2855
2874
2856
2875
2857
2876
2858
2877
2859
2878
2879
2861
2880
2862
2881
2863
2882
2864
2883
2865
2884
2866
2885
2867
2886
2868
2887
2869
2888
2870
2889
2871
2890
2872
2891
2873
2892
2874
2893
2875
2894
2876
2895
2877
2896
2878
2897
2879
2898
2899
2881
2900
2882
2901
2883
2902
2884
2903
2885
2904
2886
2905
2887
2906
2888
2907
2889
2908
2890
2909
2891
2910
2892
2911
2893
2912
2894
2913
2895
2914
2896
2915
2897
2916
2898
2917
2899
2918
2919
2901
2920
2902
2921
2903
2922
2904
2923
2905
2924
2906
2925
2907
2926
2908
2927
2909
2928
2910
2929
2911
2930
2912
2931
2913
2932
2914
2933
2915
2934
2916
2935
2917
2936
2918
2937
2919
2938
2939
2921
2940
2922
2941
2923
2942
2924
2943
2925
2944
2926
2945
2927
2946
2928
2947
2929
2948
2930
2949
2931
2950
2932
2951
2933
2952
2934
2953
2935
2954
2936
2955
2937
2956
2938
2957
2939
2958
2959
2941
2960
2942
2961
2943
2962
2944
2963
2945
2964
2946
2965
2947
2966
2948
2967
2949
2968
2950
2969
2951
2970
2952
2971
2953
2972
2954
2973
2955
2974
2956
2975
2957
2976
2958
2977
2959
2978
2979
2961
2980
2962
2981
2963
2982
2964
2983
2965
2984
2966
2985
2967
2986
2968
2987
2969
2988
2970
2989
2971
2990
2972
2991
2973
2992
2974
2993
2975
2994
2976
2995
2977
2996
2978
2997
2979
2998
2999
2981
3000
2982
3001
2983
3002
2984
3003
2985
3004
2986
3005
2987
3006
2988
3007
2989
3008
2990
3009
2991
3010
2992
3011
2993
3012
2994
3013
2995
3014
2996
3015
2997
3016
2998
3017
2999
3018
3019
3001
3020
3002
3021
3003
3022
3004
3023
3005
3024
3006
3025
3007
3026
3008
3027
3009
3028
3010
3029
3011
3030
3012
3031
3013
3032
3014
3033
3015
3034
3016
3035
3017
3036
3018
3037
3019
3038
3039
3021
3040
3022
3041
3023
3042
3024
3043
3025
3044
3026
3045
3027
3046
3028
3047
3029
3048
3030
3049
3031
3050
3032
3051
3033
3052
3034
3053
3035
3054
3036
3055
3037
3056
3038
3057
3039
3058
3059
3041
3060
3042
3061
3043
3062
3044
3063
3045
3064
3046
3065
3047
3066
3048
3067
3049
3068
3050
3069
3051
3070
3052
3071
3053
3072
3054
3073
3055
3074
3056
3075
3057
3076
3058
3077
3059
3078
3079
3061
3080
3062
3081
3063
3082
3064
3083
3065
3084
3066
3085
3067
3086
3068
3087
3069
3088
3070
3089
3071
3090
3072
3091
3073
3092
3074
3093
3075
3094
3076
3095
3077
3096
3078
3097
3079
3098
3099
3081
3100
3082
3101
3083
3102
3084
3103
3085
3104
3086
3105
3087
3106
3088
3107
3089
3108
3090
3109
3091
3110
3092
3111
3093
3112
3094
3113
3095
3114
3096
3115
3097
3116
3098
3117
3099
3118
3119
3101
3120
3102
3121
3103
3122
3104
3123
3105
3124
3106
3125
3107
3126
3108
3127
3109
3128
3110
3129
3111
3130
3112
3131
3113
3132
3114
3133
3115
3134
3116
3135
3117
3136
3118
3137
3119
3138
3139
3121
3140
3122
3141
3123
3142
3124
3143
3125
3144
3126
3145
3127
3146
3128
3147
3129
3148
3130
3149
3131
3150
3132
3151
3133
3152
3134
3153
3135
3154
3136
3155
3137
3156
3138
3157
3139
3158
3159
3141
3160
3142
3161
3143
3162
3144
3163
3145
3164
3146
3165
3147
3166
3148
3167
3149
3168
3150
3169
3151
3170
3152
3171
3153
3172
3154
3173
3155
3174
3156
3175
3157
3176
3158
3177
3159
3178
3179
3161
3180
3162
3181
3163
3182
3164
3183
3165
3184
3166
3185
3167
3186
3168
3187
3169
3188
3170
3189
3171
3190
3172
3191
3173
3192
3174
3193
3175
3194
3176
3195
3177
3196
3178
3197
3179
3198
3199
3181
3200
3182
3201
3183
3202
3184
3203
3185
3204
3186
3205
3187
3206
3188
3207
3189
3208
3190
3209
3191
3210
3192
3211
3193
3212
3194
3213
3195
3214
3196
3215
3197
3216
3198
3217
3199
3218
3219
3201
3220
3202
3221
3203
3222
3204
3223
3205
3224
3206
3225
3207
3226
3208
3227
3209
3228
3210
3229
3211
3230
3212
3231
3213
3232
3214
3233
3215
3234
3216
3235
3217
3236
3218
3237
3219
3238
3239
3221
3240
3222
3241
3223
3242
3224
3243
3225
3244
3226
3245
3227
3246
3228
3247
3229
3248
3230
3249
3231
3250
3232
3251
3233
3252
3234
3253
3235
3254
3236
3255
3237
3256
3238
3257
3239
3258
3259
3241
3260
3242
3261
3243
3262
3244
3263
3245
3264
3246
3265
3247
3266
3248
3267
3249
3268
3250
3269
3251
3270
3252
3271
3253
3272
3254
3273
3255
3274
3256
3275
3257
3276
3258
3277
3259
3278
3279
3261
3280
3262
3281
3263
3282
3264
3283
3265
3284
3266
3285
3267
3286
3268
3287
3269
3288
3270
3289
3271
3290
3272
3291
3273
3292
3274
3293
3275
3294
3276
3295
3277
3296
3278
3297
3279
3298
3299
3281
3300
3282
3301
3283
3302
3284
3303
3285
3304
3286
3305
3287
3306
3288
3307
3289
3308
3290
3309
3291
3310
3292
3311
3293
3312
3294
3313
3295
3314
3296
3315
3297
3316
3298
3317
3299
3318
3319
3301
3320
3302
3321
3303
3322
3304
3323
3305
3324
3306
3325
3307
3326
3308
3327
3309
3328
3310
3329
3311
3330
3312
3331
3313
3332
3314
3333
3315
3334
3316
3335
3317
3336
3318
3337
3319
3338
3339
3321
3340
3322
3341
3323
3342
3324
3343
3325
3344
3326
3345
3327
3346
3328
3347
3329
3348
3330
3349
3331
3350
3332
3351
3333
3352
3334
3353
3335
3354
3336
3355
3337
3356
3338
3357
3339
3358
3359
3341
3360
3342
3361
3343
3362
3344
3363
3345
3364
3346
3365
3347
3366
3348
3367
3349
3368
3350
3369
3351
3370
3352
3371
3353
3372
3354
3373
3355
3374
3356
3375
3357
3376
3358
3377
3359
3378
3379
3361
3380
3362
3381
3363
3382
3364
3383
3365
3384
3366
3385
3367
3386
3368
3387
3369
3388
3370
3389
3371
3390
3372
3391
3373
3392
3374
3393
3375
3394
3376
3395
3377
3396
3378
3397
3379
3398
3399
3381
3400
3382
3401
3383
3402
3384
3403
3385
3404
3386
3405
3387
3406
3388
3407
3389
3408
3390
3409
3391
3410
3392
3411
3393
3412
3394
3413
3395
3414
3396
3415
3397
3416
3398
3417
3399
3418
3419
3401
3420
3402
3421
3403
3422
3404
3423
3405
3424
3406
3425
3407
3426
3408
3427
3409
3428
3410
3429
3411
3430
3412
3431
3413
3432
3414
3433
3415
3434
3416
3435
3417
3436
3418
3437
3419
3438
3439
3421
3440
3422
3441
3423
3442
3424
3443
3425
3444
3426
3445
3427
3446
3428
3447
3429
3448
3430
3449
3431
3450
3432
3451
3433
3452
3434
3453
3435
3454
3436
3455
3437
3456
3438
3457
3439
3458
3459
3441
3460
3442
3461
3443
3462
3444
3463
3445
3464
3446
3465
3447
3466
3448
3467
3449
3468
3450
3469
3451
3470
3452
3471
3453
3472
3454
3473
3455
3474
3456
3475
3457
3476
3458
3477
3459
3478
3479
3461
3480
3462
3481
3463
3482
3464
3483
3465
3484
3466
3485
3467
3486
3468
3487
3469
3488
3470
3489
3471
3490
3472
3491
3473
3492
3474
3493
3475
3494
3476
3495
3477
3496
3478
3497
3479
3498
3499
3481
3500
3482
3501
3483
3502
3484
3503
3485
3504
3486
3505
3487
3506
3488
3507
3489
3508
3490
3509
3491
3510
3492
3511
3493
3512
3494
3513
3495
3514
3496
3515
3497
3516
3498
3517
3499
3518
3519
3501
3520
3502
3521
3503
3522
3504
3523
3505
3524
3506
3525
3507
3526
3508
3527
3509
3528
3510
3529
3511
3530
3512
3531
3513
3532
3514
3533
3515
3534
3516
3535
3517
3536
3518
3537
3519
3538
3539
3521
3540
3522
3541
3523
3542
3524
3543
3525
3544
3526
3545
3527
3546
3528
3547
3529
3548
3530
3549
3531
3550
3532
3551
3533
3552
3534
3553
3535
3554
3536
3555
3537
3556
3538
3557
3539
3558
3559
3541
3560
3542
3561
3543
3562
3544
3563
3545
3564
3546
3565
3547
3566
3548
3567
3549
3568
3550
3569
3551
3570
3552
3571
3553
3572
3554
3573
3555
3574
3556
3575
3557
3576
3558
3577
3559
3578
3579
3561
3580
3562
3581
3563
3582
3564
3583
3565
3584
3566
3585
3567
3586
3568
3587
3569
3588
3570
3589
3571
3590
3572
3591
3573
3592
3574
3593
3575
3594
3576
3595
3577
3596
3578
3597
3579
3598
3599
3581
3600
3582
3601
3583
3602
3584
3603
3585
3604
3586
3605
3587
3606
3588
3607
3589
3608
3590
3609
3591
3610
3592
3611
3593
3612
3594
3613
3595
3614
3596
3615
3597
3616
3598
3617
3599
3618
3619
3601
3620
3602
3621
3603
3622
3604
3623
3605
3624
3606
3625
3607
3626
3608
3627
3609
3628
3610
3629
3611
3630
3612
3631
3613
3632
3614
3633
3615
3634
3616
3635
3617
3636
3618
3637
3619
3638
3639
3621
3640
3622
3641
3623
3642
3624
3643
3625
3644
3626
3645
3627
3646
3628
3647
3629
3648
3630
3649
3631
3650
3632
3651
3633
3652
3634
3653
3635
3654
3636
3655
3637
3656
3638
3657
3639
3658
3659
3641
3660
3642
3661
3643
3662
3644
3663
3645
3664
3646
3665
3647
3666
3648
3667
3649
3668
3650
3669
3651
3670
3652
3671
3653
3672
3654
3673
3655
3674
3656
3675
3657
3676
3658
3677
3659
3678
3679
3661
3680
3662
3681
3663
3682
3664
3683
3665
3684
3666
3685
3667
3686
3668
3687
3669
3688
3670
3689
3671
3690
3672
3691
3673
3692
3674
3693
3675
3694
3676
3695
3677
3696
3678
3697
3679
3698
3699
3681
3700
3682
3701
3683
3702
3684
3703
3685
3704
3686
3705
3687
3706
3688
3707
3689
3708
3690
3709
3691
3710
3692
3711
3693
3712
3694
3713
3695
3714
3696
3715
3697
3716
3698
3717
3699
3718
3719
3701
3720
3702
3721
3703
3722
3704
3723
3705
3724
3706
3725
3707
3726
3708
3727
3709
3728
3710
3729
3711
3730
3712
3731
3713
3732
3714
3733
3715
3734
3716
3735
3717
3736
3718
3737
3719
3738
3739
3721
3740
3722
3741
3723
3742
3724
3743
3725
3744
3726
3745
3727
3746
3728
3747
3729
3748
3730
3749
3731
3750
3732
3751
3733
3752
3734
3753
3735
3754
3736
3755
3737
3756
3738
3757
3739
3758
3759
3741
3760
3742
3761
3743
3762
3744
3763
3745
3764
3746
3765
3747
3766
3748
3767
3749
3768
3750
3769
3751
3770
3752
3771
3753
3772
3754
3773
3755
3774
3756
3775
3757
3776
3758
3777
3759
3778
3779
3761
3780
3762
3781
3763
3782
3764
3783
3765
3784
3766
3785
3767
3786
3768
3787
3769
3788
3770
3789
3771
3790
3772
3791
3773
3792
3774
3793
3775
3794
3776
3795
3777
3796
3778
3797
3779
3798
3799
3781
3800
3782
3801
3783
3802
3784
3803
3785
3804
3786
3805
3787
3806
3788
3807
3789
3808
3790
3809
3791
3810
3792
3811
3793
3812
3794
3813
3795
3814
3796
3815
3797
3816
3798
3817
3799
3818
3819
3801
3820
3802
3821
3803
3822
3804
3823
3805
3824
3806
3825
3807
3826
3808
3827
3809
3828
3810
3829
3811
3830
3812
3831
3813
3832
3814
3833
3815
3834
3816
3835
3817
3836
3818
3837
3819
3838
3839
3821
3840
3822
3841
3823
3842
3824
3843
3825
3844
3826
3845
3827
3846
3828
3847
3829
3848
3830
3849
3831
3850
3832
3851
3833
3852
3834
3853
3835
3854
3836
3855
3837
3856
3838
3857
3839
3858
3859
3841
3860
3842
3861
3843
3862
3844
3863
3845
3864
3846
3865
3847
3866
3848
3867
3849
3868
3850
3869
3851
3870
3852
3871
3853
3872
3854
3873
3855
3874
3856
3875
3857
3876
3858
3877
3859
3878
3879
3861
3880
3862
3881
3863
3882
3864
3883
3865
3884
3866
3885
3867
3886
3868
3887
3869
3888
3870
3889
3871
3890
3872
3891
3873
3892
3874
3893
3875
3894
3876
3895
3877
3896
3878
3897
3879
3898
3899
3881
3900
3882
3901
3883
3902
3884
3903
3885
3904
3886
3905
3887
3906
3888
3907
3889
3908
3890
3909
3891
3910
3892
3911
3893
3912
3894
3913
3895
3914
3896
3915
3897
3916
3898
3917
3899
3918
3919
3901
3920
3902
3921
3903
3922
3904
3923
3905
3924
3906
3925
3907
3926
3908
3927
3909
3928
3910
3929
3911
3930
3912
3931
3913
3932
3914
3933
3915
3934
3916
3935
3917
3936
3918
3937
3919
3938
3939
3921
3940
3922
3941
3923
3942
3924
3943
3925
3944
3926
3945
3927
3946
3928
3947
3929
3948
3930
3949
3931
3950
3932
3951
3933
3952
3934
3953
3935
3954
3936
3955
3937
3956
3938
3957
3939
3958
3959
3941
3960
3942
3961
3943
3962
3944
3963
3945
3964
3946
3965
3947
3966
3948
3967
3949
3968
3950
3969
3951
3970
3952
3971
3953
3972
3954
3973
3955
3974
3956
3975
3957
3976
3958
3977
3959
3978
3979
3961
3980
3962
3981
3963
3982
3964
3983
3965
3984
3966
3985
3967
3986
3968
3987
3969
3988
3970
3989
3971
3990
3972
3991
3973
3992
3974
3993
3975
3994
3976
3995
3977
3996
3978
3997
3979
3998
3999
3981
4000
3982
4001
3983
4002
3984
4003
3985
4004
3986
4005
3987
4006
3988
4007
3989
4008
3990
4009
3991
4010
3992
4011
3993
4012
3994
4013
3995
4014
3996
4015
3997
4016
3998
4017
3999
4018
4019
4001
4020
4002
4021
4003
4022
4004
4023
4005
4024
4006
4025
4007
4026
4008
4027
4009
4028
4010
4029
4011
4030
4012
4031
4013
4032
4014
4033
4015
4034
4016
4035
4017
4036
4018
4037
4019
4038
4039
4021
4040
4022
4041
4023
4042
4024
4043
4025
4044
4026
4045
4027
4046
4028
4047
4029
4048
4030
4049
4031
4050
4032
4051
4033
4052
4034
4053
4035
4054
4036
4055
4037
4056
4038
4057
4039
4058
4059
4041
4060
4042
4061
4043
4062
4044
4063
4045
4064
4046
4065
4047
4066
4048
4067
4049
4068
4050
4069
4051
4070
4052
4071
4053
4072
4054
4073
4055
4074
4056
4075
4057
4076
4058
4077
4059
4078
4079
4061
4080
4062
4081
4063
4082
4064
4083
4065
4084
4066
4085
4067
4086
4068
4087
4069
4088
4070
4089
4071
4090
4072
4091
4073
4092
4074
4093
4075
4094
4076
4095
4077
4096
4078
4097
4079
4098
4099
4081
4082
4083
4084
4085
4086
4087
4088
4089
4090
4091
4092
4093
4094
4095
4096
4097
4098
4099
)


// ************************************************************************* //
