/*--------------------------------*- C++ -*----------------------------------*\
| =========                 |                                                 |
| \\      /  F ield         | OpenFOAM: The Open Source CFD Toolbox           |
|  \\    /   O peration     | Version:  2412                                  |
|   \\  /    A nd           | Website:  www.openfoam.com                      |
|    \\/     M anipulation  |                                                 |
\*---------------------------------------------------------------------------*/
FoamFile
{
    version     2.0;
    format      ascii;
    arch        "LSB;label=32;scalar=64";
    class       faceList;
    location    "constant/polyMesh";
    object      faces;
}
// * * * * * * * * * * * * * * * * * * * * * * * * * * * * * * * * * * * * * //


215
(
4(1 7 43 37)
4(6 42 43 7)
4(2 8 44 38)
4(7 43 44 8)
4(3 9 45 39)
4(8 44 45 9)
4(4 10 46 40)
4(9 45 46 10)
4(10 46 47 11)
4(5 11 47 41)
4(7 13 49 43)
4(12 48 49 13)
4(8 14 50 44)
4(13 49 50 14)
4(9 15 51 45)
4(14 50 51 15)
4(10 16 52 46)
4(15 51 52 16)
4(16 52 53 17)
4(11 17 53 47)
4(13 19 55 49)
4(18 54 55 19)
4(14 20 56 50)
4(19 55 56 20)
4(15 21 57 51)
4(20 56 57 21)
4(16 22 58 52)
4(21 57 58 22)
4(22 58 59 23)
4(17 23 59 53)
4(19 25 61 55)
4(24 60 61 25)
4(20 26 62 56)
4(25 61 62 26)
4(21 27 63 57)
4(26 62 63 27)
4(22 28 64 58)
4(27 63 64 28)
4(28 64 65 29)
4(23 29 65 59)
4(25 31 67 61)
4(26 32 68 62)
4(27 33 69 63)
4(28 34 70 64)
4(29 35 71 65)
4(72 77 107 102)
4(11 47 107 77)
4(73 78 108 103)
4(77 107 108 78)
4(74 79 109 104)
4(78 108 109 79)
4(75 80 110 105)
4(79 109 110 80)
4(80 110 111 81)
4(77 82 112 107)
4(17 53 112 82)
4(78 83 113 108)
4(82 112 113 83)
4(79 84 114 109)
4(83 113 114 84)
4(80 85 115 110)
4(84 114 115 85)
4(85 115 116 86)
4(82 87 117 112)
4(23 59 117 87)
4(83 88 118 113)
4(87 117 118 88)
4(84 89 119 114)
4(88 118 119 89)
4(85 90 120 115)
4(89 119 120 90)
4(90 120 121 91)
4(87 92 122 117)
4(29 65 122 92)
4(88 93 123 118)
4(92 122 123 93)
4(89 94 124 119)
4(93 123 124 94)
4(90 95 125 120)
4(94 124 125 95)
4(95 125 126 96)
4(92 97 127 122)
4(93 98 128 123)
4(94 99 129 124)
4(95 100 130 125)
4(0 36 42 6)
4(6 42 48 12)
4(12 48 54 18)
4(18 54 60 24)
4(24 60 66 30)
4(0 1 37 36)
4(1 2 38 37)
4(2 3 39 38)
4(3 4 40 39)
4(4 5 41 40)
4(5 72 102 41)
4(72 73 103 102)
4(73 74 104 103)
4(74 75 105 104)
4(75 76 106 105)
4(30 66 67 31)
4(31 67 68 32)
4(32 68 69 33)
4(33 69 70 34)
4(34 70 71 35)
4(35 71 127 97)
4(97 127 128 98)
4(98 128 129 99)
4(99 129 130 100)
4(100 130 131 101)
4(0 6 7 1)
4(6 12 13 7)
4(12 18 19 13)
4(18 24 25 19)
4(24 30 31 25)
4(1 7 8 2)
4(7 13 14 8)
4(13 19 20 14)
4(19 25 26 20)
4(25 31 32 26)
4(2 8 9 3)
4(8 14 15 9)
4(14 20 21 15)
4(20 26 27 21)
4(26 32 33 27)
4(3 9 10 4)
4(9 15 16 10)
4(15 21 22 16)
4(21 27 28 22)
4(27 33 34 28)
4(4 10 11 5)
4(10 16 17 11)
4(16 22 23 17)
4(22 28 29 23)
4(28 34 35 29)
4(5 11 77 72)
4(11 17 82 77)
4(17 23 87 82)
4(23 29 92 87)
4(29 35 97 92)
4(72 77 78 73)
4(77 82 83 78)
4(82 87 88 83)
4(87 92 93 88)
4(92 97 98 93)
4(73 78 79 74)
4(78 83 84 79)
4(83 88 89 84)
4(88 93 94 89)
4(93 98 99 94)
4(74 79 80 75)
4(79 84 85 80)
4(84 89 90 85)
4(89 94 95 90)
4(94 99 100 95)
4(75 80 81 76)
4(80 85 86 81)
4(85 90 91 86)
4(90 95 96 91)
4(95 100 101 96)
4(36 37 43 42)
4(42 43 49 48)
4(48 49 55 54)
4(54 55 61 60)
4(60 61 67 66)
4(37 38 44 43)
4(43 44 50 49)
4(49 50 56 55)
4(55 56 62 61)
4(61 62 68 67)
4(38 39 45 44)
4(44 45 51 50)
4(50 51 57 56)
4(56 57 63 62)
4(62 63 69 68)
4(39 40 46 45)
4(45 46 52 51)
4(51 52 58 57)
4(57 58 64 63)
4(63 64 70 69)
4(40 41 47 46)
4(46 47 53 52)
4(52 53 59 58)
4(58 59 65 64)
4(64 65 71 70)
4(41 102 107 47)
4(47 107 112 53)
4(53 112 117 59)
4(59 117 122 65)
4(65 122 127 71)
4(102 103 108 107)
4(107 108 113 112)
4(112 113 118 117)
4(117 118 123 122)
4(122 123 128 127)
4(103 104 109 108)
4(108 109 114 113)
4(113 114 119 118)
4(118 119 124 123)
4(123 124 129 128)
4(104 105 110 109)
4(109 110 115 114)
4(114 115 120 119)
4(119 120 125 124)
4(124 125 130 129)
4(105 106 111 110)
4(110 111 116 115)
4(115 116 121 120)
4(120 121 126 125)
4(125 126 131 130)
4(76 81 111 106)
4(81 86 116 111)
4(86 91 121 116)
4(91 96 126 121)
4(96 101 131 126)
)


// ************************************************************************* //
