/*--------------------------------*- C++ -*----------------------------------*\
| =========                 |                                                 |
| \\      /  F ield         | OpenFOAM: The Open Source CFD Toolbox           |
|  \\    /   O peration     | Version:  2412                                  |
|   \\  /    A nd           | Website:  www.openfoam.com                      |
|    \\/     M anipulation  |                                                 |
\*---------------------------------------------------------------------------*/
FoamFile
{
    version     2.0;
    format      ascii;
    arch        "LSB;label=32;scalar=64";
    class       regIOobject;
    location    "constant/polyMesh";
    object      faceZones;
    meta
    {
        names           1 ( interface1interface20Side0Zone );
    }
}
// * * * * * * * * * * * * * * * * * * * * * * * * * * * * * * * * * * * * * //

1
(interface1interface20Side0Zone
{
    type            faceZone;
    faceLabels      List<label> 
300
(
599
1199
1799
2399
2999
3599
4199
4799
5399
5999
6599
7199
7799
8399
8999
9599
10199
10799
11399
11999
12599
13199
13799
14399
14999
15599
16199
16799
17399
17999
18599
19199
19799
20399
20999
21599
22199
22799
23399
23999
24599
25199
25799
26399
26999
27599
28199
28799
29399
29999
30599
31199
31799
32399
32999
33599
34199
34799
35399
35999
36599
37199
37799
38399
38999
39599
40199
40799
41399
41999
42599
43199
43799
44399
44999
45599
46199
46799
47399
47999
48599
49199
49799
50399
50999
51599
52199
52799
53399
53999
54599
55199
55799
56399
56999
57599
58199
58799
59399
59999
60599
61199
61799
62399
62999
63599
64199
64799
65399
65999
66599
67199
67799
68399
68999
69599
70199
70799
71399
71999
72599
73199
73799
74399
74999
75599
76199
76799
77399
77999
78599
79199
79799
80399
80999
81599
82199
82799
83399
83999
84599
85199
85799
86399
86999
87599
88199
88799
89399
89999
90599
91199
91799
92399
92999
93599
94199
94799
95399
95999
96599
97199
97799
98399
98999
99599
100199
100799
101399
101999
102599
103199
103799
104399
104999
105599
106199
106799
107399
107999
108599
109199
109799
110399
110999
111599
112199
112799
113399
113999
114599
115199
115799
116399
116999
117599
118199
118799
119399
119999
120599
121199
121799
122399
122999
123599
124199
124799
125399
125999
126599
127199
127799
128399
128999
129599
130199
130799
131399
131999
132599
133199
133799
134399
134999
135599
136199
136799
137399
137999
138599
139199
139799
140399
140999
141599
142199
142799
143399
143999
144599
145199
145799
146399
146999
147599
148199
148799
149399
149999
150599
151199
151799
152399
152999
153599
154199
154799
155399
155999
156599
157199
157799
158399
158999
159599
160199
160799
161399
161999
162599
163199
163799
164399
164999
165599
166199
166799
167399
167999
168599
169199
169799
170399
170999
171599
172199
172799
173399
173999
174599
175199
175799
176399
176999
177599
178199
178799
179399
179699
)
;
    flipMap         List<bool> 300{0};
}
)

// ************************************************************************* //
