/*--------------------------------*- C++ -*----------------------------------*\
| =========                 |                                                 |
| \\      /  F ield         | OpenFOAM: The Open Source CFD Toolbox           |
|  \\    /   O peration     | Version:  2412                                  |
|   \\  /    A nd           | Website:  www.openfoam.com                      |
|    \\/     M anipulation  |                                                 |
\*---------------------------------------------------------------------------*/
FoamFile
{
    version     2.0;
    format      ascii;
    arch        "LSB;label=32;scalar=64";
    note        "nPoints:10302  nCells:5000  nFaces:20150  nInternalFaces:9850";
    class       labelList;
    location    "constant/polyMesh";
    object      neighbour;
}
// * * * * * * * * * * * * * * * * * * * * * * * * * * * * * * * * * * * * * //


9850
(
1
33
2
34
3
35
4
36
5
37
6
38
7
39
8
40
9
41
10
42
11
43
12
44
13
45
14
46
15
47
16
48
17
49
18
50
19
51
20
52
21
53
22
54
23
55
24
56
25
57
26
58
27
59
28
60
29
61
30
62
31
63
32
64
65
1650
34
66
35
67
36
68
37
69
38
70
39
71
40
72
41
73
42
74
43
75
44
76
45
77
46
78
47
79
48
80
49
81
50
82
51
83
52
84
53
85
54
86
55
87
56
88
57
89
58
90
59
91
60
92
61
93
62
94
63
95
64
96
65
97
98
1717
67
99
68
100
69
101
70
102
71
103
72
104
73
105
74
106
75
107
76
108
77
109
78
110
79
111
80
112
81
113
82
114
83
115
84
116
85
117
86
118
87
119
88
120
89
121
90
122
91
123
92
124
93
125
94
126
95
127
96
128
97
129
98
130
131
1784
100
132
101
133
102
134
103
135
104
136
105
137
106
138
107
139
108
140
109
141
110
142
111
143
112
144
113
145
114
146
115
147
116
148
117
149
118
150
119
151
120
152
121
153
122
154
123
155
124
156
125
157
126
158
127
159
128
160
129
161
130
162
131
163
164
1851
133
165
134
166
135
167
136
168
137
169
138
170
139
171
140
172
141
173
142
174
143
175
144
176
145
177
146
178
147
179
148
180
149
181
150
182
151
183
152
184
153
185
154
186
155
187
156
188
157
189
158
190
159
191
160
192
161
193
162
194
163
195
164
196
197
1918
166
198
167
199
168
200
169
201
170
202
171
203
172
204
173
205
174
206
175
207
176
208
177
209
178
210
179
211
180
212
181
213
182
214
183
215
184
216
185
217
186
218
187
219
188
220
189
221
190
222
191
223
192
224
193
225
194
226
195
227
196
228
197
229
230
1985
199
231
200
232
201
233
202
234
203
235
204
236
205
237
206
238
207
239
208
240
209
241
210
242
211
243
212
244
213
245
214
246
215
247
216
248
217
249
218
250
219
251
220
252
221
253
222
254
223
255
224
256
225
257
226
258
227
259
228
260
229
261
230
262
263
2052
232
264
233
265
234
266
235
267
236
268
237
269
238
270
239
271
240
272
241
273
242
274
243
275
244
276
245
277
246
278
247
279
248
280
249
281
250
282
251
283
252
284
253
285
254
286
255
287
256
288
257
289
258
290
259
291
260
292
261
293
262
294
263
295
296
2119
265
297
266
298
267
299
268
300
269
301
270
302
271
303
272
304
273
305
274
306
275
307
276
308
277
309
278
310
279
311
280
312
281
313
282
314
283
315
284
316
285
317
286
318
287
319
288
320
289
321
290
322
291
323
292
324
293
325
294
326
295
327
296
328
329
2186
298
330
299
331
300
332
301
333
302
334
303
335
304
336
305
337
306
338
307
339
308
340
309
341
310
342
311
343
312
344
313
345
314
346
315
347
316
348
317
349
318
350
319
351
320
352
321
353
322
354
323
355
324
356
325
357
326
358
327
359
328
360
329
361
362
2253
331
363
332
364
333
365
334
366
335
367
336
368
337
369
338
370
339
371
340
372
341
373
342
374
343
375
344
376
345
377
346
378
347
379
348
380
349
381
350
382
351
383
352
384
353
385
354
386
355
387
356
388
357
389
358
390
359
391
360
392
361
393
362
394
395
2320
364
396
365
397
366
398
367
399
368
400
369
401
370
402
371
403
372
404
373
405
374
406
375
407
376
408
377
409
378
410
379
411
380
412
381
413
382
414
383
415
384
416
385
417
386
418
387
419
388
420
389
421
390
422
391
423
392
424
393
425
394
426
395
427
428
2387
397
429
398
430
399
431
400
432
401
433
402
434
403
435
404
436
405
437
406
438
407
439
408
440
409
441
410
442
411
443
412
444
413
445
414
446
415
447
416
448
417
449
418
450
419
451
420
452
421
453
422
454
423
455
424
456
425
457
426
458
427
459
428
460
461
2454
430
462
431
463
432
464
433
465
434
466
435
467
436
468
437
469
438
470
439
471
440
472
441
473
442
474
443
475
444
476
445
477
446
478
447
479
448
480
449
481
450
482
451
483
452
484
453
485
454
486
455
487
456
488
457
489
458
490
459
491
460
492
461
493
494
2521
463
495
464
496
465
497
466
498
467
499
468
500
469
501
470
502
471
503
472
504
473
505
474
506
475
507
476
508
477
509
478
510
479
511
480
512
481
513
482
514
483
515
484
516
485
517
486
518
487
519
488
520
489
521
490
522
491
523
492
524
493
525
494
526
527
2588
496
528
497
529
498
530
499
531
500
532
501
533
502
534
503
535
504
536
505
537
506
538
507
539
508
540
509
541
510
542
511
543
512
544
513
545
514
546
515
547
516
548
517
549
518
550
519
551
520
552
521
553
522
554
523
555
524
556
525
557
526
558
527
559
560
2655
529
561
530
562
531
563
532
564
533
565
534
566
535
567
536
568
537
569
538
570
539
571
540
572
541
573
542
574
543
575
544
576
545
577
546
578
547
579
548
580
549
581
550
582
551
583
552
584
553
585
554
586
555
587
556
588
557
589
558
590
559
591
560
592
593
2722
562
594
563
595
564
596
565
597
566
598
567
599
568
600
569
601
570
602
571
603
572
604
573
605
574
606
575
607
576
608
577
609
578
610
579
611
580
612
581
613
582
614
583
615
584
616
585
617
586
618
587
619
588
620
589
621
590
622
591
623
592
624
593
625
626
2789
595
627
596
628
597
629
598
630
599
631
600
632
601
633
602
634
603
635
604
636
605
637
606
638
607
639
608
640
609
641
610
642
611
643
612
644
613
645
614
646
615
647
616
648
617
649
618
650
619
651
620
652
621
653
622
654
623
655
624
656
625
657
626
658
659
2856
628
660
629
661
630
662
631
663
632
664
633
665
634
666
635
667
636
668
637
669
638
670
639
671
640
672
641
673
642
674
643
675
644
676
645
677
646
678
647
679
648
680
649
681
650
682
651
683
652
684
653
685
654
686
655
687
656
688
657
689
658
690
659
691
692
2923
661
693
662
694
663
695
664
696
665
697
666
698
667
699
668
700
669
701
670
702
671
703
672
704
673
705
674
706
675
707
676
708
677
709
678
710
679
711
680
712
681
713
682
714
683
715
684
716
685
717
686
718
687
719
688
720
689
721
690
722
691
723
692
724
725
2990
694
726
695
727
696
728
697
729
698
730
699
731
700
732
701
733
702
734
703
735
704
736
705
737
706
738
707
739
708
740
709
741
710
742
711
743
712
744
713
745
714
746
715
747
716
748
717
749
718
750
719
751
720
752
721
753
722
754
723
755
724
756
725
757
758
3057
727
759
728
760
729
761
730
762
731
763
732
764
733
765
734
766
735
767
736
768
737
769
738
770
739
771
740
772
741
773
742
774
743
775
744
776
745
777
746
778
747
779
748
780
749
781
750
782
751
783
752
784
753
785
754
786
755
787
756
788
757
789
758
790
791
3124
760
792
761
793
762
794
763
795
764
796
765
797
766
798
767
799
768
800
769
801
770
802
771
803
772
804
773
805
774
806
775
807
776
808
777
809
778
810
779
811
780
812
781
813
782
814
783
815
784
816
785
817
786
818
787
819
788
820
789
821
790
822
791
823
824
3191
793
825
794
826
795
827
796
828
797
829
798
830
799
831
800
832
801
833
802
834
803
835
804
836
805
837
806
838
807
839
808
840
809
841
810
842
811
843
812
844
813
845
814
846
815
847
816
848
817
849
818
850
819
851
820
852
821
853
822
854
823
855
824
856
857
3258
826
858
827
859
828
860
829
861
830
862
831
863
832
864
833
865
834
866
835
867
836
868
837
869
838
870
839
871
840
872
841
873
842
874
843
875
844
876
845
877
846
878
847
879
848
880
849
881
850
882
851
883
852
884
853
885
854
886
855
887
856
888
857
889
890
3325
859
891
860
892
861
893
862
894
863
895
864
896
865
897
866
898
867
899
868
900
869
901
870
902
871
903
872
904
873
905
874
906
875
907
876
908
877
909
878
910
879
911
880
912
881
913
882
914
883
915
884
916
885
917
886
918
887
919
888
920
889
921
890
922
923
3392
892
924
893
925
894
926
895
927
896
928
897
929
898
930
899
931
900
932
901
933
902
934
903
935
904
936
905
937
906
938
907
939
908
940
909
941
910
942
911
943
912
944
913
945
914
946
915
947
916
948
917
949
918
950
919
951
920
952
921
953
922
954
923
955
956
3459
925
957
926
958
927
959
928
960
929
961
930
962
931
963
932
964
933
965
934
966
935
967
936
968
937
969
938
970
939
971
940
972
941
973
942
974
943
975
944
976
945
977
946
978
947
979
948
980
949
981
950
982
951
983
952
984
953
985
954
986
955
987
956
988
989
3526
958
990
959
991
960
992
961
993
962
994
963
995
964
996
965
997
966
998
967
999
968
1000
969
1001
970
1002
971
1003
972
1004
973
1005
974
1006
975
1007
976
1008
977
1009
978
1010
979
1011
980
1012
981
1013
982
1014
983
1015
984
1016
985
1017
986
1018
987
1019
988
1020
989
1021
1022
3593
991
1023
992
1024
993
1025
994
1026
995
1027
996
1028
997
1029
998
1030
999
1031
1000
1032
1001
1033
1002
1034
1003
1035
1004
1036
1005
1037
1006
1038
1007
1039
1008
1040
1009
1041
1010
1042
1011
1043
1012
1044
1013
1045
1014
1046
1015
1047
1016
1048
1017
1049
1018
1050
1019
1051
1020
1052
1021
1053
1022
1054
1055
3660
1024
1056
1025
1057
1026
1058
1027
1059
1028
1060
1029
1061
1030
1062
1031
1063
1032
1064
1033
1065
1034
1066
1035
1067
1036
1068
1037
1069
1038
1070
1039
1071
1040
1072
1041
1073
1042
1074
1043
1075
1044
1076
1045
1077
1046
1078
1047
1079
1048
1080
1049
1081
1050
1082
1051
1083
1052
1084
1053
1085
1054
1086
1055
1087
1088
3727
1057
1089
1058
1090
1059
1091
1060
1092
1061
1093
1062
1094
1063
1095
1064
1096
1065
1097
1066
1098
1067
1099
1068
1100
1069
1101
1070
1102
1071
1103
1072
1104
1073
1105
1074
1106
1075
1107
1076
1108
1077
1109
1078
1110
1079
1111
1080
1112
1081
1113
1082
1114
1083
1115
1084
1116
1085
1117
1086
1118
1087
1119
1088
1120
1121
3794
1090
1122
1091
1123
1092
1124
1093
1125
1094
1126
1095
1127
1096
1128
1097
1129
1098
1130
1099
1131
1100
1132
1101
1133
1102
1134
1103
1135
1104
1136
1105
1137
1106
1138
1107
1139
1108
1140
1109
1141
1110
1142
1111
1143
1112
1144
1113
1145
1114
1146
1115
1147
1116
1148
1117
1149
1118
1150
1119
1151
1120
1152
1121
1153
1154
3861
1123
1155
1124
1156
1125
1157
1126
1158
1127
1159
1128
1160
1129
1161
1130
1162
1131
1163
1132
1164
1133
1165
1134
1166
1135
1167
1136
1168
1137
1169
1138
1170
1139
1171
1140
1172
1141
1173
1142
1174
1143
1175
1144
1176
1145
1177
1146
1178
1147
1179
1148
1180
1149
1181
1150
1182
1151
1183
1152
1184
1153
1185
1154
1186
1187
3928
1156
1188
1157
1189
1158
1190
1159
1191
1160
1192
1161
1193
1162
1194
1163
1195
1164
1196
1165
1197
1166
1198
1167
1199
1168
1200
1169
1201
1170
1202
1171
1203
1172
1204
1173
1205
1174
1206
1175
1207
1176
1208
1177
1209
1178
1210
1179
1211
1180
1212
1181
1213
1182
1214
1183
1215
1184
1216
1185
1217
1186
1218
1187
1219
1220
3995
1189
1221
1190
1222
1191
1223
1192
1224
1193
1225
1194
1226
1195
1227
1196
1228
1197
1229
1198
1230
1199
1231
1200
1232
1201
1233
1202
1234
1203
1235
1204
1236
1205
1237
1206
1238
1207
1239
1208
1240
1209
1241
1210
1242
1211
1243
1212
1244
1213
1245
1214
1246
1215
1247
1216
1248
1217
1249
1218
1250
1219
1251
1220
1252
1253
4062
1222
1254
1223
1255
1224
1256
1225
1257
1226
1258
1227
1259
1228
1260
1229
1261
1230
1262
1231
1263
1232
1264
1233
1265
1234
1266
1235
1267
1236
1268
1237
1269
1238
1270
1239
1271
1240
1272
1241
1273
1242
1274
1243
1275
1244
1276
1245
1277
1246
1278
1247
1279
1248
1280
1249
1281
1250
1282
1251
1283
1252
1284
1253
1285
1286
4129
1255
1287
1256
1288
1257
1289
1258
1290
1259
1291
1260
1292
1261
1293
1262
1294
1263
1295
1264
1296
1265
1297
1266
1298
1267
1299
1268
1300
1269
1301
1270
1302
1271
1303
1272
1304
1273
1305
1274
1306
1275
1307
1276
1308
1277
1309
1278
1310
1279
1311
1280
1312
1281
1313
1282
1314
1283
1315
1284
1316
1285
1317
1286
1318
1319
4196
1288
1320
1289
1321
1290
1322
1291
1323
1292
1324
1293
1325
1294
1326
1295
1327
1296
1328
1297
1329
1298
1330
1299
1331
1300
1332
1301
1333
1302
1334
1303
1335
1304
1336
1305
1337
1306
1338
1307
1339
1308
1340
1309
1341
1310
1342
1311
1343
1312
1344
1313
1345
1314
1346
1315
1347
1316
1348
1317
1349
1318
1350
1319
1351
1352
4263
1321
1353
1322
1354
1323
1355
1324
1356
1325
1357
1326
1358
1327
1359
1328
1360
1329
1361
1330
1362
1331
1363
1332
1364
1333
1365
1334
1366
1335
1367
1336
1368
1337
1369
1338
1370
1339
1371
1340
1372
1341
1373
1342
1374
1343
1375
1344
1376
1345
1377
1346
1378
1347
1379
1348
1380
1349
1381
1350
1382
1351
1383
1352
1384
1385
4330
1354
1386
1355
1387
1356
1388
1357
1389
1358
1390
1359
1391
1360
1392
1361
1393
1362
1394
1363
1395
1364
1396
1365
1397
1366
1398
1367
1399
1368
1400
1369
1401
1370
1402
1371
1403
1372
1404
1373
1405
1374
1406
1375
1407
1376
1408
1377
1409
1378
1410
1379
1411
1380
1412
1381
1413
1382
1414
1383
1415
1384
1416
1385
1417
1418
4397
1387
1419
1388
1420
1389
1421
1390
1422
1391
1423
1392
1424
1393
1425
1394
1426
1395
1427
1396
1428
1397
1429
1398
1430
1399
1431
1400
1432
1401
1433
1402
1434
1403
1435
1404
1436
1405
1437
1406
1438
1407
1439
1408
1440
1409
1441
1410
1442
1411
1443
1412
1444
1413
1445
1414
1446
1415
1447
1416
1448
1417
1449
1418
1450
1451
4464
1420
1452
1421
1453
1422
1454
1423
1455
1424
1456
1425
1457
1426
1458
1427
1459
1428
1460
1429
1461
1430
1462
1431
1463
1432
1464
1433
1465
1434
1466
1435
1467
1436
1468
1437
1469
1438
1470
1439
1471
1440
1472
1441
1473
1442
1474
1443
1475
1444
1476
1445
1477
1446
1478
1447
1479
1448
1480
1449
1481
1450
1482
1451
1483
1484
4531
1453
1485
1454
1486
1455
1487
1456
1488
1457
1489
1458
1490
1459
1491
1460
1492
1461
1493
1462
1494
1463
1495
1464
1496
1465
1497
1466
1498
1467
1499
1468
1500
1469
1501
1470
1502
1471
1503
1472
1504
1473
1505
1474
1506
1475
1507
1476
1508
1477
1509
1478
1510
1479
1511
1480
1512
1481
1513
1482
1514
1483
1515
1484
1516
1517
4598
1486
1518
1487
1519
1488
1520
1489
1521
1490
1522
1491
1523
1492
1524
1493
1525
1494
1526
1495
1527
1496
1528
1497
1529
1498
1530
1499
1531
1500
1532
1501
1533
1502
1534
1503
1535
1504
1536
1505
1537
1506
1538
1507
1539
1508
1540
1509
1541
1510
1542
1511
1543
1512
1544
1513
1545
1514
1546
1515
1547
1516
1548
1517
1549
1550
4665
1519
1551
1520
1552
1521
1553
1522
1554
1523
1555
1524
1556
1525
1557
1526
1558
1527
1559
1528
1560
1529
1561
1530
1562
1531
1563
1532
1564
1533
1565
1534
1566
1535
1567
1536
1568
1537
1569
1538
1570
1539
1571
1540
1572
1541
1573
1542
1574
1543
1575
1544
1576
1545
1577
1546
1578
1547
1579
1548
1580
1549
1581
1550
1582
1583
4732
1552
1584
1553
1585
1554
1586
1555
1587
1556
1588
1557
1589
1558
1590
1559
1591
1560
1592
1561
1593
1562
1594
1563
1595
1564
1596
1565
1597
1566
1598
1567
1599
1568
1600
1569
1601
1570
1602
1571
1603
1572
1604
1573
1605
1574
1606
1575
1607
1576
1608
1577
1609
1578
1610
1579
1611
1580
1612
1581
1613
1582
1614
1583
1615
1616
4799
1585
1617
1586
1618
1587
1619
1588
1620
1589
1621
1590
1622
1591
1623
1592
1624
1593
1625
1594
1626
1595
1627
1596
1628
1597
1629
1598
1630
1599
1631
1600
1632
1601
1633
1602
1634
1603
1635
1604
1636
1605
1637
1606
1638
1607
1639
1608
1640
1609
1641
1610
1642
1611
1643
1612
1644
1613
1645
1614
1646
1615
1647
1616
1648
1649
4866
1618
1619
1620
1621
1622
1623
1624
1625
1626
1627
1628
1629
1630
1631
1632
1633
1634
1635
1636
1637
1638
1639
1640
1641
1642
1643
1644
1645
1646
1647
1648
1649
4933
1651
1717
1652
1718
1653
1719
1654
1720
1655
1721
1656
1722
1657
1723
1658
1724
1659
1725
1660
1726
1661
1727
1662
1728
1663
1729
1664
1730
1665
1731
1666
1732
1667
1733
1668
1734
1669
1735
1670
1736
1671
1737
1672
1738
1673
1739
1674
1740
1675
1741
1676
1742
1677
1743
1678
1744
1679
1745
1680
1746
1681
1747
1682
1748
1683
1749
1684
1750
1685
1751
1686
1752
1687
1753
1688
1754
1689
1755
1690
1756
1691
1757
1692
1758
1693
1759
1694
1760
1695
1761
1696
1762
1697
1763
1698
1764
1699
1765
1700
1766
1701
1767
1702
1768
1703
1769
1704
1770
1705
1771
1706
1772
1707
1773
1708
1774
1709
1775
1710
1776
1711
1777
1712
1778
1713
1779
1714
1780
1715
1781
1716
1782
1783
1718
1784
1719
1785
1720
1786
1721
1787
1722
1788
1723
1789
1724
1790
1725
1791
1726
1792
1727
1793
1728
1794
1729
1795
1730
1796
1731
1797
1732
1798
1733
1799
1734
1800
1735
1801
1736
1802
1737
1803
1738
1804
1739
1805
1740
1806
1741
1807
1742
1808
1743
1809
1744
1810
1745
1811
1746
1812
1747
1813
1748
1814
1749
1815
1750
1816
1751
1817
1752
1818
1753
1819
1754
1820
1755
1821
1756
1822
1757
1823
1758
1824
1759
1825
1760
1826
1761
1827
1762
1828
1763
1829
1764
1830
1765
1831
1766
1832
1767
1833
1768
1834
1769
1835
1770
1836
1771
1837
1772
1838
1773
1839
1774
1840
1775
1841
1776
1842
1777
1843
1778
1844
1779
1845
1780
1846
1781
1847
1782
1848
1783
1849
1850
1785
1851
1786
1852
1787
1853
1788
1854
1789
1855
1790
1856
1791
1857
1792
1858
1793
1859
1794
1860
1795
1861
1796
1862
1797
1863
1798
1864
1799
1865
1800
1866
1801
1867
1802
1868
1803
1869
1804
1870
1805
1871
1806
1872
1807
1873
1808
1874
1809
1875
1810
1876
1811
1877
1812
1878
1813
1879
1814
1880
1815
1881
1816
1882
1817
1883
1818
1884
1819
1885
1820
1886
1821
1887
1822
1888
1823
1889
1824
1890
1825
1891
1826
1892
1827
1893
1828
1894
1829
1895
1830
1896
1831
1897
1832
1898
1833
1899
1834
1900
1835
1901
1836
1902
1837
1903
1838
1904
1839
1905
1840
1906
1841
1907
1842
1908
1843
1909
1844
1910
1845
1911
1846
1912
1847
1913
1848
1914
1849
1915
1850
1916
1917
1852
1918
1853
1919
1854
1920
1855
1921
1856
1922
1857
1923
1858
1924
1859
1925
1860
1926
1861
1927
1862
1928
1863
1929
1864
1930
1865
1931
1866
1932
1867
1933
1868
1934
1869
1935
1870
1936
1871
1937
1872
1938
1873
1939
1874
1940
1875
1941
1876
1942
1877
1943
1878
1944
1879
1945
1880
1946
1881
1947
1882
1948
1883
1949
1884
1950
1885
1951
1886
1952
1887
1953
1888
1954
1889
1955
1890
1956
1891
1957
1892
1958
1893
1959
1894
1960
1895
1961
1896
1962
1897
1963
1898
1964
1899
1965
1900
1966
1901
1967
1902
1968
1903
1969
1904
1970
1905
1971
1906
1972
1907
1973
1908
1974
1909
1975
1910
1976
1911
1977
1912
1978
1913
1979
1914
1980
1915
1981
1916
1982
1917
1983
1984
1919
1985
1920
1986
1921
1987
1922
1988
1923
1989
1924
1990
1925
1991
1926
1992
1927
1993
1928
1994
1929
1995
1930
1996
1931
1997
1932
1998
1933
1999
1934
2000
1935
2001
1936
2002
1937
2003
1938
2004
1939
2005
1940
2006
1941
2007
1942
2008
1943
2009
1944
2010
1945
2011
1946
2012
1947
2013
1948
2014
1949
2015
1950
2016
1951
2017
1952
2018
1953
2019
1954
2020
1955
2021
1956
2022
1957
2023
1958
2024
1959
2025
1960
2026
1961
2027
1962
2028
1963
2029
1964
2030
1965
2031
1966
2032
1967
2033
1968
2034
1969
2035
1970
2036
1971
2037
1972
2038
1973
2039
1974
2040
1975
2041
1976
2042
1977
2043
1978
2044
1979
2045
1980
2046
1981
2047
1982
2048
1983
2049
1984
2050
2051
1986
2052
1987
2053
1988
2054
1989
2055
1990
2056
1991
2057
1992
2058
1993
2059
1994
2060
1995
2061
1996
2062
1997
2063
1998
2064
1999
2065
2000
2066
2001
2067
2002
2068
2003
2069
2004
2070
2005
2071
2006
2072
2007
2073
2008
2074
2009
2075
2010
2076
2011
2077
2012
2078
2013
2079
2014
2080
2015
2081
2016
2082
2017
2083
2018
2084
2019
2085
2020
2086
2021
2087
2022
2088
2023
2089
2024
2090
2025
2091
2026
2092
2027
2093
2028
2094
2029
2095
2030
2096
2031
2097
2032
2098
2033
2099
2034
2100
2035
2101
2036
2102
2037
2103
2038
2104
2039
2105
2040
2106
2041
2107
2042
2108
2043
2109
2044
2110
2045
2111
2046
2112
2047
2113
2048
2114
2049
2115
2050
2116
2051
2117
2118
2053
2119
2054
2120
2055
2121
2056
2122
2057
2123
2058
2124
2059
2125
2060
2126
2061
2127
2062
2128
2063
2129
2064
2130
2065
2131
2066
2132
2067
2133
2068
2134
2069
2135
2070
2136
2071
2137
2072
2138
2073
2139
2074
2140
2075
2141
2076
2142
2077
2143
2078
2144
2079
2145
2080
2146
2081
2147
2082
2148
2083
2149
2084
2150
2085
2151
2086
2152
2087
2153
2088
2154
2089
2155
2090
2156
2091
2157
2092
2158
2093
2159
2094
2160
2095
2161
2096
2162
2097
2163
2098
2164
2099
2165
2100
2166
2101
2167
2102
2168
2103
2169
2104
2170
2105
2171
2106
2172
2107
2173
2108
2174
2109
2175
2110
2176
2111
2177
2112
2178
2113
2179
2114
2180
2115
2181
2116
2182
2117
2183
2118
2184
2185
2120
2186
2121
2187
2122
2188
2123
2189
2124
2190
2125
2191
2126
2192
2127
2193
2128
2194
2129
2195
2130
2196
2131
2197
2132
2198
2133
2199
2134
2200
2135
2201
2136
2202
2137
2203
2138
2204
2139
2205
2140
2206
2141
2207
2142
2208
2143
2209
2144
2210
2145
2211
2146
2212
2147
2213
2148
2214
2149
2215
2150
2216
2151
2217
2152
2218
2153
2219
2154
2220
2155
2221
2156
2222
2157
2223
2158
2224
2159
2225
2160
2226
2161
2227
2162
2228
2163
2229
2164
2230
2165
2231
2166
2232
2167
2233
2168
2234
2169
2235
2170
2236
2171
2237
2172
2238
2173
2239
2174
2240
2175
2241
2176
2242
2177
2243
2178
2244
2179
2245
2180
2246
2181
2247
2182
2248
2183
2249
2184
2250
2185
2251
2252
2187
2253
2188
2254
2189
2255
2190
2256
2191
2257
2192
2258
2193
2259
2194
2260
2195
2261
2196
2262
2197
2263
2198
2264
2199
2265
2200
2266
2201
2267
2202
2268
2203
2269
2204
2270
2205
2271
2206
2272
2207
2273
2208
2274
2209
2275
2210
2276
2211
2277
2212
2278
2213
2279
2214
2280
2215
2281
2216
2282
2217
2283
2218
2284
2219
2285
2220
2286
2221
2287
2222
2288
2223
2289
2224
2290
2225
2291
2226
2292
2227
2293
2228
2294
2229
2295
2230
2296
2231
2297
2232
2298
2233
2299
2234
2300
2235
2301
2236
2302
2237
2303
2238
2304
2239
2305
2240
2306
2241
2307
2242
2308
2243
2309
2244
2310
2245
2311
2246
2312
2247
2313
2248
2314
2249
2315
2250
2316
2251
2317
2252
2318
2319
2254
2320
2255
2321
2256
2322
2257
2323
2258
2324
2259
2325
2260
2326
2261
2327
2262
2328
2263
2329
2264
2330
2265
2331
2266
2332
2267
2333
2268
2334
2269
2335
2270
2336
2271
2337
2272
2338
2273
2339
2274
2340
2275
2341
2276
2342
2277
2343
2278
2344
2279
2345
2280
2346
2281
2347
2282
2348
2283
2349
2284
2350
2285
2351
2286
2352
2287
2353
2288
2354
2289
2355
2290
2356
2291
2357
2292
2358
2293
2359
2294
2360
2295
2361
2296
2362
2297
2363
2298
2364
2299
2365
2300
2366
2301
2367
2302
2368
2303
2369
2304
2370
2305
2371
2306
2372
2307
2373
2308
2374
2309
2375
2310
2376
2311
2377
2312
2378
2313
2379
2314
2380
2315
2381
2316
2382
2317
2383
2318
2384
2319
2385
2386
2321
2387
2322
2388
2323
2389
2324
2390
2325
2391
2326
2392
2327
2393
2328
2394
2329
2395
2330
2396
2331
2397
2332
2398
2333
2399
2334
2400
2335
2401
2336
2402
2337
2403
2338
2404
2339
2405
2340
2406
2341
2407
2342
2408
2343
2409
2344
2410
2345
2411
2346
2412
2347
2413
2348
2414
2349
2415
2350
2416
2351
2417
2352
2418
2353
2419
2354
2420
2355
2421
2356
2422
2357
2423
2358
2424
2359
2425
2360
2426
2361
2427
2362
2428
2363
2429
2364
2430
2365
2431
2366
2432
2367
2433
2368
2434
2369
2435
2370
2436
2371
2437
2372
2438
2373
2439
2374
2440
2375
2441
2376
2442
2377
2443
2378
2444
2379
2445
2380
2446
2381
2447
2382
2448
2383
2449
2384
2450
2385
2451
2386
2452
2453
2388
2454
2389
2455
2390
2456
2391
2457
2392
2458
2393
2459
2394
2460
2395
2461
2396
2462
2397
2463
2398
2464
2399
2465
2400
2466
2401
2467
2402
2468
2403
2469
2404
2470
2405
2471
2406
2472
2407
2473
2408
2474
2409
2475
2410
2476
2411
2477
2412
2478
2413
2479
2414
2480
2415
2481
2416
2482
2417
2483
2418
2484
2419
2485
2420
2486
2421
2487
2422
2488
2423
2489
2424
2490
2425
2491
2426
2492
2427
2493
2428
2494
2429
2495
2430
2496
2431
2497
2432
2498
2433
2499
2434
2500
2435
2501
2436
2502
2437
2503
2438
2504
2439
2505
2440
2506
2441
2507
2442
2508
2443
2509
2444
2510
2445
2511
2446
2512
2447
2513
2448
2514
2449
2515
2450
2516
2451
2517
2452
2518
2453
2519
2520
2455
2521
2456
2522
2457
2523
2458
2524
2459
2525
2460
2526
2461
2527
2462
2528
2463
2529
2464
2530
2465
2531
2466
2532
2467
2533
2468
2534
2469
2535
2470
2536
2471
2537
2472
2538
2473
2539
2474
2540
2475
2541
2476
2542
2477
2543
2478
2544
2479
2545
2480
2546
2481
2547
2482
2548
2483
2549
2484
2550
2485
2551
2486
2552
2487
2553
2488
2554
2489
2555
2490
2556
2491
2557
2492
2558
2493
2559
2494
2560
2495
2561
2496
2562
2497
2563
2498
2564
2499
2565
2500
2566
2501
2567
2502
2568
2503
2569
2504
2570
2505
2571
2506
2572
2507
2573
2508
2574
2509
2575
2510
2576
2511
2577
2512
2578
2513
2579
2514
2580
2515
2581
2516
2582
2517
2583
2518
2584
2519
2585
2520
2586
2587
2522
2588
2523
2589
2524
2590
2525
2591
2526
2592
2527
2593
2528
2594
2529
2595
2530
2596
2531
2597
2532
2598
2533
2599
2534
2600
2535
2601
2536
2602
2537
2603
2538
2604
2539
2605
2540
2606
2541
2607
2542
2608
2543
2609
2544
2610
2545
2611
2546
2612
2547
2613
2548
2614
2549
2615
2550
2616
2551
2617
2552
2618
2553
2619
2554
2620
2555
2621
2556
2622
2557
2623
2558
2624
2559
2625
2560
2626
2561
2627
2562
2628
2563
2629
2564
2630
2565
2631
2566
2632
2567
2633
2568
2634
2569
2635
2570
2636
2571
2637
2572
2638
2573
2639
2574
2640
2575
2641
2576
2642
2577
2643
2578
2644
2579
2645
2580
2646
2581
2647
2582
2648
2583
2649
2584
2650
2585
2651
2586
2652
2587
2653
2654
2589
2655
2590
2656
2591
2657
2592
2658
2593
2659
2594
2660
2595
2661
2596
2662
2597
2663
2598
2664
2599
2665
2600
2666
2601
2667
2602
2668
2603
2669
2604
2670
2605
2671
2606
2672
2607
2673
2608
2674
2609
2675
2610
2676
2611
2677
2612
2678
2613
2679
2614
2680
2615
2681
2616
2682
2617
2683
2618
2684
2619
2685
2620
2686
2621
2687
2622
2688
2623
2689
2624
2690
2625
2691
2626
2692
2627
2693
2628
2694
2629
2695
2630
2696
2631
2697
2632
2698
2633
2699
2634
2700
2635
2701
2636
2702
2637
2703
2638
2704
2639
2705
2640
2706
2641
2707
2642
2708
2643
2709
2644
2710
2645
2711
2646
2712
2647
2713
2648
2714
2649
2715
2650
2716
2651
2717
2652
2718
2653
2719
2654
2720
2721
2656
2722
2657
2723
2658
2724
2659
2725
2660
2726
2661
2727
2662
2728
2663
2729
2664
2730
2665
2731
2666
2732
2667
2733
2668
2734
2669
2735
2670
2736
2671
2737
2672
2738
2673
2739
2674
2740
2675
2741
2676
2742
2677
2743
2678
2744
2679
2745
2680
2746
2681
2747
2682
2748
2683
2749
2684
2750
2685
2751
2686
2752
2687
2753
2688
2754
2689
2755
2690
2756
2691
2757
2692
2758
2693
2759
2694
2760
2695
2761
2696
2762
2697
2763
2698
2764
2699
2765
2700
2766
2701
2767
2702
2768
2703
2769
2704
2770
2705
2771
2706
2772
2707
2773
2708
2774
2709
2775
2710
2776
2711
2777
2712
2778
2713
2779
2714
2780
2715
2781
2716
2782
2717
2783
2718
2784
2719
2785
2720
2786
2721
2787
2788
2723
2789
2724
2790
2725
2791
2726
2792
2727
2793
2728
2794
2729
2795
2730
2796
2731
2797
2732
2798
2733
2799
2734
2800
2735
2801
2736
2802
2737
2803
2738
2804
2739
2805
2740
2806
2741
2807
2742
2808
2743
2809
2744
2810
2745
2811
2746
2812
2747
2813
2748
2814
2749
2815
2750
2816
2751
2817
2752
2818
2753
2819
2754
2820
2755
2821
2756
2822
2757
2823
2758
2824
2759
2825
2760
2826
2761
2827
2762
2828
2763
2829
2764
2830
2765
2831
2766
2832
2767
2833
2768
2834
2769
2835
2770
2836
2771
2837
2772
2838
2773
2839
2774
2840
2775
2841
2776
2842
2777
2843
2778
2844
2779
2845
2780
2846
2781
2847
2782
2848
2783
2849
2784
2850
2785
2851
2786
2852
2787
2853
2788
2854
2855
2790
2856
2791
2857
2792
2858
2793
2859
2794
2860
2795
2861
2796
2862
2797
2863
2798
2864
2799
2865
2800
2866
2801
2867
2802
2868
2803
2869
2804
2870
2805
2871
2806
2872
2807
2873
2808
2874
2809
2875
2810
2876
2811
2877
2812
2878
2813
2879
2814
2880
2815
2881
2816
2882
2817
2883
2818
2884
2819
2885
2820
2886
2821
2887
2822
2888
2823
2889
2824
2890
2825
2891
2826
2892
2827
2893
2828
2894
2829
2895
2830
2896
2831
2897
2832
2898
2833
2899
2834
2900
2835
2901
2836
2902
2837
2903
2838
2904
2839
2905
2840
2906
2841
2907
2842
2908
2843
2909
2844
2910
2845
2911
2846
2912
2847
2913
2848
2914
2849
2915
2850
2916
2851
2917
2852
2918
2853
2919
2854
2920
2855
2921
2922
2857
2923
2858
2924
2859
2925
2860
2926
2861
2927
2862
2928
2863
2929
2864
2930
2865
2931
2866
2932
2867
2933
2868
2934
2869
2935
2870
2936
2871
2937
2872
2938
2873
2939
2874
2940
2875
2941
2876
2942
2877
2943
2878
2944
2879
2945
2880
2946
2881
2947
2882
2948
2883
2949
2884
2950
2885
2951
2886
2952
2887
2953
2888
2954
2889
2955
2890
2956
2891
2957
2892
2958
2893
2959
2894
2960
2895
2961
2896
2962
2897
2963
2898
2964
2899
2965
2900
2966
2901
2967
2902
2968
2903
2969
2904
2970
2905
2971
2906
2972
2907
2973
2908
2974
2909
2975
2910
2976
2911
2977
2912
2978
2913
2979
2914
2980
2915
2981
2916
2982
2917
2983
2918
2984
2919
2985
2920
2986
2921
2987
2922
2988
2989
2924
2990
2925
2991
2926
2992
2927
2993
2928
2994
2929
2995
2930
2996
2931
2997
2932
2998
2933
2999
2934
3000
2935
3001
2936
3002
2937
3003
2938
3004
2939
3005
2940
3006
2941
3007
2942
3008
2943
3009
2944
3010
2945
3011
2946
3012
2947
3013
2948
3014
2949
3015
2950
3016
2951
3017
2952
3018
2953
3019
2954
3020
2955
3021
2956
3022
2957
3023
2958
3024
2959
3025
2960
3026
2961
3027
2962
3028
2963
3029
2964
3030
2965
3031
2966
3032
2967
3033
2968
3034
2969
3035
2970
3036
2971
3037
2972
3038
2973
3039
2974
3040
2975
3041
2976
3042
2977
3043
2978
3044
2979
3045
2980
3046
2981
3047
2982
3048
2983
3049
2984
3050
2985
3051
2986
3052
2987
3053
2988
3054
2989
3055
3056
2991
3057
2992
3058
2993
3059
2994
3060
2995
3061
2996
3062
2997
3063
2998
3064
2999
3065
3000
3066
3001
3067
3002
3068
3003
3069
3004
3070
3005
3071
3006
3072
3007
3073
3008
3074
3009
3075
3010
3076
3011
3077
3012
3078
3013
3079
3014
3080
3015
3081
3016
3082
3017
3083
3018
3084
3019
3085
3020
3086
3021
3087
3022
3088
3023
3089
3024
3090
3025
3091
3026
3092
3027
3093
3028
3094
3029
3095
3030
3096
3031
3097
3032
3098
3033
3099
3034
3100
3035
3101
3036
3102
3037
3103
3038
3104
3039
3105
3040
3106
3041
3107
3042
3108
3043
3109
3044
3110
3045
3111
3046
3112
3047
3113
3048
3114
3049
3115
3050
3116
3051
3117
3052
3118
3053
3119
3054
3120
3055
3121
3056
3122
3123
3058
3124
3059
3125
3060
3126
3061
3127
3062
3128
3063
3129
3064
3130
3065
3131
3066
3132
3067
3133
3068
3134
3069
3135
3070
3136
3071
3137
3072
3138
3073
3139
3074
3140
3075
3141
3076
3142
3077
3143
3078
3144
3079
3145
3080
3146
3081
3147
3082
3148
3083
3149
3084
3150
3085
3151
3086
3152
3087
3153
3088
3154
3089
3155
3090
3156
3091
3157
3092
3158
3093
3159
3094
3160
3095
3161
3096
3162
3097
3163
3098
3164
3099
3165
3100
3166
3101
3167
3102
3168
3103
3169
3104
3170
3105
3171
3106
3172
3107
3173
3108
3174
3109
3175
3110
3176
3111
3177
3112
3178
3113
3179
3114
3180
3115
3181
3116
3182
3117
3183
3118
3184
3119
3185
3120
3186
3121
3187
3122
3188
3123
3189
3190
3125
3191
3126
3192
3127
3193
3128
3194
3129
3195
3130
3196
3131
3197
3132
3198
3133
3199
3134
3200
3135
3201
3136
3202
3137
3203
3138
3204
3139
3205
3140
3206
3141
3207
3142
3208
3143
3209
3144
3210
3145
3211
3146
3212
3147
3213
3148
3214
3149
3215
3150
3216
3151
3217
3152
3218
3153
3219
3154
3220
3155
3221
3156
3222
3157
3223
3158
3224
3159
3225
3160
3226
3161
3227
3162
3228
3163
3229
3164
3230
3165
3231
3166
3232
3167
3233
3168
3234
3169
3235
3170
3236
3171
3237
3172
3238
3173
3239
3174
3240
3175
3241
3176
3242
3177
3243
3178
3244
3179
3245
3180
3246
3181
3247
3182
3248
3183
3249
3184
3250
3185
3251
3186
3252
3187
3253
3188
3254
3189
3255
3190
3256
3257
3192
3258
3193
3259
3194
3260
3195
3261
3196
3262
3197
3263
3198
3264
3199
3265
3200
3266
3201
3267
3202
3268
3203
3269
3204
3270
3205
3271
3206
3272
3207
3273
3208
3274
3209
3275
3210
3276
3211
3277
3212
3278
3213
3279
3214
3280
3215
3281
3216
3282
3217
3283
3218
3284
3219
3285
3220
3286
3221
3287
3222
3288
3223
3289
3224
3290
3225
3291
3226
3292
3227
3293
3228
3294
3229
3295
3230
3296
3231
3297
3232
3298
3233
3299
3234
3300
3235
3301
3236
3302
3237
3303
3238
3304
3239
3305
3240
3306
3241
3307
3242
3308
3243
3309
3244
3310
3245
3311
3246
3312
3247
3313
3248
3314
3249
3315
3250
3316
3251
3317
3252
3318
3253
3319
3254
3320
3255
3321
3256
3322
3257
3323
3324
3259
3325
3260
3326
3261
3327
3262
3328
3263
3329
3264
3330
3265
3331
3266
3332
3267
3333
3268
3334
3269
3335
3270
3336
3271
3337
3272
3338
3273
3339
3274
3340
3275
3341
3276
3342
3277
3343
3278
3344
3279
3345
3280
3346
3281
3347
3282
3348
3283
3349
3284
3350
3285
3351
3286
3352
3287
3353
3288
3354
3289
3355
3290
3356
3291
3357
3292
3358
3293
3359
3294
3360
3295
3361
3296
3362
3297
3363
3298
3364
3299
3365
3300
3366
3301
3367
3302
3368
3303
3369
3304
3370
3305
3371
3306
3372
3307
3373
3308
3374
3309
3375
3310
3376
3311
3377
3312
3378
3313
3379
3314
3380
3315
3381
3316
3382
3317
3383
3318
3384
3319
3385
3320
3386
3321
3387
3322
3388
3323
3389
3324
3390
3391
3326
3392
3327
3393
3328
3394
3329
3395
3330
3396
3331
3397
3332
3398
3333
3399
3334
3400
3335
3401
3336
3402
3337
3403
3338
3404
3339
3405
3340
3406
3341
3407
3342
3408
3343
3409
3344
3410
3345
3411
3346
3412
3347
3413
3348
3414
3349
3415
3350
3416
3351
3417
3352
3418
3353
3419
3354
3420
3355
3421
3356
3422
3357
3423
3358
3424
3359
3425
3360
3426
3361
3427
3362
3428
3363
3429
3364
3430
3365
3431
3366
3432
3367
3433
3368
3434
3369
3435
3370
3436
3371
3437
3372
3438
3373
3439
3374
3440
3375
3441
3376
3442
3377
3443
3378
3444
3379
3445
3380
3446
3381
3447
3382
3448
3383
3449
3384
3450
3385
3451
3386
3452
3387
3453
3388
3454
3389
3455
3390
3456
3391
3457
3458
3393
3459
3394
3460
3395
3461
3396
3462
3397
3463
3398
3464
3399
3465
3400
3466
3401
3467
3402
3468
3403
3469
3404
3470
3405
3471
3406
3472
3407
3473
3408
3474
3409
3475
3410
3476
3411
3477
3412
3478
3413
3479
3414
3480
3415
3481
3416
3482
3417
3483
3418
3484
3419
3485
3420
3486
3421
3487
3422
3488
3423
3489
3424
3490
3425
3491
3426
3492
3427
3493
3428
3494
3429
3495
3430
3496
3431
3497
3432
3498
3433
3499
3434
3500
3435
3501
3436
3502
3437
3503
3438
3504
3439
3505
3440
3506
3441
3507
3442
3508
3443
3509
3444
3510
3445
3511
3446
3512
3447
3513
3448
3514
3449
3515
3450
3516
3451
3517
3452
3518
3453
3519
3454
3520
3455
3521
3456
3522
3457
3523
3458
3524
3525
3460
3526
3461
3527
3462
3528
3463
3529
3464
3530
3465
3531
3466
3532
3467
3533
3468
3534
3469
3535
3470
3536
3471
3537
3472
3538
3473
3539
3474
3540
3475
3541
3476
3542
3477
3543
3478
3544
3479
3545
3480
3546
3481
3547
3482
3548
3483
3549
3484
3550
3485
3551
3486
3552
3487
3553
3488
3554
3489
3555
3490
3556
3491
3557
3492
3558
3493
3559
3494
3560
3495
3561
3496
3562
3497
3563
3498
3564
3499
3565
3500
3566
3501
3567
3502
3568
3503
3569
3504
3570
3505
3571
3506
3572
3507
3573
3508
3574
3509
3575
3510
3576
3511
3577
3512
3578
3513
3579
3514
3580
3515
3581
3516
3582
3517
3583
3518
3584
3519
3585
3520
3586
3521
3587
3522
3588
3523
3589
3524
3590
3525
3591
3592
3527
3593
3528
3594
3529
3595
3530
3596
3531
3597
3532
3598
3533
3599
3534
3600
3535
3601
3536
3602
3537
3603
3538
3604
3539
3605
3540
3606
3541
3607
3542
3608
3543
3609
3544
3610
3545
3611
3546
3612
3547
3613
3548
3614
3549
3615
3550
3616
3551
3617
3552
3618
3553
3619
3554
3620
3555
3621
3556
3622
3557
3623
3558
3624
3559
3625
3560
3626
3561
3627
3562
3628
3563
3629
3564
3630
3565
3631
3566
3632
3567
3633
3568
3634
3569
3635
3570
3636
3571
3637
3572
3638
3573
3639
3574
3640
3575
3641
3576
3642
3577
3643
3578
3644
3579
3645
3580
3646
3581
3647
3582
3648
3583
3649
3584
3650
3585
3651
3586
3652
3587
3653
3588
3654
3589
3655
3590
3656
3591
3657
3592
3658
3659
3594
3660
3595
3661
3596
3662
3597
3663
3598
3664
3599
3665
3600
3666
3601
3667
3602
3668
3603
3669
3604
3670
3605
3671
3606
3672
3607
3673
3608
3674
3609
3675
3610
3676
3611
3677
3612
3678
3613
3679
3614
3680
3615
3681
3616
3682
3617
3683
3618
3684
3619
3685
3620
3686
3621
3687
3622
3688
3623
3689
3624
3690
3625
3691
3626
3692
3627
3693
3628
3694
3629
3695
3630
3696
3631
3697
3632
3698
3633
3699
3634
3700
3635
3701
3636
3702
3637
3703
3638
3704
3639
3705
3640
3706
3641
3707
3642
3708
3643
3709
3644
3710
3645
3711
3646
3712
3647
3713
3648
3714
3649
3715
3650
3716
3651
3717
3652
3718
3653
3719
3654
3720
3655
3721
3656
3722
3657
3723
3658
3724
3659
3725
3726
3661
3727
3662
3728
3663
3729
3664
3730
3665
3731
3666
3732
3667
3733
3668
3734
3669
3735
3670
3736
3671
3737
3672
3738
3673
3739
3674
3740
3675
3741
3676
3742
3677
3743
3678
3744
3679
3745
3680
3746
3681
3747
3682
3748
3683
3749
3684
3750
3685
3751
3686
3752
3687
3753
3688
3754
3689
3755
3690
3756
3691
3757
3692
3758
3693
3759
3694
3760
3695
3761
3696
3762
3697
3763
3698
3764
3699
3765
3700
3766
3701
3767
3702
3768
3703
3769
3704
3770
3705
3771
3706
3772
3707
3773
3708
3774
3709
3775
3710
3776
3711
3777
3712
3778
3713
3779
3714
3780
3715
3781
3716
3782
3717
3783
3718
3784
3719
3785
3720
3786
3721
3787
3722
3788
3723
3789
3724
3790
3725
3791
3726
3792
3793
3728
3794
3729
3795
3730
3796
3731
3797
3732
3798
3733
3799
3734
3800
3735
3801
3736
3802
3737
3803
3738
3804
3739
3805
3740
3806
3741
3807
3742
3808
3743
3809
3744
3810
3745
3811
3746
3812
3747
3813
3748
3814
3749
3815
3750
3816
3751
3817
3752
3818
3753
3819
3754
3820
3755
3821
3756
3822
3757
3823
3758
3824
3759
3825
3760
3826
3761
3827
3762
3828
3763
3829
3764
3830
3765
3831
3766
3832
3767
3833
3768
3834
3769
3835
3770
3836
3771
3837
3772
3838
3773
3839
3774
3840
3775
3841
3776
3842
3777
3843
3778
3844
3779
3845
3780
3846
3781
3847
3782
3848
3783
3849
3784
3850
3785
3851
3786
3852
3787
3853
3788
3854
3789
3855
3790
3856
3791
3857
3792
3858
3793
3859
3860
3795
3861
3796
3862
3797
3863
3798
3864
3799
3865
3800
3866
3801
3867
3802
3868
3803
3869
3804
3870
3805
3871
3806
3872
3807
3873
3808
3874
3809
3875
3810
3876
3811
3877
3812
3878
3813
3879
3814
3880
3815
3881
3816
3882
3817
3883
3818
3884
3819
3885
3820
3886
3821
3887
3822
3888
3823
3889
3824
3890
3825
3891
3826
3892
3827
3893
3828
3894
3829
3895
3830
3896
3831
3897
3832
3898
3833
3899
3834
3900
3835
3901
3836
3902
3837
3903
3838
3904
3839
3905
3840
3906
3841
3907
3842
3908
3843
3909
3844
3910
3845
3911
3846
3912
3847
3913
3848
3914
3849
3915
3850
3916
3851
3917
3852
3918
3853
3919
3854
3920
3855
3921
3856
3922
3857
3923
3858
3924
3859
3925
3860
3926
3927
3862
3928
3863
3929
3864
3930
3865
3931
3866
3932
3867
3933
3868
3934
3869
3935
3870
3936
3871
3937
3872
3938
3873
3939
3874
3940
3875
3941
3876
3942
3877
3943
3878
3944
3879
3945
3880
3946
3881
3947
3882
3948
3883
3949
3884
3950
3885
3951
3886
3952
3887
3953
3888
3954
3889
3955
3890
3956
3891
3957
3892
3958
3893
3959
3894
3960
3895
3961
3896
3962
3897
3963
3898
3964
3899
3965
3900
3966
3901
3967
3902
3968
3903
3969
3904
3970
3905
3971
3906
3972
3907
3973
3908
3974
3909
3975
3910
3976
3911
3977
3912
3978
3913
3979
3914
3980
3915
3981
3916
3982
3917
3983
3918
3984
3919
3985
3920
3986
3921
3987
3922
3988
3923
3989
3924
3990
3925
3991
3926
3992
3927
3993
3994
3929
3995
3930
3996
3931
3997
3932
3998
3933
3999
3934
4000
3935
4001
3936
4002
3937
4003
3938
4004
3939
4005
3940
4006
3941
4007
3942
4008
3943
4009
3944
4010
3945
4011
3946
4012
3947
4013
3948
4014
3949
4015
3950
4016
3951
4017
3952
4018
3953
4019
3954
4020
3955
4021
3956
4022
3957
4023
3958
4024
3959
4025
3960
4026
3961
4027
3962
4028
3963
4029
3964
4030
3965
4031
3966
4032
3967
4033
3968
4034
3969
4035
3970
4036
3971
4037
3972
4038
3973
4039
3974
4040
3975
4041
3976
4042
3977
4043
3978
4044
3979
4045
3980
4046
3981
4047
3982
4048
3983
4049
3984
4050
3985
4051
3986
4052
3987
4053
3988
4054
3989
4055
3990
4056
3991
4057
3992
4058
3993
4059
3994
4060
4061
3996
4062
3997
4063
3998
4064
3999
4065
4000
4066
4001
4067
4002
4068
4003
4069
4004
4070
4005
4071
4006
4072
4007
4073
4008
4074
4009
4075
4010
4076
4011
4077
4012
4078
4013
4079
4014
4080
4015
4081
4016
4082
4017
4083
4018
4084
4019
4085
4020
4086
4021
4087
4022
4088
4023
4089
4024
4090
4025
4091
4026
4092
4027
4093
4028
4094
4029
4095
4030
4096
4031
4097
4032
4098
4033
4099
4034
4100
4035
4101
4036
4102
4037
4103
4038
4104
4039
4105
4040
4106
4041
4107
4042
4108
4043
4109
4044
4110
4045
4111
4046
4112
4047
4113
4048
4114
4049
4115
4050
4116
4051
4117
4052
4118
4053
4119
4054
4120
4055
4121
4056
4122
4057
4123
4058
4124
4059
4125
4060
4126
4061
4127
4128
4063
4129
4064
4130
4065
4131
4066
4132
4067
4133
4068
4134
4069
4135
4070
4136
4071
4137
4072
4138
4073
4139
4074
4140
4075
4141
4076
4142
4077
4143
4078
4144
4079
4145
4080
4146
4081
4147
4082
4148
4083
4149
4084
4150
4085
4151
4086
4152
4087
4153
4088
4154
4089
4155
4090
4156
4091
4157
4092
4158
4093
4159
4094
4160
4095
4161
4096
4162
4097
4163
4098
4164
4099
4165
4100
4166
4101
4167
4102
4168
4103
4169
4104
4170
4105
4171
4106
4172
4107
4173
4108
4174
4109
4175
4110
4176
4111
4177
4112
4178
4113
4179
4114
4180
4115
4181
4116
4182
4117
4183
4118
4184
4119
4185
4120
4186
4121
4187
4122
4188
4123
4189
4124
4190
4125
4191
4126
4192
4127
4193
4128
4194
4195
4130
4196
4131
4197
4132
4198
4133
4199
4134
4200
4135
4201
4136
4202
4137
4203
4138
4204
4139
4205
4140
4206
4141
4207
4142
4208
4143
4209
4144
4210
4145
4211
4146
4212
4147
4213
4148
4214
4149
4215
4150
4216
4151
4217
4152
4218
4153
4219
4154
4220
4155
4221
4156
4222
4157
4223
4158
4224
4159
4225
4160
4226
4161
4227
4162
4228
4163
4229
4164
4230
4165
4231
4166
4232
4167
4233
4168
4234
4169
4235
4170
4236
4171
4237
4172
4238
4173
4239
4174
4240
4175
4241
4176
4242
4177
4243
4178
4244
4179
4245
4180
4246
4181
4247
4182
4248
4183
4249
4184
4250
4185
4251
4186
4252
4187
4253
4188
4254
4189
4255
4190
4256
4191
4257
4192
4258
4193
4259
4194
4260
4195
4261
4262
4197
4263
4198
4264
4199
4265
4200
4266
4201
4267
4202
4268
4203
4269
4204
4270
4205
4271
4206
4272
4207
4273
4208
4274
4209
4275
4210
4276
4211
4277
4212
4278
4213
4279
4214
4280
4215
4281
4216
4282
4217
4283
4218
4284
4219
4285
4220
4286
4221
4287
4222
4288
4223
4289
4224
4290
4225
4291
4226
4292
4227
4293
4228
4294
4229
4295
4230
4296
4231
4297
4232
4298
4233
4299
4234
4300
4235
4301
4236
4302
4237
4303
4238
4304
4239
4305
4240
4306
4241
4307
4242
4308
4243
4309
4244
4310
4245
4311
4246
4312
4247
4313
4248
4314
4249
4315
4250
4316
4251
4317
4252
4318
4253
4319
4254
4320
4255
4321
4256
4322
4257
4323
4258
4324
4259
4325
4260
4326
4261
4327
4262
4328
4329
4264
4330
4265
4331
4266
4332
4267
4333
4268
4334
4269
4335
4270
4336
4271
4337
4272
4338
4273
4339
4274
4340
4275
4341
4276
4342
4277
4343
4278
4344
4279
4345
4280
4346
4281
4347
4282
4348
4283
4349
4284
4350
4285
4351
4286
4352
4287
4353
4288
4354
4289
4355
4290
4356
4291
4357
4292
4358
4293
4359
4294
4360
4295
4361
4296
4362
4297
4363
4298
4364
4299
4365
4300
4366
4301
4367
4302
4368
4303
4369
4304
4370
4305
4371
4306
4372
4307
4373
4308
4374
4309
4375
4310
4376
4311
4377
4312
4378
4313
4379
4314
4380
4315
4381
4316
4382
4317
4383
4318
4384
4319
4385
4320
4386
4321
4387
4322
4388
4323
4389
4324
4390
4325
4391
4326
4392
4327
4393
4328
4394
4329
4395
4396
4331
4397
4332
4398
4333
4399
4334
4400
4335
4401
4336
4402
4337
4403
4338
4404
4339
4405
4340
4406
4341
4407
4342
4408
4343
4409
4344
4410
4345
4411
4346
4412
4347
4413
4348
4414
4349
4415
4350
4416
4351
4417
4352
4418
4353
4419
4354
4420
4355
4421
4356
4422
4357
4423
4358
4424
4359
4425
4360
4426
4361
4427
4362
4428
4363
4429
4364
4430
4365
4431
4366
4432
4367
4433
4368
4434
4369
4435
4370
4436
4371
4437
4372
4438
4373
4439
4374
4440
4375
4441
4376
4442
4377
4443
4378
4444
4379
4445
4380
4446
4381
4447
4382
4448
4383
4449
4384
4450
4385
4451
4386
4452
4387
4453
4388
4454
4389
4455
4390
4456
4391
4457
4392
4458
4393
4459
4394
4460
4395
4461
4396
4462
4463
4398
4464
4399
4465
4400
4466
4401
4467
4402
4468
4403
4469
4404
4470
4405
4471
4406
4472
4407
4473
4408
4474
4409
4475
4410
4476
4411
4477
4412
4478
4413
4479
4414
4480
4415
4481
4416
4482
4417
4483
4418
4484
4419
4485
4420
4486
4421
4487
4422
4488
4423
4489
4424
4490
4425
4491
4426
4492
4427
4493
4428
4494
4429
4495
4430
4496
4431
4497
4432
4498
4433
4499
4434
4500
4435
4501
4436
4502
4437
4503
4438
4504
4439
4505
4440
4506
4441
4507
4442
4508
4443
4509
4444
4510
4445
4511
4446
4512
4447
4513
4448
4514
4449
4515
4450
4516
4451
4517
4452
4518
4453
4519
4454
4520
4455
4521
4456
4522
4457
4523
4458
4524
4459
4525
4460
4526
4461
4527
4462
4528
4463
4529
4530
4465
4531
4466
4532
4467
4533
4468
4534
4469
4535
4470
4536
4471
4537
4472
4538
4473
4539
4474
4540
4475
4541
4476
4542
4477
4543
4478
4544
4479
4545
4480
4546
4481
4547
4482
4548
4483
4549
4484
4550
4485
4551
4486
4552
4487
4553
4488
4554
4489
4555
4490
4556
4491
4557
4492
4558
4493
4559
4494
4560
4495
4561
4496
4562
4497
4563
4498
4564
4499
4565
4500
4566
4501
4567
4502
4568
4503
4569
4504
4570
4505
4571
4506
4572
4507
4573
4508
4574
4509
4575
4510
4576
4511
4577
4512
4578
4513
4579
4514
4580
4515
4581
4516
4582
4517
4583
4518
4584
4519
4585
4520
4586
4521
4587
4522
4588
4523
4589
4524
4590
4525
4591
4526
4592
4527
4593
4528
4594
4529
4595
4530
4596
4597
4532
4598
4533
4599
4534
4600
4535
4601
4536
4602
4537
4603
4538
4604
4539
4605
4540
4606
4541
4607
4542
4608
4543
4609
4544
4610
4545
4611
4546
4612
4547
4613
4548
4614
4549
4615
4550
4616
4551
4617
4552
4618
4553
4619
4554
4620
4555
4621
4556
4622
4557
4623
4558
4624
4559
4625
4560
4626
4561
4627
4562
4628
4563
4629
4564
4630
4565
4631
4566
4632
4567
4633
4568
4634
4569
4635
4570
4636
4571
4637
4572
4638
4573
4639
4574
4640
4575
4641
4576
4642
4577
4643
4578
4644
4579
4645
4580
4646
4581
4647
4582
4648
4583
4649
4584
4650
4585
4651
4586
4652
4587
4653
4588
4654
4589
4655
4590
4656
4591
4657
4592
4658
4593
4659
4594
4660
4595
4661
4596
4662
4597
4663
4664
4599
4665
4600
4666
4601
4667
4602
4668
4603
4669
4604
4670
4605
4671
4606
4672
4607
4673
4608
4674
4609
4675
4610
4676
4611
4677
4612
4678
4613
4679
4614
4680
4615
4681
4616
4682
4617
4683
4618
4684
4619
4685
4620
4686
4621
4687
4622
4688
4623
4689
4624
4690
4625
4691
4626
4692
4627
4693
4628
4694
4629
4695
4630
4696
4631
4697
4632
4698
4633
4699
4634
4700
4635
4701
4636
4702
4637
4703
4638
4704
4639
4705
4640
4706
4641
4707
4642
4708
4643
4709
4644
4710
4645
4711
4646
4712
4647
4713
4648
4714
4649
4715
4650
4716
4651
4717
4652
4718
4653
4719
4654
4720
4655
4721
4656
4722
4657
4723
4658
4724
4659
4725
4660
4726
4661
4727
4662
4728
4663
4729
4664
4730
4731
4666
4732
4667
4733
4668
4734
4669
4735
4670
4736
4671
4737
4672
4738
4673
4739
4674
4740
4675
4741
4676
4742
4677
4743
4678
4744
4679
4745
4680
4746
4681
4747
4682
4748
4683
4749
4684
4750
4685
4751
4686
4752
4687
4753
4688
4754
4689
4755
4690
4756
4691
4757
4692
4758
4693
4759
4694
4760
4695
4761
4696
4762
4697
4763
4698
4764
4699
4765
4700
4766
4701
4767
4702
4768
4703
4769
4704
4770
4705
4771
4706
4772
4707
4773
4708
4774
4709
4775
4710
4776
4711
4777
4712
4778
4713
4779
4714
4780
4715
4781
4716
4782
4717
4783
4718
4784
4719
4785
4720
4786
4721
4787
4722
4788
4723
4789
4724
4790
4725
4791
4726
4792
4727
4793
4728
4794
4729
4795
4730
4796
4731
4797
4798
4733
4799
4734
4800
4735
4801
4736
4802
4737
4803
4738
4804
4739
4805
4740
4806
4741
4807
4742
4808
4743
4809
4744
4810
4745
4811
4746
4812
4747
4813
4748
4814
4749
4815
4750
4816
4751
4817
4752
4818
4753
4819
4754
4820
4755
4821
4756
4822
4757
4823
4758
4824
4759
4825
4760
4826
4761
4827
4762
4828
4763
4829
4764
4830
4765
4831
4766
4832
4767
4833
4768
4834
4769
4835
4770
4836
4771
4837
4772
4838
4773
4839
4774
4840
4775
4841
4776
4842
4777
4843
4778
4844
4779
4845
4780
4846
4781
4847
4782
4848
4783
4849
4784
4850
4785
4851
4786
4852
4787
4853
4788
4854
4789
4855
4790
4856
4791
4857
4792
4858
4793
4859
4794
4860
4795
4861
4796
4862
4797
4863
4798
4864
4865
4800
4866
4801
4867
4802
4868
4803
4869
4804
4870
4805
4871
4806
4872
4807
4873
4808
4874
4809
4875
4810
4876
4811
4877
4812
4878
4813
4879
4814
4880
4815
4881
4816
4882
4817
4883
4818
4884
4819
4885
4820
4886
4821
4887
4822
4888
4823
4889
4824
4890
4825
4891
4826
4892
4827
4893
4828
4894
4829
4895
4830
4896
4831
4897
4832
4898
4833
4899
4834
4900
4835
4901
4836
4902
4837
4903
4838
4904
4839
4905
4840
4906
4841
4907
4842
4908
4843
4909
4844
4910
4845
4911
4846
4912
4847
4913
4848
4914
4849
4915
4850
4916
4851
4917
4852
4918
4853
4919
4854
4920
4855
4921
4856
4922
4857
4923
4858
4924
4859
4925
4860
4926
4861
4927
4862
4928
4863
4929
4864
4930
4865
4931
4932
4867
4933
4868
4934
4869
4935
4870
4936
4871
4937
4872
4938
4873
4939
4874
4940
4875
4941
4876
4942
4877
4943
4878
4944
4879
4945
4880
4946
4881
4947
4882
4948
4883
4949
4884
4950
4885
4951
4886
4952
4887
4953
4888
4954
4889
4955
4890
4956
4891
4957
4892
4958
4893
4959
4894
4960
4895
4961
4896
4962
4897
4963
4898
4964
4899
4965
4900
4966
4901
4967
4902
4968
4903
4969
4904
4970
4905
4971
4906
4972
4907
4973
4908
4974
4909
4975
4910
4976
4911
4977
4912
4978
4913
4979
4914
4980
4915
4981
4916
4982
4917
4983
4918
4984
4919
4985
4920
4986
4921
4987
4922
4988
4923
4989
4924
4990
4925
4991
4926
4992
4927
4993
4928
4994
4929
4995
4930
4996
4931
4997
4932
4998
4999
4934
4935
4936
4937
4938
4939
4940
4941
4942
4943
4944
4945
4946
4947
4948
4949
4950
4951
4952
4953
4954
4955
4956
4957
4958
4959
4960
4961
4962
4963
4964
4965
4966
4967
4968
4969
4970
4971
4972
4973
4974
4975
4976
4977
4978
4979
4980
4981
4982
4983
4984
4985
4986
4987
4988
4989
4990
4991
4992
4993
4994
4995
4996
4997
4998
4999
)


// ************************************************************************* //
