/*--------------------------------*- C++ -*----------------------------------*\
| =========                 |                                                 |
| \\      /  F ield         | OpenFOAM: The Open Source CFD Toolbox           |
|  \\    /   O peration     | Version:  2412                                  |
|   \\  /    A nd           | Website:  www.openfoam.com                      |
|    \\/     M anipulation  |                                                 |
\*---------------------------------------------------------------------------*/
FoamFile
{
    version     2.0;
    format      ascii;
    arch        "LSB;label=32;scalar=64";
    class       vectorField;
    location    "constant/polyMesh";
    object      points;
}
// * * * * * * * * * * * * * * * * * * * * * * * * * * * * * * * * * * * * * //


132
(
(0 0 0)
(100 0 0)
(200 0 0)
(300 0 0)
(400 0 0)
(500 0 0)
(0 252 0)
(100 252 0)
(200 252 0)
(300 252 0)
(400 252 0)
(500 252 0)
(0 504 0)
(100 504 0)
(200 504 0)
(300 504 0)
(400 504 0)
(500 504 0)
(0 756 0)
(100 756 0)
(200 756 0)
(300 756 0)
(400 756 0)
(500 756 0)
(0 1008 0)
(100 1008 0)
(200 1008 0)
(300 1008 0)
(400 1008 0)
(500 1008 0)
(0 1260 0)
(100 1260 0)
(200 1260 0)
(300 1260 0)
(400 1260 0)
(500 1260 0)
(0 0 1000)
(100 0 1000)
(200 0 1000)
(300 0 1000)
(400 0 1000)
(500 0 1000)
(0 252 1000)
(100 252 1000)
(200 252 1000)
(300 252 1000)
(400 252 1000)
(500 252 1000)
(0 504 1000)
(100 504 1000)
(200 504 1000)
(300 504 1000)
(400 504 1000)
(500 504 1000)
(0 756 1000)
(100 756 1000)
(200 756 1000)
(300 756 1000)
(400 756 1000)
(500 756 1000)
(0 1008 1000)
(100 1008 1000)
(200 1008 1000)
(300 1008 1000)
(400 1008 1000)
(500 1008 1000)
(0 1260 1000)
(100 1260 1000)
(200 1260 1000)
(300 1260 1000)
(400 1260 1000)
(500 1260 1000)
(700 145.6 0)
(900 291.2 0)
(1100 436.8 0)
(1300 582.4 0)
(1500 728 0)
(700 368.48 0)
(900 484.96 0)
(1100 601.44 0)
(1300 717.92 0)
(1500 834.4 0)
(700 591.36 0)
(900 678.72 0)
(1100 766.08 0)
(1300 853.44 0)
(1500 940.8 0)
(700 814.24 0)
(900 872.48 0)
(1100 930.72 0)
(1300 988.96 0)
(1500 1047.2 0)
(700 1037.12 0)
(900 1066.24 0)
(1100 1095.36 0)
(1300 1124.48 0)
(1500 1153.6 0)
(700 1260 0)
(900 1260 0)
(1100 1260 0)
(1300 1260 0)
(1500 1260 0)
(700 145.6 1000)
(900 291.2 1000)
(1100 436.8 1000)
(1300 582.4 1000)
(1500 728 1000)
(700 368.48 1000)
(900 484.96 1000)
(1100 601.44 1000)
(1300 717.92 1000)
(1500 834.4 1000)
(700 591.36 1000)
(900 678.72 1000)
(1100 766.08 1000)
(1300 853.44 1000)
(1500 940.8 1000)
(700 814.24 1000)
(900 872.48 1000)
(1100 930.72 1000)
(1300 988.96 1000)
(1500 1047.2 1000)
(700 1037.12 1000)
(900 1066.24 1000)
(1100 1095.36 1000)
(1300 1124.48 1000)
(1500 1153.6 1000)
(700 1260 1000)
(900 1260 1000)
(1100 1260 1000)
(1300 1260 1000)
(1500 1260 1000)
)


// ************************************************************************* //
