/*--------------------------------*- C++ -*----------------------------------*\
| =========                 |                                                 |
| \\      /  F ield         | OpenFOAM: The Open Source CFD Toolbox           |
|  \\    /   O peration     | Version:  2412                                  |
|   \\  /    A nd           | Website:  www.openfoam.com                      |
|    \\/     M anipulation  |                                                 |
\*---------------------------------------------------------------------------*/
FoamFile
{
    version     2.0;
    format      ascii;
    arch        "LSB;label=32;scalar=64";
    note        "nPoints:132  nCells:50  nFaces:215  nInternalFaces:85";
    class       labelList;
    location    "constant/polyMesh";
    object      owner;
}
// * * * * * * * * * * * * * * * * * * * * * * * * * * * * * * * * * * * * * //


215
(
0
0
1
1
2
2
3
3
4
4
5
5
6
6
7
7
8
8
9
9
10
10
11
11
12
13
14
15
15
16
16
17
17
18
18
19
19
20
20
21
22
22
23
23
24
24
25
25
26
26
27
27
28
29
29
30
30
31
31
32
32
33
33
34
34
35
36
36
37
37
38
38
39
39
40
40
41
41
42
43
44
45
46
47
48
0
3
6
9
12
0
1
2
15
16
17
18
19
20
21
12
13
14
43
44
45
46
47
48
49
0
3
6
9
12
1
4
7
10
13
2
5
8
11
14
15
22
29
36
43
16
23
30
37
44
17
24
31
38
45
18
25
32
39
46
19
26
33
40
47
20
27
34
41
48
21
28
35
42
49
0
3
6
9
12
1
4
7
10
13
2
5
8
11
14
15
22
29
36
43
16
23
30
37
44
17
24
31
38
45
18
25
32
39
46
19
26
33
40
47
20
27
34
41
48
21
28
35
42
49
21
28
35
42
49
)


// ************************************************************************* //
