/*--------------------------------*- C++ -*----------------------------------*\
| =========                 |                                                 |
| \\      /  F ield         | OpenFOAM: The Open Source CFD Toolbox           |
|  \\    /   O peration     | Version:  2412                                  |
|   \\  /    A nd           | Website:  www.openfoam.com                      |
|    \\/     M anipulation  |                                                 |
\*---------------------------------------------------------------------------*/
FoamFile
{
    version     2.0;
    format      ascii;
    arch        "LSB;label=32;scalar=64";
    class       vectorField;
    location    "constant/polyMesh";
    object      points;
}
// * * * * * * * * * * * * * * * * * * * * * * * * * * * * * * * * * * * * * //


132
(
(0 0 0)
(0.1666666667 0 0)
(0.3333333333 0 0)
(0.5 0 0)
(0 0.34 0)
(0.1666666667 0.34 0)
(0.3333333333 0.34 0)
(0.5 0.34 0)
(0 0.68 0)
(0.1666666667 0.68 0)
(0.3333333333 0.68 0)
(0.5 0.68 0)
(0 1.02 0)
(0.1666666667 1.02 0)
(0.3333333333 1.02 0)
(0.5 1.02 0)
(0 1.36 0)
(0.1666666667 1.36 0)
(0.3333333333 1.36 0)
(0.5 1.36 0)
(0 1.7 0)
(0.1666666667 1.7 0)
(0.3333333333 1.7 0)
(0.5 1.7 0)
(0 0 1)
(0.1666666667 0 1)
(0.3333333333 0 1)
(0.5 0 1)
(0 0.34 1)
(0.1666666667 0.34 1)
(0.3333333333 0.34 1)
(0.5 0.34 1)
(0 0.68 1)
(0.1666666667 0.68 1)
(0.3333333333 0.68 1)
(0.5 0.68 1)
(0 1.02 1)
(0.1666666667 1.02 1)
(0.3333333333 1.02 1)
(0.5 1.02 1)
(0 1.36 1)
(0.1666666667 1.36 1)
(0.3333333333 1.36 1)
(0.5 1.36 1)
(0 1.7 1)
(0.1666666667 1.7 1)
(0.3333333333 1.7 1)
(0.5 1.7 1)
(0.6428571429 0.052 0)
(0.7857142857 0.104 0)
(0.9285714286 0.156 0)
(1.071428571 0.208 0)
(1.214285714 0.26 0)
(1.357142857 0.312 0)
(1.5 0.364 0)
(0.6428571429 0.3816 0)
(0.7857142857 0.4232 0)
(0.9285714286 0.4648 0)
(1.071428571 0.5064 0)
(1.214285714 0.548 0)
(1.357142857 0.5896 0)
(1.5 0.6312 0)
(0.6428571429 0.7112 0)
(0.7857142857 0.7424 0)
(0.9285714286 0.7736 0)
(1.071428571 0.8048 0)
(1.214285714 0.836 0)
(1.357142857 0.8672 0)
(1.5 0.8984 0)
(0.6428571429 1.0408 0)
(0.7857142857 1.0616 0)
(0.9285714286 1.0824 0)
(1.071428571 1.1032 0)
(1.214285714 1.124 0)
(1.357142857 1.1448 0)
(1.5 1.1656 0)
(0.6428571429 1.3704 0)
(0.7857142857 1.3808 0)
(0.9285714286 1.3912 0)
(1.071428571 1.4016 0)
(1.214285714 1.412 0)
(1.357142857 1.4224 0)
(1.5 1.4328 0)
(0.6428571429 1.7 0)
(0.7857142857 1.7 0)
(0.9285714286 1.7 0)
(1.071428571 1.7 0)
(1.214285714 1.7 0)
(1.357142857 1.7 0)
(1.5 1.7 0)
(0.6428571429 0.052 1)
(0.7857142857 0.104 1)
(0.9285714286 0.156 1)
(1.071428571 0.208 1)
(1.214285714 0.26 1)
(1.357142857 0.312 1)
(1.5 0.364 1)
(0.6428571429 0.3816 1)
(0.7857142857 0.4232 1)
(0.9285714286 0.4648 1)
(1.071428571 0.5064 1)
(1.214285714 0.548 1)
(1.357142857 0.5896 1)
(1.5 0.6312 1)
(0.6428571429 0.7112 1)
(0.7857142857 0.7424 1)
(0.9285714286 0.7736 1)
(1.071428571 0.8048 1)
(1.214285714 0.836 1)
(1.357142857 0.8672 1)
(1.5 0.8984 1)
(0.6428571429 1.0408 1)
(0.7857142857 1.0616 1)
(0.9285714286 1.0824 1)
(1.071428571 1.1032 1)
(1.214285714 1.124 1)
(1.357142857 1.1448 1)
(1.5 1.1656 1)
(0.6428571429 1.3704 1)
(0.7857142857 1.3808 1)
(0.9285714286 1.3912 1)
(1.071428571 1.4016 1)
(1.214285714 1.412 1)
(1.357142857 1.4224 1)
(1.5 1.4328 1)
(0.6428571429 1.7 1)
(0.7857142857 1.7 1)
(0.9285714286 1.7 1)
(1.071428571 1.7 1)
(1.214285714 1.7 1)
(1.357142857 1.7 1)
(1.5 1.7 1)
)


// ************************************************************************* //
