/*--------------------------------*- C++ -*----------------------------------*\
| =========                 |                                                 |
| \\      /  F ield         | OpenFOAM: The Open Source CFD Toolbox           |
|  \\    /   O peration     | Version:  2412                                  |
|   \\  /    A nd           | Website:  www.openfoam.com                      |
|    \\/     M anipulation  |                                                 |
\*---------------------------------------------------------------------------*/
FoamFile
{
    version     2.0;
    format      ascii;
    arch        "LSB;label=32;scalar=64";
    class       volScalarField;
    location    "1";
    object      Ma;
}
// * * * * * * * * * * * * * * * * * * * * * * * * * * * * * * * * * * * * * //

dimensions      [0 0 0 0 0 0 0];

internalField   nonuniform List<scalar> 
5250
(
3
2.99999
2.99996
2.99992
2.99974
2.99948
2.99844
2.99695
2.99097
2.98174
2.94902
2.88269
2.70842
2.26448
1.45654
0.546729
0.177114
0.300332
0.326284
0.280659
0.218999
0.16711
0.121802
0.0806884
0.0450151
3
2.99999
2.99996
2.99992
2.99974
2.99949
2.99846
2.99699
2.99108
2.98198
2.94967
2.88477
2.71249
2.2773
1.47444
0.558265
0.184845
0.30482
0.33026
0.28484
0.224686
0.174699
0.131745
0.0947027
0.0675044
3
2.99999
2.99996
2.99992
2.99975
2.9995
2.99849
2.99706
2.99131
2.98248
2.95092
2.88901
2.72047
2.30428
1.51258
0.584508
0.202999
0.315401
0.340074
0.296074
0.239592
0.193524
0.155455
0.125112
0.105591
3
2.99999
2.99997
2.99992
2.99976
2.99952
2.99855
2.99717
2.99163
2.98318
2.95268
2.89453
2.73163
2.3407
1.56646
0.623186
0.229547
0.330918
0.354437
0.313248
0.262151
0.220741
0.187839
0.163072
0.148164
3
3
2.99997
2.99993
2.99977
2.99954
2.99862
2.99731
2.99202
2.98401
2.95492
2.90026
2.74507
2.37814
1.63013
0.668912
0.263294
0.349748
0.371156
0.33446
0.290151
0.253526
0.225352
0.205272
0.193609
3
3
2.99997
2.99993
2.99978
2.99957
2.9987
2.99747
2.99249
2.98498
2.95748
2.90644
2.75987
2.41487
1.69497
0.720715
0.305783
0.371508
0.388953
0.358667
0.322476
0.291156
0.268219
0.252516
0.244343
3
3
2.99997
2.99994
2.9998
2.99961
2.99881
2.99769
2.99309
2.98624
2.96071
2.91374
2.77798
2.45183
1.76748
0.788341
0.359026
0.395922
0.406358
0.385887
0.359005
0.333669
0.316251
0.306662
0.304616
3
3
2.99998
2.99995
2.99983
2.99966
2.99895
2.99796
2.99391
2.98773
2.96564
2.92064
2.80218
2.48852
1.87541
0.868133
0.422404
0.41766
0.424799
0.417399
0.398703
0.380632
0.371465
0.370112
0.379459
3
3
2.99998
2.99996
2.99985
2.99971
2.99911
2.99824
2.99485
2.98927
2.97035
2.92888
2.82363
2.53368
1.98061
0.969386
0.496711
0.438413
0.449218
0.453665
0.442374
0.434174
0.434188
0.448349
0.482931
3
3
2.99999
2.99997
2.99988
2.99976
2.99926
2.99851
2.9958
2.99075
2.97544
2.93819
2.84886
2.58699
2.0944
1.11753
0.588951
0.465182
0.479557
0.493274
0.491172
0.493005
0.507389
0.551824
0.653042
3.00001
3
2.99999
2.99996
2.99992
2.99975
2.99948
2.9985
2.99681
2.99138
2.97943
2.94757
2.86305
2.6787
2.15967
1.32608
0.695727
0.506723
0.521584
0.539202
0.544442
0.557042
0.592428
0.678143
0.855256
3.00001
3
2.99999
2.99998
2.99992
2.99983
2.99947
2.99894
2.99701
2.99344
2.98265
2.95698
2.89353
2.7136
2.35633
1.53156
0.827515
0.565223
0.578676
0.593955
0.604964
0.62635
0.676362
0.781937
0.969611
3.00001
3
2.99999
2.99998
2.99993
2.99985
2.99953
2.99909
2.99723
2.9946
2.98404
2.96707
2.9104
2.78489
2.48486
1.81851
0.9682
0.630472
0.634442
0.647326
0.665451
0.6929
0.748121
0.849522
1.01576
3.00001
3
3
2.99999
2.99994
2.99988
2.99963
2.99927
2.99778
2.99567
2.98719
2.97378
2.92728
2.82683
2.58231
1.98586
1.13259
0.706838
0.673718
0.689664
0.715013
0.750141
0.806861
0.89636
1.03454
3.00001
3
3
2.99999
2.99996
2.99991
2.9997
2.99942
2.99826
2.99657
2.9901
2.97908
2.94359
2.86078
2.66973
2.14796
1.34992
0.816222
0.705893
0.722916
0.751524
0.793275
0.851113
0.93052
1.04685
3.00001
3.00001
3
2.99999
2.99997
2.99993
2.99977
2.99954
2.9986
2.99727
2.99187
2.98364
2.95401
2.8959
2.73996
2.34789
1.6247
0.950354
0.750943
0.760367
0.788594
0.831103
0.887077
0.956958
1.05499
3.00001
3.00001
3
3
2.99998
2.99995
2.99982
2.99965
2.99894
2.99793
2.9938
2.9877
2.96463
2.92411
2.8004
2.52557
1.9037
1.11246
0.819177
0.806238
0.828322
0.865813
0.918426
0.982246
1.0641
3.00001
3.00001
3
3
2.99998
2.99996
2.99987
2.99975
2.99923
2.9985
2.99557
2.99106
2.97487
2.94333
2.85387
2.62892
2.16637
1.30069
0.911452
0.848082
0.867008
0.898427
0.944909
1.00505
1.07595
3.00001
3.00001
3
3
2.99999
2.99997
2.99991
2.99982
2.99944
2.9989
2.99675
2.99346
2.98177
2.95911
2.8941
2.72862
2.38098
1.62508
1.06853
0.906322
0.906765
0.93063
0.970012
1.02358
1.08865
3.00001
3.00001
3.00001
3
3
2.99998
2.99995
2.99984
2.99968
2.99903
2.99806
2.99435
2.98843
2.96768
2.92893
2.81461
2.56778
1.96722
1.26115
0.987411
0.95534
0.968895
1.0022
1.04715
1.1037
3.00001
3.00001
3.00001
3
3
2.99999
2.99997
2.99989
2.99977
2.99931
2.99865
2.996
2.99204
2.97725
2.95116
2.8736
2.68977
2.27683
1.51951
1.10654
1.00611
1.0086
1.03249
1.07544
1.12424
3.00001
3.00001
3.00001
3.00001
3
3
2.99997
2.99994
2.99982
2.99963
2.99891
2.9978
2.99371
2.98686
2.96431
2.91941
2.79385
2.51769
1.87239
1.28258
1.07908
1.05327
1.06559
1.09835
1.14628
3.00001
3.00001
3.00001
3.00001
3
3
2.99999
2.99996
2.99991
2.99971
2.99942
2.99832
2.99658
2.9906
2.97907
2.94618
2.86412
2.68782
2.20278
1.4967
1.1729
1.11116
1.10852
1.12864
1.16418
3.00001
3.00001
3.00001
3.00001
3.00001
3
2.99999
2.99998
2.99993
2.99985
2.99955
2.99909
2.99741
2.99462
2.98561
2.96661
2.91635
2.78554
2.51239
1.88207
1.33375
1.16849
1.15189
1.16325
1.18871
3.00001
3.00001
3.00001
3.00001
3.00001
3
3
2.99999
2.99996
2.99988
2.99976
2.99928
2.99857
2.99584
2.99155
2.97633
2.94838
2.86721
2.6794
2.24205
1.566
1.2572
1.19664
1.19646
1.21528
3.00001
3.00001
3.00001
3.00001
3.00001
3.00001
3
2.99999
2.99998
2.99993
2.99985
2.99955
2.99911
2.99739
2.99482
2.98536
2.96873
2.91952
2.80611
2.54622
1.97001
1.42917
1.25498
1.23595
1.24558
3.00001
3.00001
3.00001
3.00001
3.00001
3.00001
3
3
2.99999
2.99997
2.99989
2.99978
2.99934
2.99868
2.99619
2.99224
2.97842
2.95309
2.87793
2.71555
2.29799
1.69605
1.35903
1.28145
1.27826
3.00001
3.00001
3.00001
3.00001
3.00001
3.00001
3.00001
3
3
2.99998
2.99995
2.99984
2.99967
2.99905
2.99809
2.9946
2.98878
2.96976
2.93295
2.82979
2.60939
2.07387
1.55338
1.3514
1.321
3.00001
3.00001
3.00001
3.00001
3.00001
3.00001
3.00001
3.00001
3
2.99999
2.99997
2.99993
2.99977
2.99954
2.99867
2.99734
2.99252
2.98421
2.9586
2.90006
2.76783
2.40992
1.82659
1.45871
1.36608
3.00001
3.00001
3.00001
3.00001
3.00001
3.00001
3.00001
3.00001
3
3
2.99998
2.99996
2.99987
2.99973
2.9992
2.99842
2.99538
2.9908
2.97394
2.94571
2.854
2.6827
2.20214
1.69255
1.45358
3.00001
3.00001
3.00001
3.00001
3.00001
3.00001
3.00001
3.00001
3.00001
3
3
2.99998
2.99994
2.99982
2.99965
2.99897
2.99794
2.99416
2.98793
2.96773
2.92589
2.82199
2.56537
2.04948
1.60388
3.00001
3.00001
3.00001
3.00001
3.00001
3.00001
3.00001
3.00001
3.00001
3
3
2.99999
2.99997
2.9999
2.9998
2.99941
2.99885
2.99665
2.99331
2.98123
2.96047
2.89571
2.76528
2.41701
1.89138
3.00001
3.00001
3.00001
3.00001
3.00001
3.00001
3.00001
3.00001
3.00001
3.00001
3
3
2.99998
2.99996
2.99987
2.99974
2.99925
2.9985
2.99575
2.99125
2.97617
2.94866
2.86593
2.70376
2.25995
3.00001
3.00001
3.00001
3.00001
3.00001
3.00001
3.00001
3.00001
3.00001
3.00001
3.00001
3
3
2.99998
2.99995
2.99984
2.99968
2.99906
2.99812
2.99473
2.98913
2.97118
2.93483
2.8435
2.62278
3.00001
3.00001
3.00001
3.00001
3.00001
3.00001
3.00001
3.00001
3.00001
3.00001
3.00001
3
3
2.99999
2.99998
2.99992
2.99983
2.9995
2.99903
2.99717
2.99442
2.98433
2.96739
2.91487
2.80644
3.00001
3.00001
3.00001
3.00001
3.00001
3.00001
3.00001
3.00001
3.00001
3.00001
3.00001
3.00001
3
3
2.99999
2.99996
2.99992
2.99975
2.99951
2.99857
2.99719
2.99199
2.98379
2.95615
2.90033
3.00001
3.00001
3.00001
3.00001
3.00001
3.00001
3.00001
3.00001
3.00001
3.00001
3.00001
3.00001
3.00001
3
3
2.99999
2.99995
2.9999
2.99971
2.99941
2.99832
2.99664
2.99059
2.98056
2.94858
3.00001
3.00001
3.00001
3.00001
3.00001
3.00001
3.00001
3.00001
3.00001
3.00001
3.00001
3.00001
3.00001
3.00001
3
3
2.99998
2.99995
2.99985
2.99971
2.99915
2.99833
2.99528
2.99044
2.97444
3.00001
3.00001
3.00001
3.00001
3.00001
3.00001
3.00001
3.00001
3.00001
3.00001
3.00001
3.00001
3.00001
3.00001
3.00001
3
3
2.99998
2.99995
2.99984
2.99967
2.99906
2.99812
2.99478
2.9892
3.00001
3.00001
3.00001
3.00001
3.00001
3.00001
3.00001
3.00001
3.00001
3.00001
3.00001
3.00001
3.00001
3.00001
3.00001
3.00001
3
3
2.99997
2.99994
2.99981
2.99963
2.99894
2.99788
2.99413
3.00001
3.00001
3.00001
3.00001
3.00001
3.00001
3.00001
3.00001
3.00001
3.00001
3.00001
3.00001
3.00001
3.00001
3.00001
3.00001
3
3
2.99999
2.99998
2.99992
2.99983
2.9995
2.99901
2.99715
3.00001
3.00001
3.00001
3.00001
3.00001
3.00001
3.00001
3.00001
3.00001
3.00001
3.00001
3.00001
3.00001
3.00001
3.00001
3.00001
3.00001
3
3
2.99999
2.99997
2.99991
2.99982
2.99947
2.99893
3.00001
3.00001
3.00001
3.00001
3.00001
3.00001
3.00001
3.00001
3.00001
3.00001
3.00001
3.00001
3.00001
3.00001
3.00001
3.00001
3.00001
3.00001
3
3
2.99999
2.99997
2.99991
2.9998
2.99944
3.00001
3.00001
3.00001
3.00001
3.00001
3.00001
3.00001
3.00001
3.00001
3.00001
3.00001
3.00001
3.00001
3.00001
3.00001
3.00001
3.00001
3.00001
3.00001
3
3
2.99999
2.99997
2.9999
2.9998
3.00001
3.00001
3.00001
3.00001
3.00001
3.00001
3.00001
3.00001
3.00001
3.00001
3.00001
3.00001
3.00001
3.00001
3.00001
3.00001
3.00001
3.00001
3.00001
3.00001
3
3
2.99999
2.99996
2.99992
3.00001
3.00001
3.00001
3.00001
3.00001
3.00001
3.00001
3.00001
3.00001
3.00001
3.00001
3.00001
3.00001
3.00001
3.00001
3.00001
3.00001
3.00001
3.00001
3.00001
3.00001
3
3
2.99999
2.99996
3.00001
3.00001
3.00001
3.00001
3.00001
3.00001
3.00001
3.00001
3.00001
3.00001
3.00001
3.00001
3.00001
3.00001
3.00001
3.00001
3.00001
3.00001
3.00001
3.00001
3.00001
3.00001
3
3
2.99999
3.00001
3.00001
3.00001
3.00001
3.00001
3.00001
3.00001
3.00001
3.00001
3.00001
3.00001
3.00001
3.00001
3.00001
3.00001
3.00001
3.00001
3.00001
3.00001
3.00001
3.00001
3.00001
3.00001
3
3
3.00001
3.00001
3.00001
3.00001
3.00001
3.00001
3.00001
3.00001
3.00001
3.00001
3.00001
3.00001
3.00001
3.00001
3.00001
3.00001
3.00001
3.00001
3.00001
3.00001
3.00001
3.00001
3.00001
3.00001
3.00001
3.00001
3.00001
3.00001
3.00001
3.00001
3.00001
3.00001
3.00001
3.00001
3.00001
3.00001
3.00001
3.00001
3.00001
3.00001
3.00001
3.00001
3.00001
3.00001
3.00001
3.00001
3.00001
3.00001
3.00001
3.00001
1.09631
1.29051
1.35732
1.34241
1.28054
1.22099
1.15491
1.11982
1.11162
1.11665
1.12353
1.13177
1.13611
1.13877
1.1417
1.14615
1.15294
1.16161
1.1713
1.18168
1.19253
1.20372
1.21518
1.22686
1.23869
1.25063
1.26265
1.27469
1.28672
1.29868
1.31053
1.32225
1.33382
1.34525
1.35657
1.36779
1.37892
1.38994
1.40082
1.41148
1.42186
1.43191
1.44155
1.4508
1.4596
1.468
1.47599
1.48364
1.49094
1.49791
1.50458
1.51098
1.51716
1.52315
1.52893
1.5345
1.53992
1.54511
1.55004
1.55485
1.55943
1.56373
1.56811
1.57229
1.57629
1.58027
1.58401
1.58755
1.59077
1.59394
1.59619
1.59808
1.60002
1.60184
1.60341
1.60473
1.60585
1.60664
1.60703
1.60706
1.60683
1.60622
1.60521
1.60392
1.60246
1.60045
1.59746
1.59472
1.59267
1.59233
1.59244
1.59371
1.59597
1.60273
1.61067
1.63042
1.6461
1.68152
1.70149
1.75973
1.13736
1.25878
1.33247
1.38495
1.43304
1.47887
1.49953
1.50063
1.49632
1.48169
1.47155
1.46365
1.46696
1.47093
1.47741
1.4843
1.49057
1.49658
1.50277
1.50943
1.51682
1.52489
1.53347
1.54249
1.55185
1.56144
1.5712
1.58102
1.59085
1.60068
1.61047
1.62021
1.62988
1.63949
1.64903
1.65851
1.66794
1.67734
1.68672
1.69604
1.70526
1.71432
1.7232
1.73177
1.73988
1.74753
1.75488
1.76188
1.76841
1.7745
1.78018
1.78545
1.7904
1.79493
1.79913
1.80309
1.80675
1.81025
1.81361
1.8168
1.81978
1.8226
1.82529
1.82789
1.83007
1.8322
1.8342
1.83565
1.83755
1.83946
1.84086
1.84222
1.84366
1.84496
1.84597
1.84664
1.84718
1.84758
1.8478
1.84794
1.84808
1.84828
1.84835
1.8484
1.84837
1.84821
1.84759
1.84657
1.84532
1.84371
1.84138
1.83964
1.83832
1.83834
1.83867
1.84079
1.84365
1.85247
1.85867
1.88501
1.1456
1.25512
1.35412
1.44884
1.53925
1.61083
1.65882
1.67063
1.67005
1.66388
1.64882
1.63982
1.63276
1.63531
1.6376
1.64193
1.64782
1.65407
1.66025
1.66649
1.67295
1.67971
1.68681
1.69429
1.70215
1.71036
1.71884
1.72751
1.73632
1.74522
1.75419
1.76318
1.77218
1.78117
1.79015
1.79912
1.80808
1.81704
1.82599
1.83491
1.84373
1.85228
1.86046
1.8683
1.87595
1.88329
1.89017
1.89663
1.90283
1.90874
1.91435
1.91974
1.92483
1.92954
1.93384
1.93766
1.94096
1.94387
1.94638
1.94854
1.95058
1.9526
1.95455
1.95646
1.95827
1.95985
1.96121
1.96239
1.96326
1.96411
1.96496
1.96507
1.96548
1.96586
1.96626
1.96619
1.96613
1.96581
1.96516
1.96449
1.96353
1.96297
1.96209
1.96162
1.96092
1.96059
1.95978
1.95921
1.95821
1.95772
1.95692
1.9568
1.95625
1.95667
1.95692
1.95951
1.96215
1.9709
1.97609
1.99932
1.16114
1.27089
1.37247
1.46529
1.5479
1.6185
1.67566
1.71883
1.74896
1.76125
1.76375
1.7622
1.75787
1.75199
1.74959
1.75136
1.75343
1.75795
1.76404
1.77103
1.77801
1.78485
1.79169
1.79872
1.8061
1.8139
1.82211
1.83063
1.83935
1.84817
1.857
1.86576
1.87443
1.88298
1.8914
1.89963
1.90766
1.91555
1.9234
1.93112
1.93865
1.94608
1.95347
1.96089
1.96837
1.97583
1.98335
1.99097
1.99822
2.00501
2.01149
2.01761
2.02317
2.02787
2.03168
2.0348
2.03736
2.03956
2.04157
2.04354
2.04552
2.04753
2.04968
2.05177
2.05365
2.05534
2.0567
2.05752
2.05799
2.05824
2.05783
2.05737
2.05697
2.05639
2.05585
2.05517
2.05439
2.05349
2.05238
2.05115
2.04981
2.04847
2.0471
2.04595
2.04483
2.04434
2.04366
2.04405
2.04376
2.04472
2.04444
2.04544
2.04531
2.04682
2.04753
2.05113
2.05372
2.06244
2.06726
2.0886
1.16478
1.27235
1.36928
1.45862
1.54034
1.61406
1.68021
1.73686
1.78482
1.81911
1.84097
1.84713
1.84802
1.84656
1.8448
1.84076
1.84166
1.84274
1.84513
1.84941
1.85528
1.86227
1.86957
1.87711
1.88484
1.89274
1.90078
1.90891
1.91702
1.92498
1.93275
1.94035
1.94781
1.9552
1.96262
1.9699
1.97705
1.98428
1.9916
1.99905
2.00667
2.01436
2.02218
2.03025
2.03817
2.04569
2.05297
2.06003
2.06676
2.07297
2.07834
2.08297
2.08691
2.09025
2.09311
2.09565
2.09797
2.10026
2.10266
2.10516
2.1078
2.1105
2.11305
2.1154
2.1176
2.11933
2.12046
2.12103
2.12117
2.12067
2.11996
2.11908
2.11798
2.11679
2.11618
2.1151
2.11359
2.11235
2.11081
2.10934
2.10776
2.1064
2.10511
2.10394
2.10291
2.10248
2.10196
2.10246
2.10223
2.10323
2.10312
2.10442
2.10467
2.107
2.10839
2.11349
2.11701
2.12774
2.13359
2.15738
1.16254
1.26505
1.35868
1.44491
1.52438
1.59711
1.6635
1.72196
1.77368
1.81753
1.85343
1.88081
1.89773
1.90717
1.90983
1.91058
1.91062
1.91072
1.91222
1.91454
1.91799
1.92359
1.93151
1.94038
1.94928
1.95783
1.966
1.97383
1.9813
1.98844
1.99537
2.00223
2.00914
2.01612
2.02311
2.03022
2.03747
2.04485
2.05233
2.05991
2.06767
2.07553
2.08318
2.09064
2.098
2.10518
2.11204
2.11841
2.12429
2.12966
2.13448
2.13875
2.1425
2.14581
2.1488
2.15158
2.15429
2.15693
2.15959
2.1622
2.1648
2.16731
2.16971
2.17153
2.17311
2.17416
2.17473
2.17447
2.17414
2.17342
2.17226
2.17081
2.1699
2.16879
2.16735
2.16616
2.16515
2.16373
2.16205
2.1606
2.15907
2.1578
2.15667
2.15579
2.15495
2.1546
2.15427
2.15489
2.15492
2.15628
2.15661
2.15862
2.15942
2.16277
2.16479
2.17115
2.17533
2.18733
2.19374
2.21899
1.15794
1.25279
1.34329
1.42755
1.50529
1.57702
1.643
1.70338
1.75784
1.80683
1.84979
1.88675
1.91696
1.93893
1.95273
1.96051
1.96419
1.96609
1.96774
1.96964
1.97214
1.97568
1.98087
1.98776
1.99583
2.00421
2.01254
2.02067
2.02857
2.03624
2.04373
2.05113
2.05854
2.06599
2.0735
2.08112
2.0889
2.09686
2.10494
2.11303
2.12104
2.12887
2.13642
2.14372
2.15091
2.1579
2.16446
2.1704
2.17574
2.18046
2.18453
2.18803
2.19108
2.19382
2.19639
2.1989
2.20143
2.20402
2.20666
2.20928
2.21187
2.21425
2.2164
2.218
2.21925
2.21977
2.21992
2.21926
2.21852
2.21747
2.21638
2.21499
2.2138
2.21272
2.21163
2.21045
2.2087
2.20742
2.20589
2.20415
2.20248
2.20111
2.1999
2.19912
2.19841
2.19796
2.19766
2.19815
2.1983
2.19964
2.20015
2.20241
2.20368
2.20792
2.21078
2.21888
2.2243
2.23892
2.24662
2.27547
1.15766
1.24327
1.32707
1.40726
1.48265
1.55355
1.61922
1.6803
1.73624
1.78707
1.83314
1.87371
1.90945
1.93986
1.96536
1.98467
1.99771
2.00612
2.01131
2.01464
2.01741
2.02011
2.02347
2.02791
2.03365
2.04058
2.04821
2.05618
2.06422
2.07219
2.08
2.08762
2.09517
2.1028
2.11057
2.11848
2.12651
2.13469
2.14298
2.1513
2.15958
2.16772
2.17559
2.18304
2.19016
2.19715
2.20386
2.21004
2.21545
2.22032
2.22469
2.22861
2.23216
2.23544
2.23857
2.24163
2.24467
2.24771
2.25066
2.25342
2.25593
2.25813
2.25993
2.26111
2.26182
2.26201
2.26197
2.26139
2.26076
2.25999
2.25907
2.25775
2.25652
2.25531
2.25386
2.25237
2.25029
2.24847
2.2463
2.24426
2.24206
2.24065
2.23905
2.23803
2.23716
2.23673
2.23639
2.23649
2.23664
2.23777
2.23856
2.24128
2.24327
2.24885
2.25282
2.26302
2.26983
2.28697
2.29562
2.32793
1.16111
1.23822
1.31519
1.38999
1.46136
1.52928
1.59322
1.65328
1.70961
1.76182
1.81025
1.85448
1.8945
1.93019
1.96165
1.98871
2.0115
2.02896
2.04138
2.0501
2.05621
2.0607
2.06452
2.06826
2.07238
2.07726
2.08302
2.08964
2.09687
2.10447
2.11227
2.12014
2.12799
2.13581
2.14368
2.15163
2.15967
2.16777
2.17591
2.18404
2.19209
2.20001
2.2077
2.21504
2.22204
2.22889
2.23551
2.24164
2.247
2.25179
2.25616
2.26027
2.26428
2.26833
2.27243
2.27658
2.28074
2.2849
2.28897
2.29279
2.29624
2.29918
2.3015
2.30297
2.30375
2.30383
2.30345
2.30227
2.30093
2.29934
2.29758
2.29542
2.29334
2.29143
2.28936
2.28728
2.2847
2.28226
2.27969
2.27735
2.27494
2.27296
2.27098
2.26955
2.26801
2.26715
2.26606
2.26585
2.26577
2.26681
2.26815
2.27188
2.27507
2.28285
2.28861
2.30208
2.31088
2.33142
2.34133
2.37984
1.16779
1.23651
1.30679
1.37605
1.44327
1.50763
1.56906
1.62722
1.68221
1.73416
1.78269
1.82816
1.87044
1.90943
1.94494
1.97686
2.00496
2.0295
2.05049
2.06729
2.07995
2.0892
2.09592
2.101
2.10525
2.10931
2.11368
2.11874
2.12464
2.13135
2.1387
2.14653
2.15462
2.16279
2.17102
2.17927
2.18746
2.19553
2.20354
2.21155
2.2195
2.22732
2.23493
2.24219
2.24908
2.25579
2.26227
2.26827
2.27365
2.27868
2.28348
2.28814
2.29277
2.29747
2.30228
2.30719
2.31209
2.31685
2.32144
2.32577
2.3298
2.33329
2.33611
2.338
2.33909
2.33939
2.33918
2.33795
2.3364
2.33442
2.33216
2.32923
2.32639
2.32383
2.32081
2.31765
2.31395
2.3103
2.30633
2.30255
2.29834
2.29461
2.29065
2.28747
2.28424
2.28221
2.28045
2.28032
2.28088
2.28293
2.28584
2.29202
2.29752
2.30888
2.31716
2.33467
2.34545
2.36955
2.38002
2.42746
1.18107
1.23988
1.30287
1.3665
1.429
1.48967
1.54814
1.60399
1.65734
1.70802
1.75617
1.80176
1.84459
1.88495
1.92243
1.95731
1.98935
2.01852
2.04456
2.06742
2.08689
2.10271
2.1149
2.1241
2.13119
2.13687
2.14184
2.14676
2.15196
2.15767
2.16412
2.17123
2.1789
2.18699
2.19533
2.20377
2.21223
2.22057
2.22873
2.2367
2.24453
2.2522
2.25964
2.26676
2.27352
2.28005
2.28645
2.29256
2.29826
2.30378
2.30921
2.31466
2.32023
2.3259
2.33157
2.3374
2.34324
2.34852
2.3534
2.35797
2.36203
2.36529
2.36765
2.36904
2.36966
2.36955
2.36887
2.36732
2.36547
2.36279
2.35994
2.35687
2.35287
2.34842
2.34279
2.3366
2.32898
2.3211
2.31233
2.30398
2.29514
2.28789
2.28075
2.27563
2.27159
2.27011
2.26999
2.27217
2.27551
2.28112
2.28751
2.29864
2.30772
2.32402
2.33492
2.35657
2.37004
2.39873
2.40794
2.46571
1.19566
1.25058
1.30492
1.36211
1.41989
1.4765
1.53161
1.58487
1.63608
1.6851
1.73206
1.77677
1.81946
1.85995
1.89831
1.93454
1.96861
2.00034
2.02968
2.05642
2.08035
2.1014
2.11931
2.13429
2.14633
2.15577
2.16345
2.16983
2.17547
2.18092
2.18638
2.19219
2.19857
2.20549
2.21298
2.22093
2.2292
2.23758
2.24594
2.25413
2.26206
2.26976
2.27723
2.28445
2.2914
2.29812
2.30464
2.31103
2.31733
2.32364
2.3301
2.33682
2.34378
2.35086
2.35789
2.36472
2.37109
2.37669
2.38165
2.38628
2.39028
2.39323
2.395
2.39576
2.3956
2.39462
2.39285
2.38999
2.38673
2.38246
2.3767
2.36908
2.35917
2.34801
2.33438
2.32056
2.30475
2.28949
2.2745
2.26133
2.24883
2.24061
2.23564
2.23557
2.23731
2.24332
2.25022
2.25969
2.26916
2.28272
2.29337
2.30998
2.32093
2.34078
2.35302
2.37677
2.38996
2.42024
2.42546
2.48952
1.20881
1.25788
1.31053
1.36264
1.41543
1.46823
1.51993
1.57035
1.61926
1.6664
1.71186
1.75543
1.79729
1.83737
1.87579
1.91248
1.9474
1.98059
2.01182
2.04091
2.06795
2.09248
2.11472
2.1343
2.15124
2.16566
2.17746
2.18699
2.19476
2.20118
2.20688
2.21225
2.21768
2.22356
2.22997
2.23692
2.24441
2.25231
2.26044
2.26864
2.27679
2.28481
2.29265
2.30027
2.30768
2.31488
2.32197
2.32903
2.33615
2.3434
2.35087
2.35858
2.36648
2.3744
2.38213
2.38952
2.39631
2.40216
2.40718
2.41182
2.41575
2.41843
2.41961
2.41952
2.41746
2.41454
2.41019
2.40324
2.39328
2.37999
2.36225
2.34251
2.31988
2.29623
2.27113
2.24672
2.228
2.21735
2.21272
2.21504
2.22155
2.23098
2.24178
2.25399
2.26568
2.28054
2.2914
2.30832
2.31963
2.33763
2.34915
2.36855
2.38041
2.40167
2.41406
2.43714
2.44927
2.47509
2.4818
2.52764
1.2267
1.26983
1.31679
1.3661
1.41488
1.46406
1.51271
1.56039
1.60688
1.65204
1.69591
1.73828
1.77929
1.81876
1.85682
1.89343
1.92849
1.96206
1.99404
2.02438
2.05296
2.07972
2.10459
2.12736
2.148
2.16636
2.18222
2.19568
2.20677
2.21579
2.22327
2.22952
2.2352
2.24072
2.24634
2.25231
2.25885
2.26597
2.27359
2.28156
2.28975
2.29804
2.30637
2.31467
2.32279
2.33077
2.3386
2.34637
2.35422
2.36217
2.37028
2.37861
2.38708
2.39546
2.40358
2.41128
2.4183
2.42418
2.42913
2.43354
2.43684
2.43801
2.43688
2.43352
2.42772
2.41725
2.40164
2.37893
2.3525
2.32159
2.28805
2.25255
2.22278
2.20813
2.20287
2.2084
2.21771
2.22897
2.24027
2.25331
2.26466
2.27905
2.29032
2.30682
2.31824
2.33587
2.3477
2.36652
2.37854
2.3982
2.41022
2.43055
2.44285
2.46427
2.47673
2.49914
2.5112
2.53411
2.54391
2.57391
1.24545
1.28476
1.32678
1.37096
1.41705
1.46274
1.50861
1.55398
1.59841
1.64169
1.68375
1.72462
1.7643
1.80279
1.84005
1.87608
1.91086
1.94432
1.97645
2.00723
2.03664
2.06463
2.09112
2.11604
2.13916
2.1603
2.17946
2.19634
2.21096
2.22349
2.23402
2.24298
2.2506
2.25729
2.26352
2.2696
2.27572
2.28219
2.28916
2.29666
2.3046
2.31283
2.32128
2.3298
2.33837
2.34689
2.35533
2.36381
2.37235
2.38103
2.38985
2.39876
2.40767
2.41638
2.42466
2.43241
2.43919
2.44426
2.44846
2.45047
2.4505
2.44681
2.43853
2.42359
2.39823
2.36671
2.3285
2.28583
2.24086
2.20941
2.19733
2.19979
2.20933
2.22081
2.23316
2.24655
2.25899
2.27378
2.28578
2.30203
2.31366
2.33047
2.34227
2.35987
2.37201
2.39069
2.40298
2.42249
2.43484
2.45488
2.46707
2.48739
2.49963
2.52059
2.53286
2.55428
2.5662
2.58753
2.59734
2.62124
1.2707
1.30455
1.3401
1.37938
1.42058
1.46388
1.5066
1.5497
1.59235
1.63411
1.67473
1.71419
1.75248
1.78967
1.82578
1.86081
1.89482
1.92775
1.95964
1.99051
2.02027
2.04893
2.07636
2.10242
2.12705
2.15003
2.17127
2.19075
2.20843
2.2242
2.2381
2.25033
2.2609
2.2701
2.27825
2.28564
2.29257
2.29932
2.30619
2.31336
2.32086
2.32867
2.33673
2.34499
2.35345
2.36204
2.37078
2.37964
2.3887
2.39797
2.40732
2.41672
2.42593
2.4346
2.44267
2.44976
2.45412
2.45646
2.45633
2.45199
2.44131
2.41755
2.38334
2.34129
2.2916
2.23876
2.20233
2.1913
2.19681
2.20793
2.22056
2.23467
2.24857
2.26403
2.2779
2.29422
2.30694
2.32346
2.33558
2.35244
2.36494
2.38179
2.39479
2.41249
2.42551
2.44412
2.45664
2.47612
2.48827
2.50797
2.51988
2.53951
2.55128
2.57111
2.58278
2.60279
2.61418
2.63427
2.64374
2.664
1.29328
1.32124
1.35797
1.39222
1.42908
1.46804
1.50876
1.54894
1.58906
1.62898
1.66812
1.70626
1.74332
1.77927
1.81415
1.84808
1.88107
1.91327
1.94465
1.97524
2.00501
2.03385
2.06166
2.08836
2.11383
2.13803
2.16085
2.18222
2.20207
2.22041
2.23723
2.25244
2.26614
2.27841
2.2893
2.29907
2.30796
2.31618
2.32391
2.33141
2.33886
2.34639
2.35408
2.362
2.37019
2.37868
2.38745
2.39649
2.40577
2.41527
2.42477
2.43422
2.44284
2.45074
2.4561
2.45882
2.4583
2.45249
2.4365
2.40383
2.36119
2.30773
2.24613
2.20058
2.18294
2.18939
2.20092
2.21468
2.22974
2.24619
2.26216
2.27912
2.29422
2.31057
2.32429
2.34079
2.35464
2.37097
2.38531
2.40192
2.41605
2.43347
2.44697
2.4649
2.47815
2.49678
2.50912
2.5282
2.53995
2.55891
2.57037
2.58906
2.60024
2.6189
2.63
2.6488
2.65961
2.67851
2.68774
2.7044
1.32502
1.3438
1.37405
1.40941
1.44184
1.47629
1.51309
1.55104
1.5892
1.62669
1.66408
1.7007
1.73645
1.77125
1.80508
1.83807
1.8702
1.90163
1.93232
1.96234
1.99168
2.02032
2.04814
2.07512
2.10106
2.126
2.14982
2.17246
2.19392
2.2141
2.23299
2.25063
2.26702
2.28211
2.29599
2.30865
2.32016
2.3306
2.34012
2.34888
2.3571
2.36498
2.37267
2.38035
2.3882
2.39628
2.40478
2.41344
2.42256
2.43138
2.44027
2.448
2.45342
2.45629
2.45527
2.44764
2.42584
2.38496
2.33242
2.26535
2.20542
2.17291
2.17708
2.18855
2.20273
2.2192
2.23671
2.25494
2.27306
2.29069
2.30687
2.32337
2.33891
2.35521
2.37075
2.38747
2.40304
2.42015
2.43514
2.45262
2.46726
2.48477
2.49864
2.51672
2.52956
2.54794
2.55976
2.57817
2.58949
2.6076
2.61852
2.63615
2.6468
2.66445
2.67498
2.69266
2.70283
2.72041
2.72938
2.74296
1.35702
1.36879
1.39153
1.42486
1.45859
1.48977
1.5214
1.5558
1.59117
1.62699
1.66205
1.69706
1.73146
1.76512
1.79799
1.83013
1.86153
1.8923
1.92247
1.95199
1.98095
2.00923
2.03688
2.06382
2.09001
2.11533
2.13974
2.16317
2.18561
2.20708
2.2275
2.24693
2.2653
2.28266
2.29902
2.31429
2.32844
2.34148
2.35338
2.36418
2.37399
2.38302
2.39144
2.39946
2.4073
2.41509
2.42296
2.43084
2.43845
2.44553
2.44967
2.45192
2.45019
2.44036
2.41227
2.36345
2.30261
2.22273
2.17034
2.15643
2.16864
2.18242
2.19981
2.21832
2.23798
2.25832
2.27752
2.29605
2.31391
2.33136
2.3486
2.36583
2.3826
2.39995
2.41649
2.43437
2.45052
2.46848
2.48408
2.50187
2.51647
2.53439
2.54773
2.56579
2.57788
2.59599
2.60723
2.62485
2.63583
2.65309
2.66358
2.68047
2.69066
2.70735
2.71727
2.73375
2.74348
2.75882
2.76916
2.77932
1.40491
1.39973
1.41178
1.43618
1.46941
1.50242
1.53394
1.56469
1.59654
1.62972
1.66331
1.69611
1.72874
1.76101
1.79275
1.82392
1.85453
1.8846
1.9142
1.94334
1.97202
2.0002
2.02782
2.05482
2.08113
2.10668
2.13145
2.15534
2.17844
2.20066
2.22216
2.24284
2.26271
2.28173
2.29989
2.31712
2.3334
2.34865
2.36277
2.3758
2.38768
2.39846
2.40825
2.41722
2.4255
2.43323
2.44001
2.44536
2.44875
2.44971
2.44612
2.4326
2.39837
2.34254
2.2721
2.18722
2.1402
2.14293
2.15599
2.17286
2.19207
2.21321
2.23432
2.25583
2.27629
2.29646
2.31594
2.33531
2.35405
2.37276
2.3909
2.40934
2.42697
2.44553
2.46277
2.48129
2.49789
2.51614
2.53157
2.54968
2.5637
2.58158
2.59418
2.61181
2.62348
2.64049
2.65152
2.6682
2.67896
2.69514
2.70539
2.72124
2.73105
2.74638
2.75612
2.77043
2.78099
2.79322
2.80391
2.81257
1.45913
1.43917
1.44073
1.455
1.48068
1.51311
1.5446
1.57539
1.60596
1.63636
1.66716
1.69832
1.72921
1.75967
1.78991
1.81976
1.8493
1.87851
1.90745
1.93619
1.96467
1.9928
2.02045
2.04756
2.07402
2.09977
2.12477
2.14905
2.17261
2.19546
2.21753
2.23895
2.25969
2.27981
2.29921
2.31787
2.33571
2.35264
2.36863
2.38355
2.39734
2.40997
2.42146
2.43174
2.44034
2.44667
2.44961
2.45
2.44545
2.42923
2.3909
2.32704
2.25069
2.16219
2.11768
2.1276
2.14093
2.16046
2.18078
2.20305
2.22582
2.24784
2.26963
2.2913
2.31267
2.33389
2.35435
2.37464
2.3943
2.41387
2.43293
2.45216
2.4706
2.48968
2.50727
2.52618
2.54247
2.56085
2.57581
2.59368
2.60723
2.62451
2.63682
2.65368
2.66518
2.68128
2.69251
2.70807
2.71879
2.73397
2.74412
2.75861
2.76839
2.7819
2.792
2.80392
2.81464
2.82533
2.83502
2.84297
1.56417
1.48308
1.47282
1.48075
1.49887
1.5267
1.55631
1.58536
1.61443
1.64411
1.67402
1.70362
1.73275
1.7614
1.78988
1.81837
1.84668
1.87496
1.90312
1.93118
1.95915
1.98701
2.0145
2.04154
2.06798
2.09384
2.11905
2.14365
2.16766
2.19108
2.21392
2.2361
2.25766
2.27862
2.29885
2.31847
2.33725
2.3553
2.37241
2.38861
2.40378
2.41773
2.4303
2.44055
2.44497
2.44639
2.44286
2.42712
2.38727
2.31919
2.23892
2.14738
2.10114
2.11141
2.12515
2.14565
2.16738
2.19003
2.21311
2.23579
2.2586
2.28177
2.30454
2.32711
2.34916
2.37065
2.39158
2.41225
2.43245
2.45254
2.47215
2.4918
2.51057
2.52987
2.5474
2.56619
2.58208
2.60033
2.61477
2.63245
2.64545
2.6624
2.6747
2.69084
2.70261
2.71804
2.7292
2.74412
2.7548
2.76907
2.77918
2.79244
2.80222
2.81418
2.82419
2.83485
2.84468
2.85486
2.8634
2.87093
1.79315
1.56707
1.51761
1.51006
1.52012
1.54019
1.569
1.59776
1.62513
1.65235
1.68042
1.7089
1.73758
1.76576
1.79333
1.81987
1.8468
1.87391
1.90116
1.92848
1.95569
1.9828
2.00977
2.03655
2.06292
2.08879
2.11409
2.13884
2.16303
2.18673
2.20993
2.23257
2.2547
2.27613
2.29705
2.31722
2.33679
2.3556
2.37358
2.39071
2.40659
2.42055
2.43119
2.43329
2.43016
2.41861
2.3834
2.31272
2.23089
2.13568
2.08467
2.0937
2.1076
2.12873
2.15154
2.17488
2.19865
2.22226
2.24628
2.27051
2.2944
2.31791
2.34073
2.3632
2.3849
2.40628
2.42732
2.44816
2.46863
2.48888
2.50864
2.52835
2.547
2.56615
2.58324
2.60184
2.61718
2.63526
2.64929
2.66647
2.67957
2.69605
2.70854
2.72426
2.73608
2.75098
2.76215
2.77642
2.78707
2.80033
2.81038
2.8225
2.83199
2.8431
2.8522
2.86261
2.871
2.88088
2.88835
2.8954
2.15976
1.72877
1.57387
1.55008
1.54815
1.55953
1.5801
1.6079
1.63583
1.6628
1.68916
1.71555
1.74251
1.76973
1.79703
1.82437
1.85056
1.87633
1.90206
1.92799
1.9542
1.98046
2.00658
2.03262
2.05846
2.08413
2.10949
2.1344
2.15876
2.18263
2.20597
2.22883
2.25112
2.27295
2.29416
2.31484
2.33486
2.35418
2.37249
2.38961
2.40373
2.40974
2.41033
2.4021
2.37081
2.30744
2.21975
2.1182
2.06239
2.06984
2.08496
2.10748
2.13188
2.15714
2.18258
2.20795
2.23335
2.25901
2.28409
2.30856
2.33228
2.35541
2.37769
2.39954
2.4209
2.4423
2.46334
2.48438
2.50488
2.52523
2.54488
2.56449
2.58281
2.60171
2.61851
2.63669
2.65208
2.6696
2.6838
2.70051
2.71403
2.73001
2.74282
2.75803
2.76989
2.78417
2.79544
2.80871
2.81954
2.83137
2.84154
2.85212
2.86113
2.87132
2.87906
2.88901
2.89593
2.90473
2.91134
2.91701
2.53316
2.03635
1.69521
1.59562
1.58126
1.58461
1.59737
1.61836
1.64515
1.67175
1.6979
1.72393
1.74975
1.77562
1.80157
1.8277
1.85404
1.87984
1.90507
1.92993
1.95477
1.97974
2.00493
2.03009
2.05528
2.08036
2.10522
2.12992
2.15428
2.17831
2.20182
2.22489
2.24741
2.26944
2.2909
2.31173
2.33183
2.35083
2.36721
2.37993
2.3798
2.37493
2.35492
2.29363
2.21053
2.10013
2.03459
2.03587
2.05337
2.07817
2.104
2.13259
2.16113
2.18889
2.2166
2.24418
2.27096
2.29721
2.32213
2.34642
2.36961
2.39216
2.41388
2.43578
2.45713
2.4788
2.49996
2.52125
2.54163
2.56212
2.58155
2.60104
2.61924
2.63784
2.65462
2.67253
2.68819
2.70528
2.72012
2.73639
2.7506
2.76618
2.77938
2.7941
2.8063
2.81987
2.83165
2.84377
2.85519
2.86532
2.87611
2.88478
2.89397
2.90257
2.90996
2.91828
2.92472
2.93148
2.93765
2.94124
2.7644
2.42983
1.93779
1.68272
1.61976
1.61223
1.61849
1.63411
1.65593
1.68094
1.70612
1.73135
1.75659
1.78196
1.80698
1.83176
1.85672
1.88181
1.90685
1.93149
1.95583
1.98002
2.0043
2.02871
2.05316
2.07762
2.1019
2.12608
2.14993
2.17358
2.19684
2.21987
2.24243
2.26454
2.28607
2.30648
2.32548
2.34078
2.34471
2.342
2.32764
2.28372
2.19341
2.08026
2.00377
1.99307
2.01387
2.04055
2.0677
2.09879
2.12938
2.15996
2.19024
2.21969
2.24851
2.2765
2.30362
2.32986
2.35486
2.37931
2.40261
2.42558
2.44803
2.47042
2.49214
2.51424
2.53542
2.55677
2.57715
2.59768
2.61697
2.6365
2.6546
2.67302
2.69003
2.70767
2.72382
2.74064
2.75606
2.7721
2.78682
2.80209
2.81567
2.82997
2.84266
2.85575
2.86804
2.87955
2.89131
2.90072
2.91182
2.91955
2.92921
2.93628
2.94453
2.95066
2.95763
2.96255
2.96859
2.97065
2.88418
2.71835
2.37186
1.89948
1.69599
1.6506
1.64442
1.65207
1.66897
1.69207
1.71541
1.73887
1.76297
1.7874
1.81207
1.8364
1.8603
1.88436
1.90862
1.9328
1.95685
1.98069
2.00444
2.02808
2.05181
2.07559
2.09934
2.12295
2.14637
2.16953
2.19244
2.21491
2.23699
2.25821
2.27867
2.295
2.30505
2.30349
2.29222
2.25976
2.17645
2.06646
1.97075
1.94525
1.96871
1.99451
2.02317
2.05683
2.08983
2.12239
2.15467
2.18665
2.21726
2.24741
2.27626
2.30441
2.33132
2.35758
2.38269
2.40729
2.43103
2.45487
2.47814
2.50161
2.5242
2.54669
2.56797
2.58966
2.61011
2.63084
2.65026
2.66978
2.68796
2.70636
2.72368
2.74122
2.75769
2.77433
2.79003
2.80588
2.82076
2.8356
2.84937
2.86315
2.87606
2.88886
2.90108
2.91271
2.92388
2.93374
2.94421
2.95213
2.9617
2.96831
2.97693
2.98209
2.9893
2.99337
2.99957
3.00121
2.94443
2.86406
2.68417
2.28179
1.87872
1.71274
1.68104
1.67517
1.68434
1.70053
1.72465
1.74831
1.77059
1.79364
1.81724
1.84101
1.86461
1.88787
1.91129
1.93484
1.95837
1.9818
2.00513
2.02843
2.0516
2.07472
2.09779
2.12096
2.14378
2.16658
2.18864
2.21059
2.2309
2.24908
2.2622
2.26204
2.25355
2.22844
2.16433
2.05025
1.93587
1.89589
1.91761
1.9435
1.97389
2.00905
2.04365
2.07794
2.11212
2.14571
2.17863
2.21074
2.24175
2.27208
2.30082
2.32885
2.35544
2.38167
2.40668
2.43167
2.45572
2.48046
2.50437
2.52886
2.55214
2.57578
2.59789
2.62033
2.64109
2.66218
2.68167
2.70128
2.71959
2.73808
2.75559
2.7731
2.78971
2.80631
2.82202
2.83768
2.8523
2.86667
2.88039
2.89358
2.90681
2.919
2.93138
2.94254
2.95352
2.9631
2.97332
2.98095
2.99016
2.99666
3.00467
3.00956
3.01652
3.02033
3.02646
3.02823
2.97175
2.93498
2.84809
2.62804
2.21116
1.85537
1.73098
1.71012
1.70586
1.71534
1.73228
1.75597
1.77999
1.80211
1.82391
1.84654
1.86939
1.89215
1.91484
1.9377
1.96067
1.98368
2.00663
2.02951
2.05234
2.07503
2.09767
2.12001
2.14235
2.164
2.18493
2.20373
2.21886
2.22056
2.21601
2.19413
2.14404
2.04196
1.91062
1.84757
1.86212
1.88897
1.92095
1.95748
1.99444
2.03022
2.06558
2.10029
2.13431
2.1678
2.20047
2.23232
2.26314
2.2931
2.32147
2.34953
2.37609
2.40258
2.4277
2.45339
2.47817
2.50351
2.52753
2.55248
2.57598
2.60038
2.62292
2.64623
2.6676
2.68951
2.70955
2.72992
2.74886
2.76789
2.78577
2.80347
2.82023
2.83682
2.85238
2.86778
2.88216
2.89636
2.91006
2.92318
2.9365
2.94836
2.96076
2.97134
2.98226
2.99132
3.00122
3.00854
3.0173
3.02336
3.03085
3.03535
3.0418
3.04525
3.05098
3.05258
2.98778
2.96831
2.92581
2.82962
2.57578
2.16163
1.84905
1.75167
1.73693
1.73772
1.74666
1.76296
1.7866
1.8108
1.83319
1.85444
1.87581
1.89767
1.91961
1.94167
1.9639
1.98635
2.00885
2.03148
2.05394
2.07633
2.09824
2.11994
2.14049
2.16002
2.17501
2.18078
2.17746
2.15813
2.11938
2.02708
1.90068
1.81134
1.80532
1.83545
1.86749
1.90472
1.9436
1.98064
2.01708
2.05309
2.088
2.12238
2.15582
2.18858
2.22043
2.25167
2.2817
2.31113
2.33922
2.36717
2.39368
2.42062
2.44616
2.47258
2.49742
2.52336
2.54752
2.57262
2.59603
2.62068
2.64357
2.66728
2.68903
2.71133
2.73189
2.75284
2.77241
2.79209
2.81046
2.82893
2.84608
2.8634
2.87936
2.89537
2.91028
2.92498
2.93911
2.9525
2.96591
2.97781
2.99
3.00055
3.01121
3.02022
3.02992
3.03718
3.04565
3.05169
3.05868
3.06304
3.06906
3.07215
3.07749
3.07814
2.99434
2.9842
2.96732
2.91297
2.81356
2.51509
2.15772
1.86264
1.77878
1.76545
1.76831
1.77788
1.79378
1.81692
1.84103
1.86336
1.88443
1.90515
1.92611
1.9473
1.9687
1.99031
2.01222
2.03406
2.05624
2.07767
2.09878
2.11781
2.13348
2.14127
2.1394
2.12419
2.08578
2.01968
1.89586
1.77949
1.75043
1.78233
1.81309
1.85101
1.89292
1.93147
1.96894
2.00497
2.0407
2.07564
2.10983
2.14327
2.17572
2.2076
2.23845
2.26879
2.29798
2.32684
2.35453
2.38238
2.40896
2.43628
2.46218
2.48919
2.51463
2.54106
2.56571
2.59131
2.61488
2.63929
2.6619
2.68532
2.70697
2.72925
2.75004
2.77139
2.79134
2.8116
2.83047
2.84951
2.86729
2.88506
2.90173
2.91827
2.93383
2.94917
2.96383
2.97773
2.99148
3.00387
3.01618
3.02714
3.03803
3.04721
3.05718
3.06459
3.07324
3.07937
3.08651
3.09088
3.09699
3.10006
3.10536
3.10585
2.99701
2.99385
2.98334
2.96457
2.90735
2.80025
2.48426
2.14068
1.87761
1.80597
1.79403
1.79756
1.8081
1.8239
1.84692
1.87056
1.89235
1.91265
1.9326
1.95301
1.97373
1.99468
2.01575
2.0366
2.05677
2.07619
2.09211
2.10225
2.10046
2.08878
2.05862
1.99137
1.89169
1.75765
1.70151
1.72854
1.75862
1.79635
1.84034
1.88015
1.91992
1.95796
1.99438
2.0295
2.06374
2.0971
2.12992
2.16209
2.19364
2.22445
2.25448
2.28395
2.31258
2.34107
2.36865
2.39652
2.42338
2.45096
2.47729
2.50463
2.53023
2.55687
2.58159
2.60723
2.63088
2.65537
2.67804
2.7015
2.72336
2.74589
2.76681
2.78826
2.80816
2.82848
2.84754
2.86673
2.88493
2.90304
2.92028
2.93731
2.95366
2.96924
2.98482
2.99881
3.01315
3.02576
3.03852
3.04955
3.06107
3.07043
3.08067
3.08854
3.09756
3.10372
3.11156
3.11606
3.12257
3.12594
3.13163
3.13286
2.99886
2.99682
2.99348
2.98247
2.96257
2.90387
2.79019
2.4709
2.13727
1.89566
1.83221
1.82178
1.82582
1.83662
1.85272
1.87531
1.89814
1.91931
1.93886
1.95788
1.97758
1.99739
2.01683
2.03556
2.0514
2.06117
2.0608
2.05039
2.02184
1.97072
1.87722
1.74096
1.66014
1.67234
1.70424
1.74205
1.78896
1.8297
1.86986
1.90875
1.94598
1.98221
2.01733
2.05138
2.08437
2.11656
2.14819
2.17921
2.20971
2.23968
2.26911
2.29813
2.32657
2.35488
2.38257
2.4105
2.43763
2.46539
2.49197
2.51923
2.54493
2.57141
2.5961
2.62145
2.64513
2.66937
2.69202
2.71519
2.737
2.75941
2.78068
2.8023
2.82276
2.84333
2.86276
2.88229
2.90081
2.91916
2.93685
2.9538
2.9707
2.98626
3.00209
3.01642
3.03083
3.04371
3.05696
3.068
3.08019
3.0897
3.10054
3.10868
3.11827
3.12479
3.13324
3.13817
3.14527
3.14901
3.15513
3.15653
2.99942
2.99882
2.99673
2.99328
2.98209
2.96153
2.90307
2.78467
2.47359
2.13908
1.91519
1.85865
1.84917
1.85324
1.86351
1.87956
1.90125
1.92282
1.94305
1.96193
1.97976
1.99712
2.01223
2.02147
2.02102
2.01123
1.98622
1.93164
1.85542
1.73415
1.63096
1.61514
1.64901
1.68638
1.73384
1.77655
1.8202
1.86102
1.89866
1.93492
1.96981
2.00375
2.0369
2.06953
2.10164
2.13323
2.16414
2.19463
2.22453
2.25411
2.2832
2.31203
2.34039
2.36863
2.39637
2.4243
2.45155
2.47918
2.50563
2.53263
2.55816
2.58428
2.60875
2.63385
2.65736
2.68149
2.70414
2.72739
2.7493
2.77179
2.793
2.81468
2.8351
2.85581
2.87537
2.89501
2.91379
2.93218
2.9503
2.96727
2.98467
3.00038
3.01652
3.03106
3.04572
3.05862
3.07221
3.08338
3.09585
3.10571
3.117
3.12544
3.13583
3.14272
3.15196
3.15748
3.16537
3.16974
3.17637
3.17864
2.99975
2.99951
2.99858
2.9972
2.99215
2.98413
2.95785
2.90967
2.7769
2.5206
2.14455
1.93458
1.88326
1.87455
1.87874
1.8885
1.9034
1.9238
1.94363
1.96157
1.97597
1.98359
1.98314
1.97259
1.94571
1.90076
1.81848
1.71066
1.60539
1.5621
1.59434
1.63284
1.67797
1.72278
1.76827
1.81029
1.84851
1.88563
1.92196
1.95669
1.99008
2.02246
2.0543
2.08583
2.11708
2.148
2.17864
2.20882
2.23861
2.26796
2.29686
2.32544
2.35361
2.3817
2.40935
2.4371
2.46414
2.49137
2.51752
2.54406
2.56918
2.59488
2.61905
2.64391
2.66734
2.69138
2.71416
2.73744
2.75953
2.78198
2.80326
2.82486
2.8454
2.86611
2.88588
2.90546
2.92457
2.94283
2.96124
2.97821
2.99555
3.01137
3.02735
3.04182
3.05676
3.06962
3.08375
3.0953
3.10838
3.11874
3.1308
3.13961
3.15057
3.15791
3.16761
3.17343
3.1818
3.18672
3.19375
3.1963
2.99992
2.99976
2.99951
2.99863
2.99724
2.99242
2.9844
2.95933
2.91091
2.78463
2.5279
2.17065
1.95765
1.90585
1.89798
1.90174
1.90972
1.92147
1.93816
1.94887
1.94812
1.93632
1.9094
1.86226
1.78546
1.68496
1.57902
1.51404
1.54206
1.57733
1.61771
1.66805
1.71686
1.7608
1.8001
1.83717
1.87276
1.90735
1.94111
1.97412
2.00657
2.03842
2.06983
2.10085
2.13155
2.16196
2.19203
2.22184
2.25124
2.2803
2.30894
2.33732
2.36526
2.39308
2.42035
2.44768
2.47422
2.50102
2.52674
2.5529
2.57773
2.60316
2.6272
2.65192
2.67532
2.69932
2.72211
2.74539
2.76753
2.79005
2.81144
2.83307
2.85368
2.87437
2.89426
2.91384
2.93308
2.95138
2.96988
2.98683
3.00421
3.01996
3.03606
3.05048
3.0657
3.07873
3.09321
3.1051
3.11863
3.12925
3.14174
3.15088
3.16222
3.16987
3.18005
3.18621
3.19505
3.20044
3.20798
3.21081
2.99997
2.9999
2.9998
2.99942
2.99887
2.9968
2.9936
2.98265
2.96361
2.90747
2.79762
2.50829
2.20536
1.98751
1.93132
1.92186
1.91798
1.91894
1.91491
1.9018
1.87266
1.82221
1.74611
1.65071
1.55133
1.47742
1.48987
1.52157
1.56242
1.61414
1.66218
1.7052
1.74527
1.7837
1.82016
1.85533
1.88954
1.92304
1.95578
1.98788
2.01941
2.05059
2.08147
2.11214
2.14254
2.17264
2.20241
2.2318
2.26085
2.28959
2.318
2.34612
2.37386
2.40141
2.42847
2.4555
2.48188
2.50845
2.53407
2.5601
2.58489
2.6103
2.63434
2.65904
2.68241
2.70634
2.7291
2.75229
2.77442
2.79689
2.81834
2.83996
2.86064
2.88122
2.90123
2.92058
2.93997
2.95804
2.97667
2.99359
3.01102
3.02681
3.04311
3.05757
3.0731
3.08619
3.1009
3.1128
3.12646
3.13704
3.14967
3.15882
3.17041
3.17813
3.18868
3.19504
3.20426
3.21017
3.21815
3.22147
2.99999
2.99997
2.99993
2.99977
2.99955
2.99871
2.99746
2.99291
2.98574
2.96214
2.91905
2.80193
2.56872
2.23208
2.0093
1.94944
1.92385
1.89254
1.85039
1.78804
1.70521
1.61579
1.49877
1.434
1.43365
1.46363
1.50264
1.55496
1.6043
1.65002
1.69157
1.72965
1.7655
1.80038
1.8346
1.8684
1.90184
1.93484
1.96731
1.99921
2.03061
2.06159
2.09225
2.12264
2.15272
2.1825
2.21196
2.24109
2.26989
2.29837
2.32649
2.35433
2.38177
2.40906
2.43587
2.46272
2.48891
2.51534
2.5408
2.5667
2.59137
2.61665
2.64059
2.66518
2.68849
2.71234
2.73507
2.75819
2.78029
2.80271
2.82411
2.84569
2.86635
2.88685
2.90686
2.92606
2.94548
2.96338
2.98197
2.99875
3.01615
3.03184
3.04816
3.0625
3.07806
3.09105
3.10576
3.11756
3.13126
3.14178
3.15449
3.16363
3.17538
3.18315
3.19395
3.20048
3.20997
3.21623
3.22458
3.2282
3
2.99999
2.99997
2.99993
2.99979
2.99957
2.99881
2.99759
2.99341
2.98648
2.96452
2.92318
2.81386
2.59549
2.26099
2.00289
1.89961
1.80588
1.68292
1.55126
1.45563
1.39445
1.38612
1.41392
1.44877
1.4957
1.54196
1.58521
1.6271
1.66676
1.70349
1.73823
1.77225
1.80609
1.83982
1.8733
1.90644
1.93919
1.9715
2.00336
2.0348
2.06587
2.09656
2.12691
2.15688
2.18651
2.2158
2.24478
2.27344
2.3018
2.32983
2.3576
2.38502
2.41229
2.43912
2.46598
2.4922
2.51866
2.54417
2.57011
2.59483
2.62015
2.64415
2.66878
2.69218
2.71607
2.73887
2.76203
2.7842
2.80663
2.82807
2.84964
2.87032
2.8908
2.91083
2.93001
2.94947
2.96735
2.98595
3.00268
3.02007
3.03569
3.052
3.0663
3.08185
3.09481
3.10952
3.1213
3.135
3.14553
3.15824
3.16744
3.17924
3.18711
3.19802
3.20468
3.21438
3.22073
3.22938
3.23299
3
3
2.99999
2.99996
2.99992
2.99975
2.9995
2.99861
2.9972
2.99239
2.98423
2.95947
2.91012
2.79194
2.54981
2.17324
1.87457
1.57002
1.42317
1.31169
1.295
1.32201
1.36689
1.43173
1.48736
1.5305
1.56926
1.60905
1.64839
1.68553
1.72054
1.7548
1.7894
1.82445
1.85947
1.89402
1.92794
1.96123
1.99403
2.02642
2.05843
2.09003
2.12119
2.15186
2.18206
2.21183
2.24122
2.27028
2.29902
2.3275
2.35569
2.38365
2.41128
2.43876
2.46583
2.49289
2.51933
2.54593
2.57161
2.59764
2.62252
2.64791
2.67205
2.69674
2.72027
2.74418
2.76709
2.79021
2.8124
2.83472
2.85606
2.87744
2.89792
2.91818
2.9379
2.95686
2.97591
2.99355
3.01171
3.0282
3.04516
3.06053
3.0764
3.0904
3.10542
3.11805
3.1321
3.14354
3.15653
3.16672
3.17871
3.18764
3.19866
3.20629
3.21641
3.2227
3.23186
3.23729
3.24597
3.24808
)
;

boundaryField
{
    inlet
    {
        type            calculated;
        value           uniform 3.00001;
    }
    outlet
    {
        type            calculated;
        value           nonuniform List<scalar> 
40
(
1.75973
1.88501
1.99932
2.0886
2.15738
2.21899
2.27547
2.32793
2.37984
2.42746
2.46571
2.48952
2.52764
2.57391
2.62124
2.664
2.7044
2.74296
2.77932
2.81257
2.84297
2.87093
2.8954
2.91701
2.94124
2.97065
3.00121
3.02823
3.05258
3.07814
3.10585
3.13286
3.15653
3.17864
3.1963
3.21081
3.22147
3.2282
3.23299
3.24808
)
;
    }
    bottom
    {
        type            symmetryPlane;
    }
    top
    {
        type            symmetryPlane;
    }
    obstacle
    {
        type            calculated;
        value           uniform 0;
    }
    defaultFaces
    {
        type            empty;
    }
}


// ************************************************************************* //
