/*--------------------------------*- C++ -*----------------------------------*\
| =========                 |                                                 |
| \\      /  F ield         | OpenFOAM: The Open Source CFD Toolbox           |
|  \\    /   O peration     | Version:  2412                                  |
|   \\  /    A nd           | Website:  www.openfoam.com                      |
|    \\/     M anipulation  |                                                 |
\*---------------------------------------------------------------------------*/
FoamFile
{
    version     2.0;
    format      ascii;
    arch        "LSB;label=32;scalar=64";
    class       regIOobject;
    location    "constant/polyMesh";
    object      faceZones;
    meta
    {
        names           1 ( interface1interface20Side0Zone );
    }
}
// * * * * * * * * * * * * * * * * * * * * * * * * * * * * * * * * * * * * * //

1
(interface1interface20Side0Zone
{
    type            faceZone;
    faceLabels      List<label> 
325
(
133
267
401
535
669
803
937
1071
1205
1339
1473
1607
1741
1875
2009
2143
2277
2411
2545
2679
2813
2947
3081
3215
3349
3483
3617
3751
3885
4019
4153
4287
4421
4555
4689
4823
4957
5091
5225
5359
5493
5627
5761
5895
6029
6163
6297
6431
6565
6699
6833
6967
7101
7235
7369
7503
7637
7771
7905
8039
8173
8307
8441
8575
8709
8843
8977
9111
9245
9379
9513
9647
9781
9915
10049
10183
10317
10451
10585
10719
10853
10987
11121
11255
11389
11523
11657
11791
11925
12059
12193
12327
12461
12595
12729
12863
12997
13131
13265
13399
13533
13667
13801
13935
14069
14203
14337
14471
14605
14739
14873
15007
15141
15275
15409
15543
15677
15811
15945
16079
16213
16347
16481
16615
16749
16883
17017
17151
17285
17419
17553
17687
17821
17955
18089
18223
18357
18491
18625
18759
18893
19027
19161
19295
19429
19563
19697
19831
19965
20099
20233
20367
20501
20635
20769
20903
21037
21171
21305
21439
21573
21707
21841
21975
22109
22243
22377
22511
22645
22779
22913
23047
23181
23315
23449
23583
23717
23851
23985
24119
24253
24387
24521
24655
24789
24923
25057
25191
25325
25459
25593
25727
25861
25995
26129
26263
26397
26531
26665
26799
26933
27067
27201
27335
27469
27603
27737
27871
28005
28139
28273
28407
28541
28675
28809
28943
29077
29211
29345
29479
29613
29747
29881
30015
30149
30283
30417
30551
30685
30819
30953
31087
31221
31355
31489
31623
31757
31891
32025
32159
32293
32427
32561
32695
32829
32963
33097
33231
33365
33499
33633
33767
33901
34035
34169
34303
34437
34571
34705
34839
34973
35107
35241
35375
35509
35643
35777
35911
36045
36179
36313
36447
36581
36715
36849
36983
37117
37251
37385
37519
37653
37787
37921
38055
38189
38323
38457
38591
38725
38859
38993
39127
39261
39395
39529
39663
39797
39931
40065
40199
40333
40467
40601
40735
40869
41003
41137
41271
41405
41539
41673
41807
41941
42075
42209
42343
42477
42611
42745
42879
43013
43147
43281
43415
43482
)
;
    flipMap         List<bool> 325{0};
}
)

// ************************************************************************* //
