/*--------------------------------*- C++ -*----------------------------------*\
| =========                 |                                                 |
| \\      /  F ield         | OpenFOAM: The Open Source CFD Toolbox           |
|  \\    /   O peration     | Version:  2412                                  |
|   \\  /    A nd           | Website:  www.openfoam.com                      |
|    \\/     M anipulation  |                                                 |
\*---------------------------------------------------------------------------*/
FoamFile
{
    version     2.0;
    format      ascii;
    arch        "LSB;label=32;scalar=64";
    class       volScalarField;
    location    "9.5";
    object      Ma;
}
// * * * * * * * * * * * * * * * * * * * * * * * * * * * * * * * * * * * * * //

dimensions      [0 0 0 0 0 0 0];

internalField   nonuniform List<scalar> 
5250
(
2.99998
2.99995
2.99981
2.99962
2.99886
2.99778
2.99347
2.9869
2.9638
2.91718
2.7958
2.47883
1.86651
0.860403
0.367351
0.345171
0.354424
0.343591
0.307158
0.253846
0.206113
0.165305
0.123562
0.0773532
0.0434842
2.99998
2.99995
2.99982
2.99963
2.99888
2.99782
2.99363
2.9871
2.96455
2.91779
2.79858
2.48222
1.87809
0.869623
0.374515
0.346819
0.355894
0.345245
0.309393
0.257121
0.210548
0.171077
0.131579
0.0908008
0.0670583
2.99998
2.99995
2.99982
2.99965
2.99892
2.99789
2.99388
2.98747
2.96582
2.91934
2.80366
2.49063
1.90143
0.88954
0.39051
0.350596
0.359563
0.349862
0.31584
0.266157
0.222441
0.186574
0.152507
0.120887
0.106053
2.99998
2.99995
2.99983
2.99966
2.99897
2.99799
2.9942
2.98798
2.96739
2.92204
2.81047
2.50487
1.93503
0.920402
0.414863
0.355341
0.364769
0.357285
0.326153
0.280279
0.240579
0.209596
0.181878
0.158189
0.148511
2.99999
2.99996
2.99984
2.99968
2.99903
2.9981
2.99455
2.98863
2.96928
2.926
2.81973
2.52521
1.98123
0.965667
0.448959
0.361242
0.37195
0.367913
0.339977
0.298679
0.263635
0.237858
0.216265
0.199037
0.193041
2.99999
2.99996
2.99985
2.99971
2.9991
2.99824
2.99495
2.9894
2.97147
2.93098
2.83177
2.5536
2.04333
1.03274
0.4961
0.370025
0.382712
0.382973
0.358179
0.321724
0.291714
0.271313
0.255742
0.24446
0.24214
2.99999
2.99996
2.99987
2.99973
2.99917
2.99838
2.99535
2.99025
2.97371
2.93659
2.84491
2.58856
2.11214
1.12596
0.555385
0.381678
0.397507
0.402846
0.381031
0.349421
0.324342
0.309447
0.300335
0.296019
0.299416
2.99999
2.99997
2.99988
2.99975
2.99925
2.99853
2.99577
2.99121
2.97616
2.94318
2.85993
2.63027
2.19403
1.25087
0.628293
0.398721
0.417821
0.428323
0.408993
0.38243
0.362405
0.353391
0.351322
0.355946
0.369992
2.99999
2.99997
2.99989
2.99978
2.99932
2.99868
2.99614
2.99221
2.9785
2.9508
2.8764
2.67795
2.28901
1.41072
0.716547
0.429538
0.449869
0.462135
0.444201
0.421441
0.405941
0.402602
0.409559
0.428721
0.465892
2.99999
2.99998
2.99991
2.99981
2.99943
2.99888
2.99679
2.99337
2.98204
2.95811
2.89556
2.72813
2.3954
1.61242
0.820087
0.480355
0.49798
0.506647
0.490411
0.469973
0.457387
0.458483
0.478001
0.523678
0.624797
3
2.99997
2.99994
2.99979
2.99958
2.99876
2.99753
2.9929
2.9854
2.96025
2.90872
2.77443
2.44684
1.76819
0.88853
0.52084
0.534142
0.543703
0.536341
0.520542
0.512755
0.521408
0.557465
0.63838
0.80329
3
2.99998
2.99993
2.99986
2.99956
2.99913
2.99744
2.99491
2.98563
2.96958
2.91911
2.80331
2.53982
1.91157
1.03385
0.588859
0.564927
0.574924
0.576928
0.568571
0.567615
0.585092
0.633749
0.727802
0.888494
3
2.99999
2.99994
2.99988
2.99961
2.99924
2.99774
2.99561
2.98719
2.97412
2.92919
2.83463
2.60541
2.04311
1.19348
0.672137
0.582749
0.597203
0.608783
0.612057
0.619401
0.643889
0.696756
0.78449
0.913732
3
2.99999
2.99995
2.9999
2.99968
2.99937
2.99814
2.99636
2.98964
2.9784
2.94222
2.8603
2.67052
2.16859
1.37424
0.7638
0.599138
0.615709
0.635706
0.650359
0.665799
0.694373
0.744856
0.820828
0.926885
3
2.99999
2.99996
2.99991
2.99973
2.99947
2.99842
2.99693
2.991
2.98209
2.95016
2.88933
2.72586
2.32833
1.59152
0.875854
0.632262
0.643614
0.663652
0.685583
0.706415
0.736832
0.784467
0.848876
0.936587
3
3
2.99997
2.99993
2.99978
2.99957
2.99872
2.99751
2.9927
2.98555
2.95943
2.9131
2.77567
2.47882
1.81784
1.00208
0.686293
0.681595
0.698796
0.720708
0.74265
0.772296
0.817477
0.874828
0.946764
3
3
2.99998
2.99995
2.99983
2.99966
2.99899
2.99804
2.99426
2.98862
2.96851
2.93015
2.82596
2.56145
2.04087
1.1304
0.751672
0.712935
0.730557
0.75096
0.774246
0.802267
0.842572
0.894974
0.956394
3
3
2.99998
2.99996
2.99987
2.99974
2.99922
2.99848
2.9956
2.99111
2.97578
2.94453
2.86208
2.6435
2.22411
1.3412
0.861229
0.741814
0.754263
0.773505
0.799436
0.828519
0.864141
0.910572
0.964681
3.00001
3
2.99999
2.99997
2.9999
2.9998
2.9994
2.99882
2.99659
2.99315
2.98121
2.95794
2.89351
2.72791
2.39506
1.63131
1.01191
0.79159
0.783852
0.797347
0.821526
0.850369
0.881954
0.921271
0.968567
3.00001
3
3
2.99997
2.99994
2.99981
2.99962
2.99888
2.99778
2.99363
2.98705
2.96448
2.92207
2.80104
2.53728
1.92478
1.16627
0.857836
0.821245
0.829647
0.848012
0.872547
0.898833
0.930317
0.9688
3.00001
3
3
2.99998
2.99996
2.99986
2.99972
2.99916
2.99835
2.99523
2.99045
2.97379
2.94179
2.85448
2.63563
2.18464
1.36754
0.947606
0.85256
0.85558
0.869926
0.890657
0.914288
0.939401
0.966597
3.00001
3.00001
3
2.99999
2.99996
2.99992
2.99974
2.99949
2.9985
2.99703
2.99154
2.98258
2.95309
2.8914
2.736
2.36151
1.63862
1.08344
0.900765
0.883221
0.890079
0.905364
0.924907
0.94345
0.959757
3.00001
3.00001
3
2.99999
2.99998
2.99993
2.99985
2.99956
2.99913
2.99751
2.99499
2.98625
2.97024
2.92293
2.8116
2.56597
1.99884
1.25051
0.961639
0.918455
0.914981
0.922099
0.932962
0.941436
0.947671
3.00001
3.00001
3
3
2.99998
2.99996
2.99988
2.99975
2.99927
2.99853
2.99596
2.99127
2.97731
2.94504
2.86724
2.65742
2.25089
1.46333
1.04917
0.940337
0.931674
0.933497
0.936749
0.935542
0.932499
3.00001
3.00001
3.00001
3
2.99999
2.99997
2.99993
2.99977
2.99954
2.99867
2.99736
2.99248
2.98466
2.95866
2.90556
2.77121
2.44199
1.80361
1.17894
0.972202
0.944014
0.937064
0.931886
0.924398
0.915476
3.00001
3.00001
3.00001
3
3
2.99998
2.99995
2.99983
2.99967
2.99903
2.9981
2.99449
2.98903
2.96945
2.93486
2.83161
2.61267
2.08661
1.36744
1.02792
0.948592
0.927518
0.916445
0.905408
0.895102
3.00001
3.00001
3.00001
3
3
2.99999
2.99996
2.99991
2.99972
2.99945
2.99841
2.99682
2.99114
2.98136
2.95084
2.88266
2.72248
2.32216
1.61216
1.12695
0.954346
0.906756
0.888266
0.877663
0.869597
3.00001
3.00001
3.00001
3
3
2.99999
2.99998
2.99992
2.99984
2.99953
2.99907
2.99735
2.99465
2.98532
2.9684
2.91849
2.80337
2.54238
1.97879
1.25503
0.957576
0.876328
0.855393
0.847018
0.844511
3.00001
3.00001
3.00001
3.00001
3
3
2.99998
2.99996
2.99986
2.99973
2.9992
2.99841
2.99555
2.99065
2.97521
2.94144
2.85704
2.63472
2.20686
1.39303
0.966129
0.820513
0.805201
0.808375
0.820424
3.00001
3.00001
3.00001
3.00001
3
3
2.99999
2.99997
2.9999
2.99979
2.99938
2.99879
2.99649
2.99303
2.98078
2.95795
2.89287
2.73013
2.40138
1.66834
1.02166
0.765252
0.752281
0.770175
0.799532
3.00001
3.00001
3.00001
3.00001
3.00001
3
2.99999
2.99997
2.99994
2.9998
2.9996
2.9988
2.99764
2.99317
2.98615
2.96172
2.91521
2.78572
2.48641
1.84809
1.02595
0.691253
0.677179
0.717694
0.766991
3.00001
3.00001
3.00001
3.00001
3.00001
3
3
2.99998
2.99995
2.99984
2.99968
2.99906
2.99813
2.99474
2.98871
2.96998
2.92664
2.8224
2.53606
1.98768
1.06069
0.629056
0.584954
0.645011
0.715635
3.00001
3.00001
3.00001
3.00001
3.00001
3
3
2.99999
2.99995
2.99989
2.99968
2.99935
2.9982
2.99605
2.98954
2.97456
2.93604
2.83434
2.6173
2.03118
1.17779
0.604772
0.494356
0.568564
0.659695
3.00001
3.00001
3.00001
3.00001
3.00001
3
3
2.99999
2.99997
2.99988
2.99977
2.9993
2.99858
2.99607
2.99119
2.977
2.94225
2.86027
2.6211
2.1746
1.23368
0.602115
0.411593
0.501626
0.608914
3.00001
3.00001
3.00001
3.00001
3.00001
3
3
2.99999
2.99997
2.99989
2.99978
2.99933
2.99869
2.99613
2.99211
2.97818
2.94901
2.87131
2.65958
2.24369
1.33612
0.622834
0.361714
0.465632
0.577787
3.00001
3.00001
3.00001
3.00001
3.00001
3
3
2.99999
2.99997
2.9999
2.99981
2.99942
2.99884
2.99672
2.99289
2.98105
2.95333
2.88457
2.69039
2.30963
1.45006
0.653931
0.340971
0.453701
0.562398
3.00001
3.00001
3.00001
3.00001
3.00001
3.00001
3
2.99999
2.99996
2.99992
2.99976
2.99952
2.99857
2.99717
2.99172
2.98297
2.95318
2.89017
2.72932
2.32295
1.55651
0.657674
0.306658
0.432993
0.540295
3.00001
3.00001
3.00001
3.00001
3.00001
3.00001
3
2.99999
2.99997
2.99993
2.99977
2.99955
2.99865
2.99733
2.99216
2.98402
2.9555
2.89839
2.74446
2.36878
1.61979
0.678028
0.290621
0.415655
0.517223
3.00001
3.00001
3.00001
3.00001
3.00001
3.00001
3
2.99999
2.99998
2.99992
2.99984
2.99953
2.99903
2.99732
2.99404
2.98439
2.96132
2.90479
2.7471
2.43126
1.69466
0.74768
0.320976
0.422459
0.511263
3.00001
3.00001
3.00001
3.00001
3.00001
3.00001
3
3
2.99997
2.99994
2.99979
2.99959
2.99876
2.99756
2.9928
2.98536
2.95928
2.90643
2.76678
2.41803
1.72051
0.749917
0.322166
0.41163
0.493681
3.00001
3.00001
3.00001
3.00001
3.00001
3.00001
3
3
2.99997
2.99994
2.99981
2.99962
2.99884
2.9977
2.99322
2.98615
2.96111
2.9105
2.77485
2.43767
1.74766
0.774615
0.331786
0.400806
0.472789
3.00001
3.00001
3.00001
3.00001
3.00001
3.00001
3
2.99999
2.99998
2.99993
2.99985
2.99955
2.9991
2.99742
2.99456
2.98532
2.96555
2.91271
2.77511
2.48445
1.79226
0.862278
0.381278
0.416782
0.475309
3.00001
3.00001
3.00001
3.00001
3.00001
3.00001
3
3
2.99998
2.99995
2.99983
2.99965
2.99899
2.9979
2.99423
2.98676
2.96583
2.91362
2.79453
2.45911
1.8281
0.836686
0.374559
0.398265
0.458892
3.00001
3.00001
3.00001
3.00001
3.00001
3.00001
3
2.99999
2.99998
2.99993
2.99985
2.99955
2.99912
2.99739
2.99477
2.98515
2.9681
2.91483
2.79065
2.50567
1.84181
0.924217
0.412072
0.412816
0.467999
3.00001
3.00001
3.00001
3.00001
3.00001
3.00001
3
2.99999
2.99998
2.99993
2.99986
2.99956
2.99914
2.99744
2.9949
2.98549
2.96887
2.91707
2.79544
2.51723
1.86284
0.94804
0.423919
0.413656
0.468012
3.00001
3.00001
3.00001
3.00001
3.00001
3.00001
3
3
2.99998
2.99995
2.99983
2.99966
2.99899
2.99798
2.99429
2.98766
2.96729
2.91907
2.80625
2.48734
1.8952
0.897865
0.411496
0.394754
0.451328
3.00001
3.00001
3.00001
3.00001
3.00001
3.00001
3
3
2.99998
2.99995
2.99983
2.99966
2.99897
2.99798
2.99412
2.9879
2.96687
2.92127
2.80757
2.49872
1.91341
0.909049
0.41636
0.388683
0.442391
3.00001
3.00001
3.00001
3.00001
3.00001
3.00001
3
3
2.99998
2.99995
2.99984
2.99967
2.99902
2.99804
2.99449
2.988
2.96828
2.92126
2.81115
2.49777
1.91915
0.910833
0.415901
0.385195
0.439596
3.00001
3.00001
3.00001
3.00001
3.00001
3.00001
3
3
2.99998
2.99994
2.99987
2.9996
2.9992
2.99769
2.99519
2.98682
2.96967
2.92164
2.80097
2.53519
1.89601
0.99662
0.458517
0.41838
0.466897
3.00001
3.00001
3.00001
3.00001
3.00001
3.00001
3
3
2.99998
2.99995
2.99984
2.99968
2.99904
2.99807
2.99458
2.98814
2.96874
2.92217
2.81343
2.50269
1.9307
0.925069
0.426126
0.38732
0.44108
0.950104
0.737307
0.246483
0.225774
0.294482
0.37802
0.408753
0.428868
0.454134
0.481171
0.500528
0.508693
0.509546
0.507284
0.502556
0.493349
0.479434
0.46165
0.441236
0.41878
0.394886
0.369742
0.343655
0.316688
0.289126
0.260883
0.231648
0.202527
0.173469
0.144762
0.116353
0.0884918
0.0612901
0.0348911
0.0154584
0.0284216
0.0526032
0.0782348
0.103027
0.127368
0.150736
0.172944
0.194236
0.216496
0.239245
0.26133
0.282573
0.30336
0.323679
0.343675
0.363234
0.382583
0.401432
0.420126
0.438389
0.456485
0.474228
0.491743
0.508996
0.526024
0.542764
0.559354
0.575616
0.591774
0.607597
0.623352
0.638759
0.654123
0.669117
0.684076
0.698644
0.713187
0.727321
0.741425
0.755144
0.768774
0.782101
0.795244
0.808161
0.820835
0.833293
0.845509
0.857456
0.869182
0.880564
0.891732
0.902475
0.912969
0.922938
0.932557
0.941553
0.950038
0.957758
0.964689
0.970611
0.975418
0.978901
0.981082
0.982125
0.985695
0.953696
0.827319
0.566321
0.411481
0.282511
0.147161
0.0399158
0.107082
0.17283
0.221418
0.248667
0.254822
0.250491
0.24511
0.240036
0.230751
0.216478
0.199376
0.180056
0.158873
0.136484
0.113381
0.0899272
0.0668564
0.0457528
0.0332577
0.0381882
0.0570513
0.0794699
0.103407
0.127407
0.151383
0.17507
0.198303
0.220928
0.242223
0.263679
0.284934
0.306212
0.326915
0.347415
0.36678
0.385568
0.40454
0.424334
0.443649
0.46226
0.480373
0.498202
0.515724
0.533036
0.549959
0.566739
0.583106
0.599364
0.615288
0.631057
0.646592
0.661916
0.677056
0.691965
0.706722
0.721246
0.735645
0.749818
0.763878
0.777711
0.79145
0.804926
0.818337
0.831449
0.844491
0.857247
0.869878
0.882292
0.894502
0.906574
0.918384
0.930084
0.941508
0.952807
0.963827
0.974682
0.98525
0.99561
1.00566
1.01545
1.02487
1.03394
1.04256
1.05075
1.05835
1.06535
1.07153
1.07686
1.0811
1.08415
1.08584
1.08663
1.08988
0.971775
0.941939
0.833249
0.73703
0.626257
0.516969
0.41004
0.313751
0.238021
0.178499
0.1314
0.0970117
0.0706179
0.0538895
0.06536
0.0708773
0.0867729
0.100853
0.11696
0.134912
0.153811
0.173731
0.194366
0.215352
0.23667
0.257954
0.278764
0.299546
0.320243
0.341081
0.361518
0.381873
0.401602
0.421216
0.439948
0.458309
0.476133
0.494012
0.511543
0.529055
0.546116
0.562564
0.578179
0.593821
0.610254
0.626593
0.642508
0.657699
0.67291
0.687622
0.70242
0.71675
0.731133
0.745099
0.759122
0.772759
0.786471
0.799804
0.81322
0.826258
0.839396
0.852157
0.865036
0.877541
0.890166
0.902423
0.914789
0.926789
0.938896
0.950613
0.962467
0.973866
0.985464
0.996531
1.00786
1.01861
1.02964
1.04009
1.05079
1.06092
1.07128
1.08109
1.09108
1.10057
1.11019
1.1193
1.12845
1.13705
1.14559
1.15354
1.16124
1.16822
1.17473
1.18032
1.18519
1.1888
1.19138
1.19248
1.19295
1.196
0.994116
1.01407
0.979698
0.928025
0.858825
0.778915
0.696999
0.617244
0.550513
0.498483
0.458184
0.427987
0.409522
0.398303
0.396617
0.39837
0.401101
0.406299
0.414259
0.424783
0.437102
0.450833
0.465675
0.48115
0.497245
0.513299
0.529235
0.544885
0.560517
0.576012
0.591292
0.606403
0.621108
0.635629
0.649521
0.663205
0.676388
0.6896
0.702488
0.715385
0.728045
0.74025
0.751792
0.763302
0.775467
0.788092
0.800405
0.812373
0.824165
0.835855
0.847499
0.859075
0.870612
0.882072
0.893497
0.904843
0.916164
0.927401
0.93862
0.949749
0.960864
0.971895
0.982901
0.993844
1.00474
1.01558
1.02635
1.03705
1.0477
1.05821
1.06872
1.07899
1.08933
1.09936
1.10951
1.11929
1.12922
1.13877
1.14852
1.15792
1.16749
1.17671
1.186
1.19496
1.20386
1.21243
1.22085
1.22892
1.23674
1.24412
1.25116
1.25758
1.2635
1.26853
1.27284
1.27592
1.27784
1.27849
1.27867
1.28156
1.00894
1.04852
1.05494
1.03317
0.996754
0.945207
0.888047
0.830918
0.783293
0.743764
0.715041
0.693992
0.682022
0.677047
0.679051
0.684158
0.688182
0.689875
0.693278
0.698458
0.704734
0.711985
0.71984
0.728276
0.736907
0.745566
0.754029
0.76243
0.770657
0.778929
0.787028
0.795159
0.803138
0.811104
0.818943
0.826752
0.834552
0.842484
0.850576
0.858911
0.867402
0.875766
0.883717
0.891764
0.900398
0.909873
0.919397
0.928861
0.938149
0.947516
0.956865
0.966357
0.975854
0.985465
0.995068
1.00477
1.01444
1.02421
1.03393
1.04375
1.05349
1.06334
1.07308
1.08294
1.0927
1.10254
1.11231
1.12208
1.13184
1.14147
1.15118
1.16063
1.17025
1.17953
1.18908
1.19832
1.20779
1.21696
1.22622
1.2352
1.24417
1.25293
1.26158
1.27006
1.27835
1.28642
1.29427
1.30179
1.30907
1.31586
1.32236
1.32817
1.33348
1.33794
1.3415
1.344
1.345
1.34522
1.34504
1.34773
1.01595
1.06361
1.08665
1.08815
1.07092
1.04075
1.0035
0.965131
0.932799
0.909504
0.893786
0.88676
0.883776
0.885186
0.887806
0.892443
0.897289
0.899923
0.899414
0.899897
0.901066
0.903151
0.905584
0.908276
0.911143
0.913938
0.916698
0.919372
0.922049
0.924819
0.927716
0.930788
0.934096
0.937553
0.941329
0.945205
0.949506
0.953962
0.958981
0.96423
0.970072
0.975802
0.981495
0.987193
0.993606
1.00084
1.00858
1.01637
1.02415
1.03202
1.03996
1.04809
1.05631
1.06472
1.07318
1.08179
1.09045
1.09923
1.10806
1.11699
1.12593
1.13497
1.14401
1.15312
1.16223
1.17137
1.18054
1.18965
1.19883
1.20786
1.21699
1.22597
1.2351
1.24409
1.25313
1.262
1.27084
1.27957
1.28823
1.29676
1.30521
1.31349
1.32169
1.32964
1.33752
1.34507
1.35246
1.35952
1.36624
1.37264
1.37845
1.38387
1.38843
1.39238
1.39518
1.39686
1.39722
1.39719
1.39646
1.39891
1.01857
1.06792
1.09745
1.10991
1.10457
1.08744
1.06313
1.03933
1.01976
1.00945
1.00577
1.00858
1.01435
1.021
1.02681
1.03133
1.03653
1.0403
1.04088
1.03812
1.03566
1.03389
1.0328
1.03199
1.03147
1.03084
1.03036
1.02974
1.02927
1.02887
1.02885
1.02912
1.02976
1.03079
1.03219
1.03398
1.03617
1.03875
1.0419
1.0454
1.04964
1.05385
1.05818
1.06246
1.0675
1.07326
1.07982
1.08649
1.09341
1.10032
1.10746
1.11467
1.12215
1.12971
1.1375
1.14537
1.1534
1.16151
1.16976
1.17808
1.18653
1.19501
1.20363
1.21222
1.22096
1.2296
1.23843
1.24708
1.25593
1.26461
1.27353
1.28222
1.29105
1.29962
1.30831
1.31675
1.32528
1.33359
1.34192
1.35007
1.35814
1.36608
1.37384
1.38149
1.38883
1.39607
1.40288
1.40953
1.41569
1.4215
1.42675
1.43138
1.43533
1.43832
1.44036
1.44092
1.4408
1.44054
1.43925
1.4414
1.01837
1.06439
1.09542
1.11201
1.11387
1.10361
1.08805
1.07367
1.06508
1.06403
1.06997
1.08056
1.0926
1.10483
1.11403
1.12082
1.12519
1.12963
1.13202
1.13115
1.12726
1.12343
1.12043
1.11786
1.11574
1.11364
1.11179
1.10969
1.10777
1.10585
1.10433
1.10304
1.10224
1.10181
1.10183
1.10235
1.10326
1.10462
1.10657
1.10891
1.11206
1.11528
1.11864
1.12199
1.12601
1.13071
1.13626
1.14208
1.14825
1.15446
1.16096
1.1675
1.17438
1.1813
1.18856
1.19584
1.20341
1.21098
1.21881
1.22662
1.23466
1.2427
1.25092
1.25913
1.26749
1.27579
1.28426
1.29263
1.30122
1.3096
1.31813
1.32648
1.33492
1.34326
1.35158
1.35986
1.36805
1.37623
1.38424
1.39228
1.40008
1.40789
1.41544
1.42287
1.43008
1.43698
1.44369
1.44992
1.45586
1.46117
1.46598
1.47002
1.47322
1.47546
1.47636
1.47639
1.47601
1.47513
1.47267
1.47403
1.01409
1.05427
1.08303
1.09746
1.10293
1.09854
1.09096
1.0854
1.08557
1.0929
1.10588
1.1218
1.1388
1.15437
1.16725
1.17651
1.18286
1.18708
1.19087
1.19283
1.19182
1.18809
1.18419
1.18079
1.1777
1.17486
1.17208
1.16933
1.16667
1.16409
1.16168
1.15952
1.15769
1.15629
1.15535
1.15488
1.15486
1.15536
1.15636
1.15784
1.16005
1.16254
1.16509
1.16773
1.1709
1.17481
1.17949
1.18461
1.19009
1.19578
1.2017
1.2078
1.21412
1.22065
1.22738
1.23431
1.24142
1.24869
1.25613
1.26367
1.2714
1.27918
1.28712
1.29508
1.30316
1.31129
1.31949
1.32768
1.33584
1.34401
1.35212
1.36027
1.36834
1.37643
1.38445
1.39244
1.40038
1.40822
1.41603
1.42368
1.43129
1.43871
1.44599
1.45309
1.45989
1.46651
1.47268
1.4786
1.48387
1.48871
1.49274
1.49603
1.49834
1.49946
1.49957
1.49922
1.49833
1.49658
1.49256
1.49286
1.00622
1.03831
1.06283
1.07591
1.08022
1.0798
1.07935
1.0825
1.09117
1.10501
1.12254
1.14246
1.16201
1.18048
1.19567
1.20786
1.21641
1.22279
1.22687
1.23041
1.2324
1.23225
1.22963
1.22621
1.22285
1.21963
1.21661
1.2137
1.2109
1.20816
1.20552
1.20305
1.20088
1.19901
1.19759
1.19652
1.19596
1.19582
1.19622
1.19713
1.19875
1.20068
1.20281
1.20498
1.2077
1.21106
1.21521
1.21981
1.22487
1.23018
1.23582
1.24161
1.24771
1.25393
1.26043
1.26709
1.27392
1.28098
1.28812
1.29552
1.30298
1.31066
1.31842
1.32628
1.33432
1.34227
1.35036
1.35834
1.3664
1.37444
1.38244
1.39053
1.39846
1.40655
1.41439
1.42238
1.43013
1.43793
1.44556
1.45309
1.46053
1.46772
1.47485
1.48158
1.4882
1.49433
1.50024
1.5055
1.51032
1.51434
1.5176
1.51992
1.52105
1.5212
1.5208
1.51986
1.51808
1.51485
1.50955
1.50857
0.994191
1.01702
1.03478
1.04596
1.05208
1.05674
1.06332
1.07346
1.0884
1.10703
1.12778
1.14938
1.17054
1.19004
1.2074
1.22175
1.23347
1.24239
1.24939
1.25434
1.25802
1.2607
1.26166
1.26035
1.25749
1.25438
1.2512
1.24814
1.24519
1.24247
1.23981
1.23737
1.23505
1.23305
1.23129
1.22995
1.22899
1.2285
1.22849
1.22903
1.2302
1.23181
1.23358
1.23546
1.23777
1.24075
1.24445
1.24867
1.2533
1.25834
1.26363
1.26924
1.27504
1.28107
1.28731
1.29371
1.30034
1.30708
1.31406
1.32113
1.32842
1.33579
1.34334
1.35099
1.35866
1.3664
1.37413
1.38194
1.38972
1.39757
1.40539
1.41323
1.42106
1.42884
1.43662
1.44431
1.45197
1.45951
1.46695
1.47429
1.48142
1.48845
1.49515
1.5017
1.50781
1.5137
1.51896
1.52377
1.52779
1.53106
1.53336
1.53455
1.53471
1.5343
1.53346
1.53148
1.52807
1.52352
1.51769
1.51652
0.977043
0.991868
1.00372
1.01365
1.0227
1.0333
1.04648
1.06304
1.08244
1.10372
1.12612
1.14845
1.17012
1.19028
1.20882
1.22511
1.23917
1.2508
1.26042
1.26792
1.27384
1.27788
1.28085
1.28254
1.28276
1.28105
1.2787
1.27591
1.27323
1.27053
1.26811
1.26588
1.26383
1.26204
1.26041
1.25914
1.25812
1.25756
1.2574
1.25773
1.25865
1.26006
1.26159
1.26326
1.26528
1.26793
1.2713
1.27513
1.27946
1.28415
1.28919
1.29456
1.30014
1.30604
1.31206
1.31838
1.3248
1.33144
1.33823
1.34516
1.3523
1.35953
1.36695
1.37435
1.38188
1.38942
1.397
1.40465
1.41223
1.41995
1.42754
1.43526
1.44285
1.45051
1.45808
1.4656
1.47309
1.48039
1.48769
1.49466
1.50163
1.50816
1.5146
1.52055
1.52627
1.53143
1.53605
1.54
1.54307
1.54528
1.5463
1.54641
1.546
1.54492
1.54292
1.53917
1.53426
1.52929
1.52366
1.5227
0.954872
0.963025
0.971616
0.982209
0.995418
1.01178
1.03089
1.05175
1.07397
1.09676
1.11959
1.14188
1.16336
1.18375
1.2029
1.22058
1.23646
1.25049
1.26263
1.273
1.28158
1.28844
1.29353
1.29716
1.29958
1.30089
1.30057
1.299
1.29718
1.29466
1.29232
1.29029
1.28836
1.28685
1.28528
1.28415
1.28307
1.28248
1.28212
1.28235
1.28307
1.28426
1.28563
1.28716
1.28893
1.29139
1.29444
1.29799
1.302
1.30633
1.31116
1.31618
1.32163
1.32725
1.33315
1.33926
1.34551
1.35202
1.3586
1.36544
1.3724
1.37952
1.38671
1.39397
1.40136
1.40874
1.41626
1.42372
1.4313
1.43881
1.44638
1.4539
1.46141
1.4689
1.47629
1.4837
1.49091
1.49812
1.50505
1.51193
1.51844
1.52479
1.53068
1.53631
1.54141
1.54593
1.54977
1.55274
1.55483
1.55571
1.55576
1.55529
1.55423
1.55181
1.54806
1.54297
1.53771
1.53305
1.52816
1.52767
0.931447
0.934625
0.942561
0.955737
0.973796
0.994842
1.01799
1.04173
1.06531
1.08839
1.11098
1.13283
1.15409
1.17447
1.19417
1.21282
1.23025
1.24621
1.26066
1.27337
1.28439
1.29372
1.30136
1.30738
1.31179
1.31471
1.31675
1.31755
1.31741
1.31612
1.31431
1.31246
1.31074
1.30931
1.3079
1.30691
1.30597
1.30551
1.30522
1.30548
1.30618
1.30727
1.30865
1.31007
1.31181
1.31412
1.317
1.32041
1.32412
1.32836
1.33289
1.33784
1.34309
1.34859
1.35437
1.3603
1.36649
1.37279
1.37931
1.38598
1.39279
1.39968
1.40663
1.41371
1.42081
1.42802
1.43523
1.44251
1.4498
1.45709
1.4644
1.47165
1.47894
1.4861
1.4933
1.50031
1.5073
1.51408
1.52073
1.5271
1.53322
1.53897
1.54437
1.54932
1.55364
1.55731
1.56007
1.56198
1.56265
1.56259
1.5621
1.5608
1.55823
1.55403
1.54897
1.54375
1.53876
1.53506
1.53104
1.53127
0.909465
0.909858
0.918959
0.935986
0.958145
0.982464
1.0073
1.03166
1.05545
1.07819
1.10039
1.12178
1.14287
1.16332
1.18341
1.20275
1.2215
1.23895
1.25521
1.26988
1.28311
1.29466
1.30465
1.31295
1.31975
1.32502
1.32882
1.33135
1.33322
1.33407
1.33396
1.33297
1.33176
1.33056
1.32947
1.32866
1.32809
1.32781
1.32785
1.32823
1.32901
1.33023
1.33166
1.33312
1.33494
1.33716
1.34001
1.3432
1.3468
1.3508
1.35514
1.35988
1.36487
1.37021
1.37574
1.38155
1.38751
1.39369
1.40005
1.40653
1.41311
1.41974
1.42649
1.43328
1.44014
1.44707
1.45401
1.46104
1.46801
1.47509
1.48205
1.4891
1.49602
1.50297
1.50977
1.51651
1.5231
1.5295
1.5357
1.54156
1.54714
1.55224
1.55702
1.56105
1.56449
1.56694
1.56862
1.569
1.56877
1.56815
1.56658
1.56373
1.55902
1.55404
1.54863
1.54411
1.53992
1.53737
1.53448
1.53532
0.889487
0.890825
0.904179
0.926248
0.951183
0.976689
1.00133
1.02489
1.04726
1.06887
1.08989
1.11071
1.13129
1.1518
1.17199
1.19195
1.21135
1.22996
1.2475
1.26382
1.27888
1.29241
1.3047
1.31532
1.32466
1.33232
1.33868
1.3435
1.34719
1.34975
1.35187
1.35304
1.35321
1.35276
1.35218
1.35171
1.35146
1.35143
1.35169
1.35229
1.35322
1.35457
1.35607
1.35765
1.35949
1.36169
1.36444
1.36745
1.37092
1.37465
1.37882
1.38325
1.38805
1.39311
1.39845
1.40403
1.40981
1.4158
1.42195
1.42819
1.43454
1.44096
1.44749
1.45406
1.46074
1.46743
1.4742
1.48096
1.48774
1.49452
1.50122
1.50799
1.51454
1.52118
1.52752
1.53392
1.53991
1.54589
1.55134
1.55664
1.56138
1.56581
1.56954
1.57258
1.57472
1.57592
1.57612
1.57573
1.57475
1.57289
1.56922
1.56465
1.55908
1.55409
1.54921
1.54568
1.54264
1.54124
1.5394
1.54081
0.868076
0.877302
0.898132
0.924072
0.950034
0.975025
0.998493
1.02056
1.04148
1.06175
1.08173
1.10171
1.12183
1.14201
1.16227
1.18237
1.20228
1.22158
1.24017
1.2578
1.27441
1.28987
1.30408
1.31694
1.32854
1.33865
1.34749
1.35484
1.3609
1.36562
1.3694
1.37234
1.37453
1.37584
1.37635
1.37637
1.37634
1.37639
1.37667
1.37726
1.37811
1.37947
1.38087
1.38246
1.3841
1.38623
1.38871
1.39155
1.39474
1.39822
1.40212
1.40628
1.41085
1.41566
1.4208
1.42618
1.43177
1.43764
1.44358
1.44968
1.45582
1.46208
1.46841
1.47476
1.48128
1.48767
1.49431
1.50072
1.50738
1.51378
1.52035
1.52669
1.53307
1.53923
1.5453
1.55115
1.55675
1.56209
1.56695
1.57151
1.57551
1.57902
1.5816
1.58348
1.58414
1.58413
1.58351
1.58233
1.57968
1.57589
1.57058
1.56535
1.55999
1.55563
1.55187
1.54951
1.54781
1.54728
1.54649
1.54856
0.852501
0.872592
0.899096
0.926606
0.952311
0.975899
0.997735
1.01826
1.03798
1.05726
1.07656
1.09597
1.11567
1.13553
1.15559
1.17561
1.19565
1.21528
1.23459
1.25305
1.27094
1.28768
1.30362
1.31828
1.3319
1.34416
1.35525
1.3649
1.37333
1.38026
1.38602
1.39085
1.39457
1.3972
1.39911
1.40041
1.4009
1.4011
1.40129
1.40162
1.40223
1.40325
1.40457
1.40593
1.40739
1.40931
1.4115
1.41415
1.41702
1.42031
1.42391
1.42786
1.4322
1.43678
1.44177
1.44694
1.45248
1.45814
1.46394
1.46991
1.47586
1.48205
1.48811
1.49442
1.50059
1.50695
1.51321
1.51954
1.52584
1.53208
1.53831
1.54438
1.55044
1.55622
1.56194
1.56727
1.57243
1.57704
1.58138
1.5851
1.58837
1.59064
1.5922
1.59256
1.59225
1.59154
1.58985
1.58691
1.58219
1.57698
1.57135
1.56626
1.56176
1.55838
1.55597
1.55477
1.5542
1.55439
1.55439
1.55682
0.843213
0.871486
0.900933
0.928577
0.953447
0.975931
0.9966
1.01613
1.03512
1.0539
1.07282
1.092
1.11145
1.13117
1.15105
1.17106
1.19106
1.21097
1.23056
1.24969
1.26826
1.28608
1.30315
1.31923
1.3344
1.34839
1.36132
1.37295
1.38341
1.39242
1.40015
1.40654
1.41214
1.41645
1.41948
1.42162
1.42322
1.42431
1.42481
1.4251
1.42549
1.42617
1.42727
1.4284
1.42972
1.43127
1.43327
1.43564
1.43828
1.44129
1.44459
1.44829
1.45231
1.45666
1.46137
1.46631
1.47164
1.47703
1.4827
1.4884
1.49427
1.50018
1.50617
1.51222
1.51826
1.5244
1.53044
1.53659
1.54257
1.54863
1.55446
1.5603
1.56585
1.57132
1.57639
1.58126
1.58558
1.58955
1.59298
1.59585
1.59783
1.59892
1.59906
1.5986
1.59752
1.59551
1.59172
1.58692
1.58129
1.57585
1.57065
1.56637
1.56311
1.56082
1.55986
1.5595
1.55997
1.56065
1.56115
1.56365
0.836722
0.871123
0.901753
0.928803
0.952708
0.974179
0.994191
1.01329
1.03206
1.05078
1.06966
1.08877
1.10816
1.12774
1.14754
1.16744
1.18746
1.20742
1.2272
1.24665
1.2657
1.28418
1.30201
1.31909
1.33532
1.35065
1.36499
1.37826
1.39035
1.4012
1.4108
1.41893
1.426
1.43209
1.43699
1.4405
1.44303
1.4448
1.44607
1.44696
1.44742
1.44783
1.44853
1.44944
1.45049
1.45165
1.45321
1.45521
1.4576
1.46039
1.46349
1.46701
1.47081
1.47502
1.47952
1.48434
1.48942
1.49462
1.5001
1.50558
1.51135
1.51702
1.52297
1.52877
1.53478
1.54065
1.54662
1.55246
1.55831
1.56401
1.56962
1.57504
1.58024
1.5852
1.58974
1.59392
1.59748
1.6007
1.6031
1.60484
1.60535
1.60523
1.6046
1.60306
1.60037
1.59596
1.59075
1.58508
1.57949
1.57455
1.57027
1.56726
1.56515
1.56429
1.5643
1.56492
1.56573
1.56705
1.56813
1.57069
0.819403
0.861334
0.894552
0.922002
0.945889
0.967474
0.987806
1.00744
1.02673
1.04593
1.06517
1.0845
1.104
1.12361
1.1434
1.16327
1.18325
1.20322
1.22314
1.24276
1.2621
1.28095
1.29935
1.31709
1.33421
1.35051
1.36602
1.38053
1.39406
1.40643
1.41757
1.42746
1.43596
1.44341
1.44996
1.45519
1.45913
1.46197
1.46391
1.46516
1.46595
1.46647
1.46685
1.46734
1.46799
1.46873
1.46978
1.4712
1.47325
1.47567
1.47855
1.48185
1.4854
1.48948
1.49366
1.49842
1.50315
1.50837
1.51356
1.51912
1.52467
1.53045
1.53622
1.54213
1.54801
1.55392
1.55978
1.56556
1.57127
1.57678
1.58217
1.58722
1.5921
1.59644
1.60049
1.6038
1.60678
1.60895
1.61032
1.61061
1.61032
1.60948
1.60754
1.60412
1.59933
1.59377
1.58816
1.5826
1.57781
1.57374
1.57088
1.56905
1.56828
1.56852
1.56916
1.57012
1.5715
1.57378
1.57553
1.5782
0.782937
0.832407
0.869501
0.899543
0.925928
0.950253
0.973056
0.994772
1.01577
1.03632
1.05657
1.07663
1.09662
1.11656
1.13657
1.1566
1.17669
1.19678
1.21681
1.23661
1.25612
1.27527
1.29403
1.31226
1.32996
1.34696
1.36325
1.37869
1.39323
1.40674
1.4192
1.4305
1.44054
1.44932
1.45696
1.46376
1.46903
1.4729
1.47576
1.47768
1.47893
1.47967
1.48012
1.48048
1.48087
1.48135
1.48197
1.48289
1.48433
1.48626
1.4888
1.49164
1.49507
1.49871
1.5029
1.50726
1.51201
1.51696
1.52219
1.52762
1.53322
1.53896
1.54482
1.55073
1.55668
1.56261
1.56849
1.57427
1.5799
1.58537
1.5905
1.59543
1.59979
1.60383
1.60706
1.60993
1.61198
1.61314
1.61333
1.61312
1.6121
1.60967
1.60564
1.6007
1.59504
1.58954
1.58419
1.57965
1.57588
1.57317
1.57161
1.57095
1.57129
1.57198
1.57296
1.57449
1.57666
1.57946
1.5816
1.58426
0.737076
0.79147
0.831525
0.864319
0.893481
0.920626
0.94637
0.971055
0.994686
1.01745
1.03949
1.06094
1.08202
1.10283
1.12349
1.14406
1.16451
1.18499
1.20534
1.22554
1.24538
1.26489
1.28398
1.30257
1.32066
1.33807
1.3549
1.37088
1.38614
1.40041
1.41381
1.42609
1.43736
1.44735
1.45619
1.46396
1.47091
1.47643
1.48068
1.48376
1.4859
1.48723
1.48788
1.48825
1.48843
1.48862
1.48888
1.48942
1.4903
1.49169
1.49363
1.49613
1.4991
1.50256
1.50639
1.51058
1.51509
1.51993
1.52502
1.53038
1.53593
1.54167
1.54751
1.55345
1.5594
1.56532
1.57118
1.57688
1.58241
1.58768
1.59261
1.59715
1.60114
1.60453
1.60733
1.60942
1.61063
1.61104
1.61091
1.60963
1.60684
1.60241
1.59747
1.592
1.5867
1.58168
1.57739
1.574
1.57152
1.57026
1.5698
1.57025
1.571
1.57204
1.5736
1.57592
1.57864
1.58171
1.58403
1.58674
0.687762
0.742091
0.783695
0.819683
0.852596
0.883421
0.912327
0.939578
0.965392
0.989985
1.01366
1.03655
1.05891
1.0808
1.10242
1.12376
1.14494
1.1659
1.18669
1.20726
1.22741
1.24714
1.26639
1.28521
1.3035
1.32131
1.3385
1.3551
1.37091
1.386
1.40018
1.41356
1.42586
1.43716
1.44718
1.45605
1.46391
1.47082
1.47634
1.48067
1.48383
1.48609
1.48756
1.48846
1.48901
1.48937
1.48972
1.49019
1.4909
1.492
1.49356
1.4957
1.49831
1.50149
1.50504
1.50908
1.51339
1.51814
1.52311
1.52847
1.53397
1.53977
1.54561
1.55161
1.55757
1.56352
1.56936
1.57497
1.58038
1.58537
1.59
1.59402
1.59739
1.60016
1.60212
1.60322
1.60377
1.60356
1.60168
1.59845
1.59404
1.58912
1.58385
1.57876
1.57412
1.57011
1.56715
1.56494
1.56396
1.5637
1.56433
1.56509
1.56622
1.56783
1.57014
1.57294
1.57592
1.5791
1.58154
1.58421
0.648935
0.698211
0.738609
0.775671
0.810544
0.843401
0.87437
0.903553
0.931246
0.957561
0.982782
1.00704
1.03054
1.05339
1.07571
1.09764
1.11921
1.14056
1.16163
1.18255
1.203
1.22303
1.24266
1.2618
1.28058
1.29871
1.31646
1.33344
1.34985
1.36544
1.38038
1.39443
1.40744
1.41934
1.43021
1.44007
1.44894
1.45711
1.46433
1.47038
1.47532
1.47922
1.48215
1.48423
1.48565
1.4866
1.48726
1.48783
1.48845
1.48927
1.49042
1.49204
1.4941
1.49672
1.49977
1.50328
1.50718
1.51145
1.51609
1.52102
1.52625
1.5317
1.53733
1.54307
1.54885
1.55457
1.56026
1.56559
1.57085
1.57542
1.57976
1.58309
1.58601
1.58806
1.58946
1.59025
1.58968
1.58744
1.58406
1.57975
1.57498
1.57007
1.56523
1.56106
1.55733
1.55476
1.55283
1.55208
1.5521
1.55279
1.55374
1.55487
1.55656
1.55886
1.56162
1.56463
1.56778
1.57103
1.57357
1.57625
0.622493
0.662419
0.698055
0.733353
0.768195
0.801642
0.83365
0.863937
0.892819
0.920212
0.946485
0.971616
0.995939
1.01948
1.04246
1.06496
1.08707
1.10884
1.13025
1.15136
1.17214
1.19249
1.21234
1.23175
1.25072
1.26913
1.28702
1.30424
1.32095
1.33696
1.35218
1.36665
1.38055
1.394
1.40669
1.41871
1.42965
1.43984
1.44903
1.45716
1.46402
1.46968
1.47425
1.47769
1.48025
1.482
1.48321
1.48404
1.48467
1.48532
1.48613
1.48723
1.48878
1.49072
1.49322
1.49615
1.49952
1.50337
1.50749
1.51212
1.51678
1.52196
1.52698
1.53245
1.53759
1.54298
1.54791
1.55276
1.55706
1.56088
1.56411
1.56645
1.56848
1.56981
1.57024
1.56914
1.56648
1.56297
1.55873
1.55401
1.54938
1.54478
1.54099
1.53765
1.53535
1.53385
1.53327
1.53359
1.53453
1.5356
1.53691
1.53868
1.54102
1.54382
1.54683
1.55007
1.55337
1.55675
1.5594
1.5621
0.593741
0.627938
0.660344
0.693637
0.726988
0.759526
0.790945
0.821196
0.850207
0.878048
0.904796
0.930575
0.955541
0.979776
1.00344
1.02651
1.04911
1.07123
1.09295
1.11431
1.13539
1.15609
1.1763
1.19612
1.21546
1.23433
1.25272
1.27064
1.28807
1.30508
1.32169
1.33794
1.35365
1.36883
1.3832
1.39684
1.40939
1.42104
1.43156
1.44128
1.44977
1.45696
1.46302
1.46777
1.47146
1.47413
1.476
1.4772
1.47803
1.47865
1.47922
1.47989
1.48088
1.48223
1.48405
1.48631
1.4891
1.49227
1.49591
1.49987
1.50414
1.50869
1.51332
1.51809
1.52269
1.52725
1.53146
1.53536
1.53877
1.54151
1.54377
1.54565
1.54667
1.54656
1.54482
1.54218
1.53843
1.53427
1.52952
1.52501
1.52055
1.51682
1.51374
1.51144
1.51021
1.5096
1.51007
1.51108
1.51225
1.51368
1.5154
1.51789
1.52055
1.5238
1.52692
1.53053
1.53388
1.53759
1.54025
1.54321
0.566381
0.5981
0.62799
0.658664
0.689365
0.719826
0.749665
0.778823
0.807169
0.834621
0.861292
0.887087
0.912224
0.936616
0.960423
0.983668
1.00641
1.02873
1.0507
1.07229
1.09369
1.11469
1.13528
1.15553
1.17536
1.19499
1.21426
1.23335
1.25213
1.2706
1.28861
1.30609
1.32286
1.3389
1.35412
1.36846
1.382
1.39459
1.40624
1.41715
1.42711
1.43588
1.4437
1.45017
1.45556
1.45989
1.463
1.46532
1.46685
1.46784
1.46854
1.46899
1.46958
1.4702
1.47118
1.47258
1.47444
1.47677
1.47977
1.48296
1.48671
1.49054
1.49484
1.49901
1.50346
1.5075
1.51152
1.51487
1.51782
1.52041
1.52225
1.5231
1.52243
1.52066
1.51787
1.51407
1.51001
1.50519
1.50091
1.49644
1.49292
1.48991
1.48767
1.48652
1.4858
1.4863
1.48726
1.48845
1.48971
1.4914
1.49354
1.49619
1.4991
1.50227
1.5056
1.5091
1.51261
1.51621
1.51897
1.5218
0.5553
0.584041
0.609915
0.635918
0.662619
0.689697
0.717016
0.744043
0.77075
0.796884
0.822482
0.84747
0.871896
0.895787
0.919177
0.942155
0.964707
0.986898
1.00878
1.03033
1.05168
1.07287
1.09395
1.11481
1.13556
1.15614
1.17647
1.19654
1.21613
1.2353
1.25386
1.27193
1.28935
1.30632
1.32267
1.33848
1.35371
1.36811
1.38188
1.39461
1.4065
1.41736
1.42698
1.43539
1.44254
1.44842
1.45298
1.45642
1.45886
1.46027
1.46114
1.46151
1.46156
1.46166
1.46213
1.46292
1.46407
1.46576
1.46809
1.4707
1.47377
1.47689
1.48034
1.48369
1.48721
1.49035
1.49328
1.4959
1.49807
1.49915
1.49949
1.49817
1.49597
1.49267
1.48869
1.48419
1.47912
1.47455
1.46974
1.46609
1.46275
1.46046
1.45893
1.45809
1.45821
1.45903
1.46008
1.46125
1.46268
1.46471
1.46703
1.46998
1.47288
1.47623
1.47962
1.48312
1.48676
1.49018
1.49304
1.4956
0.54148
0.572017
0.596225
0.619399
0.643274
0.667835
0.692741
0.717677
0.742427
0.766931
0.791067
0.81491
0.838387
0.861516
0.884302
0.906723
0.928852
0.950737
0.972484
0.994191
1.01587
1.03769
1.05944
1.08114
1.10259
1.12382
1.1447
1.16521
1.18539
1.20518
1.22468
1.24379
1.26259
1.28097
1.29889
1.31622
1.33289
1.34881
1.36387
1.37798
1.39119
1.40347
1.41456
1.42455
1.43326
1.44056
1.44662
1.45135
1.45474
1.45682
1.45807
1.4586
1.45862
1.45864
1.45882
1.45912
1.45979
1.46095
1.46251
1.46433
1.46648
1.46874
1.47084
1.47288
1.47477
1.47634
1.47731
1.47742
1.47703
1.47569
1.47318
1.46976
1.4652
1.46034
1.45476
1.44932
1.44404
1.43903
1.43511
1.43145
1.42918
1.42733
1.42655
1.42637
1.42715
1.42828
1.42944
1.43086
1.43262
1.43506
1.43755
1.44065
1.44353
1.44703
1.45019
1.45397
1.45727
1.4611
1.46364
1.46663
0.526232
0.559792
0.583712
0.605329
0.627514
0.650443
0.673718
0.69701
0.720248
0.743311
0.766273
0.788994
0.8115
0.833757
0.855849
0.87781
0.899799
0.921831
0.943957
0.966181
0.988399
1.01062
1.03274
1.05468
1.07639
1.09787
1.11914
1.14021
1.16116
1.18183
1.20241
1.22253
1.2424
1.26168
1.28052
1.2987
1.31628
1.33312
1.34919
1.3645
1.37893
1.39249
1.4049
1.41625
1.42636
1.43504
1.44227
1.44792
1.45225
1.45541
1.4576
1.45882
1.4594
1.45961
1.45999
1.4602
1.46037
1.46086
1.46137
1.46219
1.46303
1.46381
1.46444
1.46474
1.46473
1.46429
1.4631
1.46109
1.45816
1.4544
1.44957
1.44407
1.43811
1.43158
1.42554
1.4193
1.41423
1.40949
1.4059
1.40312
1.40103
1.40004
1.3993
1.39977
1.40062
1.40164
1.40277
1.40418
1.40604
1.40832
1.41074
1.41372
1.41656
1.41999
1.42317
1.42705
1.43044
1.43456
1.43721
1.44076
0.532139
0.564456
0.5847
0.602562
0.621628
0.642089
0.663286
0.684838
0.706615
0.728388
0.750144
0.771825
0.793387
0.815016
0.836672
0.858549
0.880567
0.902808
0.925116
0.947487
0.969844
0.992103
1.01442
1.0365
1.05864
1.08055
1.10249
1.1242
1.14582
1.16708
1.1881
1.20867
1.22888
1.24856
1.26775
1.28637
1.30445
1.32186
1.33868
1.35469
1.36982
1.3841
1.39738
1.4095
1.42036
1.42986
1.43828
1.44535
1.45131
1.45597
1.45954
1.46195
1.46341
1.46394
1.46441
1.4647
1.46453
1.46395
1.46323
1.46252
1.46169
1.46079
1.45959
1.45809
1.45595
1.4533
1.44987
1.44578
1.44078
1.43491
1.4285
1.42143
1.41434
1.40726
1.40062
1.3947
1.38956
1.38542
1.38206
1.37987
1.37803
1.37733
1.37689
1.37747
1.37826
1.37909
1.38005
1.38138
1.38321
1.38531
1.3879
1.39054
1.3937
1.39713
1.40054
1.40476
1.40838
1.41304
1.41593
1.42006
0.521421
0.556698
0.577855
0.595714
0.614338
0.63425
0.655056
0.676158
0.697384
0.718597
0.73977
0.761029
0.782348
0.803912
0.825745
0.847807
0.870122
0.892505
0.914978
0.937388
0.95983
0.982166
1.00458
1.02689
1.04924
1.07141
1.0935
1.11534
1.13694
1.1582
1.17913
1.19963
1.21975
1.23943
1.25873
1.27758
1.29602
1.31382
1.33113
1.34759
1.36338
1.37816
1.39206
1.40486
1.41668
1.42753
1.43735
1.44598
1.45349
1.45975
1.46475
1.46849
1.47086
1.47184
1.47239
1.4724
1.47165
1.47032
1.4684
1.46637
1.464
1.46144
1.45851
1.4551
1.45116
1.44651
1.4411
1.43498
1.42795
1.4204
1.41238
1.4043
1.39644
1.38898
1.38237
1.37658
1.37164
1.36794
1.36469
1.36271
1.36099
1.36025
1.3597
1.3601
1.36059
1.36101
1.36176
1.36298
1.36471
1.36673
1.36934
1.37198
1.37532
1.37871
1.38262
1.3868
1.39089
1.39542
1.39843
1.40244
0.527243
0.559673
0.578074
0.593582
0.610555
0.629337
0.649252
0.669732
0.690443
0.711443
0.732554
0.753987
0.775623
0.797553
0.819739
0.842054
0.864455
0.886883
0.909278
0.93172
0.954144
0.976622
0.99907
1.02149
1.04376
1.06588
1.08773
1.10933
1.1306
1.15158
1.17221
1.19261
1.21263
1.2324
1.25175
1.27076
1.28924
1.30731
1.3247
1.34157
1.35763
1.37308
1.38766
1.40161
1.41458
1.42674
1.43782
1.44794
1.45685
1.46454
1.4708
1.47566
1.47891
1.48046
1.48082
1.48087
1.48025
1.47845
1.47584
1.47252
1.46904
1.46489
1.46054
1.45536
1.44964
1.44303
1.43579
1.42764
1.41901
1.40993
1.40082
1.39203
1.38368
1.37626
1.36969
1.36412
1.35962
1.35593
1.35298
1.35097
1.34916
1.34824
1.34757
1.3477
1.34771
1.34794
1.3487
1.34986
1.35159
1.35366
1.35636
1.35928
1.3627
1.36634
1.37025
1.37444
1.37848
1.38277
1.38571
1.38934
0.525902
0.556866
0.573821
0.588195
0.604282
0.622451
0.641935
0.662297
0.683101
0.704399
0.725946
0.747811
0.76988
0.792059
0.814398
0.836709
0.859132
0.881573
0.904076
0.926578
0.949086
0.97155
0.993946
1.01631
1.03841
1.0604
1.08205
1.10351
1.12466
1.14564
1.16631
1.1868
1.20693
1.22689
1.24636
1.2656
1.28421
1.30253
1.32008
1.33735
1.35378
1.36987
1.38517
1.39994
1.41396
1.42709
1.4394
1.45055
1.46054
1.46931
1.47649
1.48235
1.48644
1.4887
1.48931
1.48951
1.48911
1.48722
1.48433
1.48
1.47552
1.46992
1.46401
1.45708
1.44959
1.44122
1.43216
1.42254
1.41252
1.40247
1.3927
1.38343
1.37502
1.3675
1.36096
1.35551
1.35088
1.34715
1.34422
1.34185
1.34008
1.33905
1.33834
1.33831
1.33844
1.33888
1.33974
1.34109
1.34317
1.34552
1.34839
1.35162
1.35508
1.3589
1.36275
1.36692
1.3708
1.37494
1.37774
1.38116
0.510927
0.543911
0.562658
0.578397
0.595552
0.614703
0.635093
0.656382
0.678073
0.700119
0.722362
0.744729
0.767225
0.789664
0.812229
0.834745
0.8574
0.880026
0.902773
0.925421
0.948157
0.970715
0.993205
1.01552
1.03754
1.05944
1.08099
1.10239
1.12345
1.14433
1.16485
1.18519
1.20508
1.22485
1.24397
1.26307
1.28139
1.29974
1.31732
1.33479
1.35162
1.36813
1.38412
1.39948
1.41432
1.4282
1.44134
1.45334
1.46426
1.47381
1.48209
1.48868
1.49383
1.49689
1.498
1.4983
1.49801
1.49632
1.49298
1.48801
1.48216
1.47525
1.46753
1.45894
1.4496
1.43957
1.42903
1.41816
1.40731
1.39669
1.38671
1.37741
1.36915
1.36176
1.3554
1.34999
1.34533
1.34159
1.33847
1.336
1.33422
1.33305
1.3324
1.33247
1.33274
1.33326
1.33439
1.33591
1.33824
1.34055
1.34358
1.34677
1.35012
1.35399
1.35761
1.3618
1.36551
1.36969
1.37237
1.37583
0.500792
0.534339
0.554454
0.571736
0.590484
0.611198
0.633053
0.655488
0.678092
0.700694
0.723347
0.745905
0.768604
0.79129
0.814102
0.836935
0.85979
0.882584
0.905372
0.927983
0.950608
0.972984
0.995296
1.01743
1.03939
1.06121
1.08274
1.10409
1.12503
1.1457
1.16585
1.18566
1.2049
1.22389
1.24229
1.26071
1.27858
1.29666
1.31424
1.33187
1.34915
1.36603
1.38271
1.39857
1.41409
1.42852
1.4423
1.45489
1.46652
1.47675
1.48589
1.49327
1.49935
1.50327
1.50504
1.50541
1.50533
1.50392
1.50047
1.49486
1.4879
1.47959
1.47021
1.45991
1.44885
1.43739
1.42553
1.41386
1.40236
1.39158
1.38149
1.37241
1.36426
1.35715
1.35091
1.34563
1.34109
1.33734
1.33428
1.33189
1.33011
1.32911
1.32861
1.32871
1.32907
1.32972
1.33094
1.33252
1.33478
1.33706
1.33993
1.34307
1.34607
1.34994
1.35329
1.35747
1.36103
1.36531
1.36801
1.37164
0.497649
0.52996
0.54918
0.566429
0.585953
0.607749
0.630689
0.65375
0.676741
0.699489
0.722372
0.74535
0.768593
0.791927
0.815222
0.838468
0.861436
0.884286
0.90697
0.929522
0.952045
0.974395
0.996679
1.01874
1.0407
1.06242
1.08393
1.10515
1.12591
1.14627
1.166
1.18529
1.20399
1.22249
1.24052
1.25866
1.27639
1.29437
1.312
1.32972
1.34725
1.36432
1.38131
1.39736
1.41318
1.42796
1.44213
1.4552
1.46742
1.47822
1.48816
1.49622
1.50313
1.50788
1.5103
1.51083
1.51098
1.50985
1.50641
1.50042
1.49248
1.48294
1.47208
1.46017
1.44766
1.43487
1.4221
1.40981
1.398
1.38717
1.37717
1.36822
1.36023
1.35316
1.34696
1.34163
1.33707
1.33325
1.33028
1.32786
1.32633
1.32537
1.32523
1.3255
1.326
1.32683
1.32827
1.32999
1.33231
1.33466
1.33749
1.34065
1.34367
1.34752
1.35097
1.35522
1.35885
1.3633
1.36611
1.36998
0.518833
0.543566
0.555318
0.566362
0.581267
0.599601
0.620134
0.641617
0.663864
0.686508
0.709746
0.733419
0.757388
0.781465
0.805299
0.828954
0.852106
0.875104
0.897816
0.920443
0.942962
0.965371
0.987699
1.00987
1.03198
1.05384
1.07559
1.09697
1.11802
1.13865
1.15876
1.1785
1.19771
1.21673
1.2353
1.25392
1.27216
1.29055
1.30863
1.32665
1.34454
1.36189
1.37925
1.39566
1.41193
1.42724
1.44197
1.45569
1.46866
1.48012
1.491
1.49976
1.50765
1.51319
1.51642
1.51731
1.5179
1.51712
1.51391
1.5079
1.49937
1.48903
1.47713
1.46416
1.45063
1.43694
1.42357
1.41089
1.39895
1.38811
1.37814
1.3692
1.36118
1.35398
1.34762
1.34211
1.33727
1.33332
1.33004
1.32764
1.3259
1.32503
1.32493
1.32515
1.32567
1.32653
1.32809
1.32978
1.33215
1.33445
1.33726
1.34035
1.3433
1.34712
1.35049
1.35469
1.35826
1.36268
1.36544
1.36929
0.498222
0.529011
0.546617
0.56249
0.581241
0.602418
0.624814
0.647415
0.670263
0.693252
0.716644
0.740314
0.764158
0.788038
0.811622
0.835059
0.857984
0.880851
0.903458
0.926127
0.948692
0.971243
0.993634
1.01587
1.03798
1.05977
1.08143
1.10259
1.1234
1.14362
1.16329
1.18249
1.20118
1.21964
1.2378
1.25592
1.2739
1.29189
1.30977
1.32749
1.34517
1.36226
1.37941
1.39561
1.4117
1.42682
1.44139
1.45502
1.46784
1.47935
1.49014
1.49898
1.50694
1.51254
1.51586
1.51663
1.51707
1.51618
1.51289
1.50661
1.49766
1.48672
1.47409
1.4604
1.44614
1.43189
1.41815
1.40515
1.39318
1.38232
1.37247
1.36369
1.35585
1.3488
1.34277
1.33736
1.33289
1.32909
1.32615
1.32381
1.32241
1.32152
1.32163
1.32198
1.3226
1.32363
1.32533
1.32724
1.32982
1.33233
1.33543
1.33876
1.34198
1.34613
1.34975
1.35425
1.35807
1.36279
1.36574
1.36984
)
;

boundaryField
{
    inlet
    {
        type            calculated;
        value           uniform 3.00001;
    }
    outlet
    {
        type            calculated;
        value           nonuniform List<scalar> 
40
(
0.985695
1.08988
1.196
1.28156
1.34773
1.39891
1.4414
1.47403
1.49286
1.50857
1.51652
1.5227
1.52767
1.53127
1.53532
1.54081
1.54856
1.55682
1.56365
1.57069
1.5782
1.58426
1.58674
1.58421
1.57625
1.5621
1.54321
1.5218
1.4956
1.46663
1.44076
1.42006
1.40244
1.38934
1.38116
1.37583
1.37164
1.36998
1.36929
1.36984
)
;
    }
    bottom
    {
        type            symmetryPlane;
    }
    top
    {
        type            symmetryPlane;
    }
    obstacle
    {
        type            calculated;
        value           uniform 0;
    }
    defaultFaces
    {
        type            empty;
    }
}


// ************************************************************************* //
