/*--------------------------------*- C++ -*----------------------------------*\
| =========                 |                                                 |
| \\      /  F ield         | OpenFOAM: The Open Source CFD Toolbox           |
|  \\    /   O peration     | Version:  2412                                  |
|   \\  /    A nd           | Website:  www.openfoam.com                      |
|    \\/     M anipulation  |                                                 |
\*---------------------------------------------------------------------------*/
FoamFile
{
    version     2.0;
    format      ascii;
    arch        "LSB;label=32;scalar=64";
    class       volScalarField;
    location    "9.5";
    object      p;
}
// * * * * * * * * * * * * * * * * * * * * * * * * * * * * * * * * * * * * * //

dimensions      [1 -1 -2 0 0 0 0];

internalField   nonuniform List<scalar> 
5250
(
1.00001
1.00005
1.00013
1.00037
1.00077
1.0022
1.00442
1.01301
1.02451
1.08211
1.14621
1.53416
2.21657
4.77499
10.6811
11.0706
10.9566
10.9631
11.0679
11.3065
11.5188
11.6574
11.7698
11.8592
11.9287
1.00001
1.00005
1.00012
1.00037
1.00076
1.00216
1.00431
1.01285
1.02383
1.0816
1.14321
1.52945
2.20133
4.73416
10.6026
11.06
10.9487
10.9555
11.0598
11.2974
11.5091
11.6482
11.7621
11.8528
11.9237
1.00001
1.00005
1.00012
1.00035
1.00073
1.00209
1.00414
1.01253
1.02275
1.08023
1.13792
1.51947
2.16651
4.65031
10.4257
11.0356
10.9272
10.9315
11.0309
11.2624
11.4711
11.6082
11.7209
11.8102
11.8803
1.00001
1.00005
1.00011
1.00034
1.0007
1.00199
1.00393
1.01205
1.0215
1.07777
1.131
1.5045
2.10969
4.52683
10.1432
11.0031
10.8967
10.8913
10.9817
11.2016
11.4051
11.5372
11.6457
11.7317
11.8014
1.00001
1.00004
1.00011
1.00032
1.00066
1.00188
1.00369
1.01142
1.02014
1.07404
1.12256
1.48322
2.03531
4.35834
9.7475
10.9713
10.8639
10.8329
10.9149
11.1204
11.3154
11.4399
11.5416
11.6226
11.6921
1.00001
1.00004
1.0001
1.00029
1.00061
1.00175
1.00342
1.01065
1.01867
1.06913
1.11322
1.45238
1.94639
4.13676
9.21838
10.9527
10.8341
10.7588
10.8304
11.0169
11.1988
11.3108
11.4012
11.4734
11.5426
1.00001
1.00004
1.00009
1.00027
1.00056
1.00161
1.00315
1.00979
1.01718
1.06353
1.10377
1.41342
1.85811
3.84935
8.54043
10.9575
10.8119
10.6707
10.7292
10.8913
11.0546
11.1475
11.2175
11.2703
11.3314
1.00001
1.00003
1.00008
1.00025
1.00051
1.00146
1.00287
1.00882
1.01563
1.05698
1.09336
1.36818
1.75853
3.50935
7.69711
10.9836
10.798
10.5691
10.6114
10.7413
10.8783
10.9424
10.9794
10.9945
11.0279
1
1.00003
1.00008
1.00022
1.00046
1.00131
1.00261
1.00777
1.01436
1.04933
1.08303
1.31839
1.6493
3.13875
6.71654
11.0304
10.7912
10.4624
10.4816
10.5681
10.669
10.69
10.6734
10.6105
10.5523
1
1.00003
1.00006
1.00019
1.00039
1.00111
1.0022
1.00662
1.01199
1.0419
1.06968
1.26614
1.53292
2.75152
5.61476
10.9764
10.752
10.3654
10.332
10.3718
10.4193
10.3926
10.2917
10.0672
9.73816
1
1.00002
1.00007
1.00015
1.00042
1.00085
1.00243
1.00489
1.01434
1.02745
1.08925
1.16621
1.57733
2.33927
4.96914
10.5912
10.5605
10.289
10.1487
10.1523
10.1386
10.0478
9.79626
9.22831
7.82242
1
1.00002
1.00005
1.00015
1.00031
1.00086
1.00175
1.00501
1.00986
1.03034
1.05471
1.1956
1.36181
2.31662
4.2023
9.73939
10.3068
10.1573
9.96336
9.91953
9.84615
9.67133
9.28949
8.5401
7.12888
1
1.00002
1.00004
1.00013
1.00027
1.00075
1.00154
1.00434
1.00869
1.02579
1.04822
1.16444
1.30456
2.10863
3.64483
8.53683
10.1356
10.0312
9.80279
9.68199
9.55872
9.31087
8.85499
8.11379
7.01288
1
1.00002
1.00004
1.00011
1.00022
1.00063
1.00127
1.0036
1.00708
1.02165
1.0387
1.13922
1.24387
1.92836
3.13672
7.24626
10.0317
9.92957
9.66625
9.45769
9.28095
8.99763
8.53877
7.86901
7.00737
1
1.00001
1.00003
1.00009
1.00019
1.00053
1.00108
1.00303
1.00612
1.01768
1.03453
1.10945
1.20557
1.72175
2.67304
5.89003
9.90519
9.8266
9.55727
9.25522
9.03173
8.73892
8.30478
7.71002
6.9952
1
1.00001
1.00003
1.00007
1.00015
1.00043
1.00088
1.00246
1.00498
1.01424
1.02822
1.08526
1.16935
1.54444
2.2676
4.66036
9.52279
9.64373
9.45191
9.08209
8.81866
8.52573
8.12477
7.5984
6.98173
1
1.00001
1.00002
1.00006
1.00012
1.00034
1.00069
1.00194
1.00392
1.01126
1.02173
1.06938
1.12492
1.44367
1.97787
3.98864
8.55483
9.37928
9.24915
8.94206
8.64534
8.35069
7.98098
7.51434
6.981
1
1.00001
1.00002
1.00005
1.00009
1.00026
1.00054
1.00151
1.00301
1.00888
1.01633
1.05574
1.09368
1.35665
1.72428
3.36176
7.03286
9.12194
9.06005
8.84319
8.5141
8.21171
7.86995
7.45688
6.9887
1
1
1.00001
1.00004
1.00007
1.0002
1.00042
1.00117
1.00234
1.0068
1.01281
1.04221
1.07193
1.26835
1.52994
2.73778
5.40459
8.87769
8.93605
8.78317
8.44511
8.11296
7.79079
7.42903
7.01435
1
1
1.00001
1.00002
1.00007
1.00014
1.00038
1.00078
1.00219
1.00441
1.01267
1.02505
1.07583
1.15056
1.47589
2.10401
4.09848
8.26753
8.82588
8.70224
8.40022
8.05143
7.74547
7.43192
7.06996
1
1
1.00001
1.00002
1.00005
1.0001
1.00029
1.00058
1.00163
1.00328
1.00942
1.01819
1.05765
1.10378
1.36339
1.78427
3.37234
6.95463
8.60074
8.55276
8.36534
8.03363
7.74511
7.45311
7.16157
1
1
1.00001
1.00002
1.00003
1.00009
1.00018
1.00051
1.00104
1.00292
1.00586
1.01717
1.03251
1.10653
1.19789
1.68353
2.56747
5.38263
8.31504
8.43998
8.32484
8.05266
7.76483
7.51055
7.29619
1
1
1
1.00001
1.00003
1.00005
1.00015
1.00031
1.00086
1.00174
1.00493
1.00963
1.02961
1.05292
1.1859
1.34816
2.17025
3.74063
7.70353
8.38451
8.31178
8.10944
7.83331
7.63323
7.49336
1
1
1
1.00001
1.00002
1.00005
1.00009
1.00026
1.00052
1.00146
1.00283
1.00873
1.01522
1.0548
1.09028
1.34241
1.68998
3.16084
6.2825
8.23112
8.29826
8.20542
7.99249
7.84399
7.76101
1
1
1
1
1.00001
1.00003
1.00008
1.00016
1.00046
1.00093
1.0026
1.00523
1.01512
1.02888
1.09282
1.17157
1.58222
2.3191
4.59859
7.88572
8.3319
8.306
8.22527
8.13074
8.09276
1
1
1
1
1.00001
1.00002
1.00006
1.00012
1.00033
1.00067
1.00188
1.00381
1.0108
1.02148
1.06371
1.12688
1.39343
1.89098
3.50573
7.00827
8.30996
8.50596
8.50359
8.49428
8.48294
1
1
1
1
1.00001
1.00002
1.00004
1.0001
1.0002
1.00055
1.00111
1.00313
1.00618
1.01855
1.03369
1.11607
1.20763
1.73446
2.6514
5.52752
8.20965
8.83262
8.9167
8.92438
8.91516
1
1
1
1
1.00001
1.00001
1.00003
1.00006
1.00016
1.00033
1.00092
1.00186
1.00527
1.01035
1.03142
1.0571
1.19406
1.37842
2.21128
3.85927
7.87067
9.25583
9.44498
9.43384
9.38985
1
1
1
1
1
1.00001
1.00002
1.00005
1.0001
1.00028
1.00056
1.00159
1.00311
1.0094
1.0168
1.0589
1.0984
1.36955
1.75323
3.35893
6.85401
9.63492
10.008
9.96411
9.83602
1
1
1
1
1
1.00001
1.00001
1.00004
1.00008
1.00021
1.00043
1.0012
1.00243
1.00693
1.01337
1.04244
1.07392
1.26983
1.52883
2.73589
5.30989
10.0324
10.5979
10.4844
10.2045
1
1
1
1
1
1
1.00001
1.00003
1.00007
1.00015
1.00041
1.00083
1.00234
1.00473
1.0137
1.02699
1.08372
1.16178
1.53895
2.25269
4.65062
9.89707
10.9753
10.8359
10.4702
1
1
1
1
1
1
1.00001
1.00002
1.00006
1.00011
1.00032
1.00065
1.00187
1.00365
1.0114
1.02006
1.07343
1.12479
1.47368
2.05927
4.27505
9.48064
11.1895
11.0407
10.6216
1
1
1
1
1
1
1.00001
1.00002
1.00004
1.00011
1.00023
1.00065
1.00126
1.00398
1.00694
1.02552
1.04201
1.16412
1.29318
2.14051
3.7233
8.88749
11.4368
11.2218
10.6628
1
1
1
1
1
1
1.00001
1.00001
1.00004
1.00009
1.00024
1.00049
1.00142
1.0027
1.00891
1.01516
1.05795
1.09502
1.38256
1.79719
3.65799
8.20772
11.7111
11.3685
10.6246
1
1
1
1
1
1
1.00001
1.00001
1.00004
1.00008
1.00023
1.00046
1.00132
1.00263
1.00798
1.01456
1.05186
1.08659
1.34365
1.70999
3.3904
7.55692
11.9872
11.4709
10.55
1
1
1
1
1
1
1.00001
1.00001
1.00003
1.00007
1.0002
1.0004
1.00117
1.00226
1.0072
1.01246
1.04722
1.07679
1.30949
1.63527
3.13829
6.91653
12.2162
11.5423
10.5245
1
1
1
1
1
1
1.00001
1.00001
1.00003
1.00008
1.00017
1.00048
1.00098
1.00282
1.00567
1.017
1.03213
1.10932
1.20197
1.73987
2.76484
6.42463
12.3175
11.5375
10.5045
1
1
1
1
1
1
1
1.00001
1.00003
1.00008
1.00016
1.00046
1.00093
1.00266
1.00536
1.01591
1.03072
1.10095
1.19004
1.67944
2.61257
5.93616
12.2958
11.5088
10.5113
1
1
1
1
1
1
1
1.00001
1.00003
1.00006
1.00016
1.00033
1.00097
1.00185
1.006
1.01027
1.03877
1.0629
1.24873
1.49371
2.6616
5.52383
12.1176
11.5065
10.5581
1
1
1
1
1
1
1
1.00001
1.00003
1.00007
1.00015
1.00042
1.00085
1.00245
1.00494
1.01464
1.02811
1.09285
1.17209
1.61497
2.44062
5.41257
11.8026
11.4171
10.5946
1
1
1
1
1
1
1
1.00001
1.00002
1.00007
1.00014
1.00039
1.0008
1.00231
1.00465
1.01395
1.02665
1.08892
1.16452
1.58944
2.37981
5.23628
11.5516
11.2985
10.6608
1
1
1
1
1
1
1
1.00001
1.00003
1.00005
1.00015
1.00031
1.0009
1.00179
1.00543
1.00991
1.03452
1.05808
1.22258
1.42454
2.50744
4.88041
11.3162
11.2132
10.7775
1
1
1
1
1
1
1
1.00001
1.00002
1.00006
1.00012
1.00035
1.00071
1.00211
1.00393
1.01328
1.02259
1.08525
1.1467
1.55997
2.27508
4.9493
11.1002
11.1089
10.794
1
1
1
1
1
1
1
1.00001
1.00003
1.00005
1.00015
1.00031
1.00088
1.00179
1.00519
1.0102
1.03201
1.05761
1.20895
1.39668
2.43534
4.59488
10.9013
11.12
10.8145
1
1
1
1
1
1
1
1.00001
1.00003
1.00005
1.00015
1.0003
1.00086
1.00175
1.00507
1.00995
1.0312
1.05595
1.20394
1.38421
2.40055
4.48859
10.7176
11.1085
10.8089
1
1
1
1
1
1
1
1.00001
1.00002
1.00006
1.00012
1.00034
1.0007
1.00202
1.00392
1.01241
1.02172
1.08025
1.13668
1.52416
2.18491
4.68532
10.5508
11.0331
10.7613
1
1
1
1
1
1
1
1.00001
1.00002
1.00006
1.00012
1.00035
1.0007
1.00202
1.00399
1.01219
1.02201
1.07868
1.13487
1.51236
2.1531
4.61864
10.4004
10.9826
10.7308
1
1
1
1
1
1
1
1.00001
1.00002
1.00006
1.00012
1.00033
1.00067
1.00195
1.00378
1.01204
1.02097
1.07811
1.13191
1.51256
2.1406
4.60173
10.3567
10.9854
10.7262
1
1
1
1
1
1
1
1.00001
1.00002
1.00005
1.00014
1.00028
1.0008
1.0016
1.0048
1.00895
1.03032
1.05194
1.19703
1.36464
2.3476
4.30728
10.283
11.0449
10.7743
1
1
1
1
1
1
1
1.00001
1.00002
1.00006
1.00012
1.00033
1.00066
1.00192
1.00372
1.0119
1.02064
1.0772
1.12985
1.50729
2.12148
4.55421
10.2404
10.976
10.7244
3.87936
3.35372
4.26973
4.30196
4.06742
3.96581
3.91826
3.86189
3.78843
3.71815
3.67875
3.66201
3.65707
3.65675
3.67023
3.69969
3.74442
3.80118
3.86587
3.93601
4.01002
4.08667
4.16484
4.2436
4.32183
4.39913
4.47535
4.54846
4.61735
4.68117
4.73993
4.79307
4.84091
4.88351
4.92097
4.95617
4.98518
5.00642
5.02185
5.03154
5.0364
5.0362
5.0334
5.0256
5.01143
4.9936
4.97278
4.94876
4.92178
4.89194
4.85956
4.82471
4.7878
4.74883
4.70816
4.66584
4.62214
4.57716
4.53109
4.48404
4.43619
4.3876
4.33847
4.28883
4.23886
4.1886
4.1382
4.08771
4.03728
3.98694
3.93683
3.88699
3.83753
3.78848
3.73993
3.6919
3.64444
3.59758
3.55136
3.50582
3.46101
3.41696
3.37375
3.33143
3.29008
3.24977
3.2106
3.17271
3.13627
3.10152
3.06866
3.03797
3.0098
2.9846
2.96293
2.94538
2.93255
2.9249
2.92249
2.92292
4.75749
4.2554
4.37867
4.25542
4.04727
3.99153
3.9632
3.88367
3.78758
3.70517
3.66369
3.64874
3.64665
3.65469
3.66958
3.697
3.74076
3.79766
3.86245
3.93221
4.00579
4.08183
4.15929
4.23739
4.31493
4.39028
4.46697
4.5403
4.60925
4.67291
4.7318
4.78531
4.83366
4.87659
4.91452
4.94924
4.97793
4.99988
5.01545
5.02556
5.03038
5.03033
5.02826
5.02168
5.00759
4.98878
4.96779
4.94421
4.91758
4.88803
4.85579
4.82118
4.78437
4.74562
4.70505
4.66291
4.61932
4.57448
4.52853
4.4816
4.43384
4.38537
4.33631
4.28677
4.23686
4.18668
4.13634
4.08591
4.03552
3.98524
3.93517
3.88538
3.83597
3.78699
3.73849
3.69052
3.64312
3.5963
3.55014
3.50464
3.45987
3.41585
3.37269
3.33043
3.28912
3.24884
3.20972
3.17187
3.13549
3.10085
3.06812
3.03756
3.00953
2.98447
2.96301
2.94564
2.93305
2.92588
2.9245
2.92518
5.55717
4.8161
4.54902
4.30493
4.09356
3.99812
3.92155
3.85459
3.77651
3.70807
3.66969
3.65689
3.6539
3.65218
3.66039
3.68927
3.73404
3.79142
3.856
3.92572
3.9995
4.07575
4.15352
4.2319
4.30974
4.38657
4.46257
4.53564
4.60454
4.66834
4.72726
4.78066
4.82895
4.87179
4.90983
4.94335
4.97159
4.99342
5.00905
5.01891
5.02351
5.02334
5.02158
5.01598
5.00337
4.98332
4.96158
4.938
4.91163
4.88236
4.85034
4.81591
4.77927
4.74067
4.70027
4.65828
4.61484
4.57014
4.52432
4.47753
4.42989
4.38154
4.3326
4.28316
4.23335
4.18326
4.133
4.08265
4.03233
3.98211
3.93212
3.8824
3.83309
3.78417
3.73578
3.68787
3.64057
3.59384
3.54781
3.50244
3.45782
3.41385
3.37086
3.32877
3.28766
3.24757
3.20869
3.17111
3.13503
3.10051
3.06792
3.03758
3.00989
2.98531
2.96429
2.94756
2.93581
2.92999
2.93005
2.93105
5.9303
5.14761
4.70156
4.41273
4.1926
4.0538
3.96745
3.8961
3.81375
3.73893
3.68935
3.66353
3.65465
3.65698
3.66902
3.69737
3.74194
3.7978
3.86105
3.92936
4.00172
4.07676
4.15335
4.23059
4.30718
4.38259
4.45655
4.52807
4.5959
4.65902
4.71724
4.77023
4.81809
4.86065
4.89829
4.93106
4.95873
4.98052
4.99648
5.00655
5.01104
5.01082
5.00927
5.00457
4.99383
4.97377
4.95124
4.92716
4.90085
4.87194
4.84036
4.80632
4.77003
4.73175
4.69166
4.64996
4.60682
4.5624
4.51685
4.47033
4.42295
4.37484
4.32612
4.2769
4.22728
4.17737
4.12727
4.07708
4.02692
3.97687
3.92705
3.87753
3.82842
3.77971
3.73153
3.68384
3.63675
3.5902
3.54438
3.49922
3.45483
3.41127
3.36846
3.32649
3.28554
3.24569
3.20707
3.1698
3.13406
3.10001
3.06796
3.03821
3.0112
2.9874
2.96739
2.95193
2.94169
2.93848
2.93889
2.94081
6.12802
5.39608
4.89661
4.57234
4.34341
4.18212
4.08182
4.00195
3.91939
3.84134
3.78221
3.74396
3.72328
3.71591
3.718
3.72904
3.75728
3.81363
3.87748
3.94435
4.01424
4.08652
4.16055
4.23513
4.30946
4.38271
4.45427
4.52341
4.58911
4.65052
4.70724
4.759
4.80575
4.84736
4.88401
4.91575
4.94251
4.96386
4.9796
4.98968
4.99414
4.99394
4.9926
4.98865
4.97964
4.96141
4.93856
4.91383
4.88737
4.85874
4.82767
4.79416
4.75838
4.72054
4.68087
4.63955
4.59678
4.55271
4.50751
4.46131
4.41424
4.36643
4.31798
4.26902
4.21964
4.16995
4.12005
4.07007
4.02012
3.97029
3.92071
3.87144
3.82263
3.77416
3.7262
3.67874
3.63195
3.58579
3.54026
3.4954
3.45129
3.40796
3.36545
3.32384
3.28326
3.24381
3.20565
3.16891
3.13378
3.10044
3.06919
3.04038
3.01447
2.99197
2.97353
2.95996
2.95222
2.95193
2.95273
2.95571
6.26326
5.60873
5.11365
4.76792
4.53429
4.37091
4.26671
4.187
4.1071
4.02338
3.94417
3.87749
3.82759
3.79607
3.78814
3.79181
3.806
3.83994
3.90202
3.96947
4.03781
4.10645
4.17598
4.24552
4.31461
4.383
4.45009
4.5153
4.57784
4.63685
4.69171
4.74208
4.78773
4.82852
4.8644
4.89545
4.92167
4.94272
4.95847
4.96878
4.97347
4.97329
4.97213
4.96873
4.96097
4.94511
4.92285
4.89786
4.87112
4.84253
4.81179
4.77879
4.74355
4.70624
4.66705
4.62619
4.58385
4.54021
4.4954
4.44959
4.4029
4.35544
4.30733
4.25868
4.20959
4.16017
4.11055
4.06084
4.01117
3.96166
3.91235
3.86341
3.81495
3.76699
3.71957
3.67264
3.62627
3.58046
3.53526
3.49072
3.44692
3.40394
3.36184
3.3207
3.28063
3.24176
3.20425
3.16826
3.13399
3.10165
3.07158
3.04418
3.01992
2.99937
2.98329
2.97238
2.96882
2.96941
2.97148
2.97699
6.37139
5.79855
5.33401
4.99424
4.76196
4.60617
4.50476
4.42778
4.34758
4.25459
4.15454
4.05891
3.98004
3.92347
3.89117
3.88336
3.88706
3.90105
3.93438
3.99699
4.06474
4.13166
4.19696
4.26085
4.32368
4.38594
4.44726
4.50753
4.56608
4.62201
4.67446
4.72305
4.76726
4.8069
4.84175
4.87199
4.89764
4.91822
4.93396
4.94441
4.94937
4.94921
4.94816
4.94514
4.93834
4.92444
4.90363
4.87916
4.85242
4.8238
4.79326
4.76066
4.72597
4.68924
4.65064
4.61033
4.56852
4.52537
4.48105
4.4357
4.38945
4.34241
4.2947
4.24642
4.19769
4.14861
4.09935
4.05003
4.00074
3.9517
3.90309
3.85477
3.80684
3.75932
3.7123
3.66573
3.6197
3.57423
3.52942
3.4853
3.44195
3.39947
3.35792
3.31742
3.27806
3.24001
3.20343
3.1685
3.13539
3.10449
3.07612
3.05071
3.02878
3.01099
2.99811
2.99119
2.99135
2.99271
2.99657
3.00584
6.47472
5.98094
5.56238
5.24751
5.02988
4.89017
4.79588
4.71897
4.63154
4.52331
4.39937
4.27573
4.16553
4.07876
4.01958
3.98805
3.9825
3.98629
3.99997
4.0321
4.0918
4.15627
4.21851
4.2777
4.33468
4.39077
4.44549
4.49978
4.55319
4.60499
4.6543
4.70046
4.74284
4.78113
4.81484
4.84414
4.8692
4.88944
4.90519
4.91588
4.92133
4.92122
4.92033
4.9177
4.91173
4.89949
4.88038
4.85704
4.83079
4.80234
4.77197
4.73968
4.70546
4.66931
4.63133
4.59164
4.55042
4.50784
4.46407
4.41923
4.37348
4.3269
4.27964
4.23177
4.18343
4.13477
4.08592
4.03711
3.98859
3.94023
3.89221
3.84446
3.79704
3.74998
3.70336
3.65724
3.61166
3.5667
3.52242
3.47888
3.43615
3.39434
3.35353
3.31387
3.27547
3.23851
3.2032
3.16963
3.13818
3.1092
3.0831
3.06037
3.04159
3.02749
3.01886
3.01728
3.01821
3.02144
3.02904
3.04567
6.58476
6.169
5.81325
5.53695
5.34234
5.21887
5.12962
5.04414
4.93849
4.80599
4.65747
4.50745
4.37041
4.25739
4.17335
4.11913
4.09177
4.08705
4.09012
4.10157
4.12874
4.18107
4.23711
4.29195
4.34447
4.39503
4.44428
4.49271
4.54044
4.58722
4.63246
4.67545
4.71547
4.75197
4.78449
4.81291
4.83719
4.85707
4.87277
4.88368
4.88983
4.8898
4.88909
4.88683
4.88158
4.87076
4.85333
4.83145
4.80617
4.77827
4.74823
4.71628
4.68249
4.64689
4.60953
4.5705
4.52995
4.48802
4.44487
4.40063
4.35543
4.30938
4.2626
4.21521
4.16734
4.11924
4.0712
4.0232
3.97538
3.92771
3.88026
3.83307
3.78618
3.73966
3.69358
3.64802
3.60302
3.55867
3.51504
3.47219
3.43023
3.38925
3.34938
3.31077
3.27358
3.23803
3.20421
3.17245
3.14314
3.11667
3.09351
3.07422
3.05947
3.04998
3.04695
3.04764
3.05027
3.05673
3.07009
3.09734
6.7145
6.37765
6.08765
5.86185
5.70146
5.58581
5.48688
5.37779
5.24378
5.08583
4.91425
4.74384
4.58732
4.45442
4.34934
4.27395
4.22492
4.19846
4.18898
4.19045
4.19775
4.21684
4.25603
4.30215
4.35025
4.39645
4.4415
4.4852
4.52781
4.56945
4.61003
4.64909
4.68599
4.72013
4.75099
4.77825
4.80175
4.82134
4.83682
4.84784
4.85458
4.85515
4.85455
4.85255
4.8479
4.83829
4.82245
4.80214
4.77817
4.7512
4.72179
4.69031
4.65698
4.62189
4.58514
4.54678
4.50692
4.46569
4.42321
4.37961
4.33501
4.28951
4.24326
4.1964
4.14929
4.10204
4.05481
4.00758
3.96044
3.91341
3.86657
3.82
3.77372
3.72785
3.68241
3.63751
3.59321
3.54959
3.50674
3.46474
3.42373
3.3838
3.34513
3.30787
3.27225
3.23846
3.20659
3.17719
3.15064
3.1274
3.10803
3.09314
3.08344
3.07979
3.08039
3.08289
3.08914
3.10256
3.12178
3.15859
6.88115
6.62236
6.40022
6.22235
6.0838
5.96363
5.84116
5.69952
5.53322
5.35042
5.16157
4.97809
4.80973
4.66333
4.54218
4.44761
4.37765
4.32941
4.29924
4.28232
4.27972
4.28241
4.2926
4.31585
4.35405
4.39402
4.43458
4.47483
4.51385
4.55139
4.58763
4.62248
4.65567
4.68676
4.71533
4.74102
4.76351
4.78252
4.79784
4.80891
4.81597
4.81729
4.81679
4.81506
4.81097
4.80249
4.78803
4.76925
4.74674
4.72101
4.69255
4.6618
4.62906
4.59455
4.5584
4.52072
4.48158
4.44108
4.39933
4.35642
4.31246
4.26756
4.22196
4.17596
4.12976
4.08342
4.03698
3.99053
3.9441
3.89779
3.85166
3.8058
3.76026
3.71512
3.67046
3.62634
3.58287
3.54013
3.49823
3.45728
3.41742
3.3788
3.34161
3.30605
3.27241
3.24059
3.21131
3.1849
3.16182
3.14263
3.12795
3.1184
3.11481
3.11537
3.11779
3.12394
3.13707
3.16119
3.18369
3.22313
7.09589
6.91225
6.75003
6.60684
6.47187
6.33022
6.17173
5.99353
5.79977
5.59846
5.39868
5.20861
5.03441
4.87985
4.74751
4.63637
4.547
4.47748
4.42565
4.38849
4.36476
4.35108
4.35136
4.35524
4.36709
4.39245
4.42519
4.45995
4.49568
4.53067
4.56395
4.59539
4.62501
4.65279
4.67861
4.70222
4.72326
4.74135
4.75622
4.76717
4.77431
4.77631
4.77591
4.77443
4.77086
4.76341
4.75014
4.73278
4.71177
4.68746
4.66022
4.63044
4.5985
4.56468
4.5292
4.49221
4.45379
4.41403
4.37302
4.33083
4.28753
4.24338
4.19872
4.15371
4.10844
4.06296
4.01737
3.97172
3.9261
3.8806
3.83527
3.79022
3.7455
3.70122
3.65743
3.61424
3.57175
3.53006
3.48932
3.44964
3.41121
3.3742
3.33885
3.30547
3.27397
3.24493
3.21884
3.19615
3.17739
3.16319
3.15423
3.15108
3.15175
3.15446
3.16129
3.17565
3.19863
3.22734
3.25058
3.28842
7.36835
7.24756
7.12582
6.99352
6.84083
6.66419
6.46715
6.25714
6.0424
5.83028
5.62657
5.43532
5.2592
5.09971
4.95792
4.8334
4.72704
4.6379
4.56486
4.50667
4.46246
4.43082
4.41112
4.40204
4.40303
4.40827
4.42152
4.44782
4.47346
4.50519
4.53637
4.56565
4.59276
4.61781
4.64106
4.6624
4.68165
4.69841
4.71251
4.72285
4.73001
4.73245
4.73213
4.73087
4.72774
4.72114
4.70895
4.6929
4.67338
4.65056
4.62472
4.59616
4.56525
4.53231
4.49762
4.46136
4.42369
4.38469
4.34442
4.30292
4.26045
4.21733
4.17372
4.12971
4.08539
4.04084
3.99616
3.95141
3.9067
3.86208
3.81767
3.77353
3.72975
3.68643
3.64367
3.60157
3.56024
3.51983
3.48047
3.44235
3.40568
3.37067
3.33766
3.30667
3.278
3.25242
3.23032
3.21223
3.19874
3.19057
3.18842
3.18925
3.1924
3.20009
3.21605
3.24045
3.26765
3.29685
3.31822
3.35181
7.6942
7.61487
7.50757
7.36024
7.17232
6.95554
6.72489
6.49246
6.26629
6.05056
5.84746
5.65765
5.48131
5.31833
5.16896
5.03297
4.91203
4.80565
4.71398
4.63671
4.57325
4.52269
4.48447
4.4577
4.44141
4.43652
4.43809
4.44446
4.45909
4.47908
4.50502
4.53174
4.55689
4.58024
4.60177
4.62132
4.63883
4.6541
4.66703
4.67663
4.68349
4.68606
4.6858
4.68469
4.68188
4.67592
4.66466
4.64983
4.6317
4.61037
4.586
4.55882
4.52913
4.49726
4.4635
4.42808
4.3912
4.35296
4.3134
4.27275
4.23134
4.18931
4.14677
4.10381
4.06052
4.01698
3.97329
3.92954
3.88582
3.84221
3.7988
3.7557
3.71299
3.6708
3.62923
3.5884
3.54846
3.50957
3.4719
3.43569
3.40117
3.36867
3.3384
3.31027
3.28533
3.26397
3.24677
3.2342
3.22695
3.22609
3.22717
3.23097
3.23995
3.25829
3.2835
3.31167
3.33899
3.36537
3.3829
3.41056
8.06126
7.99768
7.87729
7.68917
7.45566
7.20271
6.94896
6.70508
6.47574
6.26187
6.06232
5.87513
5.69897
5.53301
5.37732
5.23235
5.09843
4.97727
4.8695
4.77516
4.69412
4.62591
4.57018
4.52622
4.49304
4.47083
4.45751
4.4554
4.45716
4.46305
4.47594
4.49601
4.51701
4.53872
4.55916
4.57765
4.59394
4.60806
4.61965
4.62864
4.6349
4.63727
4.63703
4.63598
4.63335
4.62776
4.61735
4.60362
4.58678
4.56687
4.54398
4.51826
4.48994
4.45931
4.42664
4.3922
4.35619
4.31873
4.28003
4.24044
4.20015
4.15926
4.11786
4.07602
4.03385
3.99143
3.94885
3.9062
3.86358
3.82109
3.77883
3.73691
3.69544
3.65455
3.61437
3.57505
3.53676
3.4997
3.4641
3.43023
3.39839
3.36898
3.3416
3.31745
3.29704
3.28086
3.26959
3.26339
3.26355
3.2652
3.26996
3.2807
3.30189
3.32826
3.35673
3.38448
3.40877
3.43012
3.44252
3.46406
8.45476
8.38325
8.22705
7.96975
7.68885
7.41103
7.1474
6.90252
6.6766
6.46739
6.2716
6.08631
5.90956
5.74052
5.57925
5.42646
5.28263
5.14978
5.02874
4.91989
4.82346
4.73923
4.66688
4.60635
4.55689
4.51818
4.48949
4.47092
4.4598
4.4585
4.45971
4.46466
4.47594
4.4937
4.51168
4.52926
4.54494
4.55859
4.56959
4.57806
4.58389
4.58599
4.58572
4.58466
4.58206
4.57661
4.56697
4.55426
4.53862
4.52004
4.49859
4.47435
4.4475
4.41823
4.38681
4.35349
4.31847
4.28196
4.24435
4.20593
4.16683
4.12714
4.08695
4.04633
4.00537
3.96416
3.92279
3.88136
3.83998
3.79875
3.75778
3.71722
3.67717
3.63782
3.59927
3.56177
3.52546
3.49065
3.45757
3.42658
3.39815
3.37175
3.34856
3.32929
3.31439
3.30454
3.30009
3.30057
3.30297
3.30937
3.32303
3.34621
3.37404
3.40301
3.4306
3.4548
3.47391
3.48903
3.49651
3.51161
8.87199
8.75469
8.50953
8.19315
7.88175
7.59359
7.33101
7.09192
6.87235
6.66802
6.47496
6.29018
6.11194
5.93964
5.77356
5.61442
5.46291
5.32092
5.18912
5.06818
4.95846
4.86016
4.77328
4.69748
4.63255
4.57805
4.53369
4.49921
4.47387
4.45769
4.44875
4.44484
4.44618
4.45086
4.46117
4.47567
4.48993
4.50338
4.51448
4.52316
4.52921
4.53151
4.53122
4.53014
4.52759
4.52231
4.51337
4.50161
4.48708
4.46979
4.44975
4.427
4.40164
4.37383
4.34379
4.31176
4.27794
4.24263
4.20631
4.16919
4.13137
4.09297
4.05407
4.01475
3.97511
3.93521
3.89518
3.8551
3.81511
3.7753
3.73583
3.69683
3.65847
3.6209
3.58433
3.54898
3.51511
3.48303
3.45307
3.42577
3.40063
3.37853
3.3607
3.34719
3.33896
3.33656
3.33742
3.34081
3.3491
3.36627
3.39148
3.42048
3.45
3.47758
3.5012
3.51975
3.53269
3.54154
3.54537
3.5536
9.27548
9.03759
8.71129
8.36989
8.05182
7.76653
7.51113
7.2795
7.06574
6.8647
6.67262
6.48692
6.30638
6.13073
5.96047
5.79627
5.63892
5.48938
5.34894
5.21813
5.09755
4.98726
4.88743
4.79786
4.7186
4.64931
4.5899
4.54009
4.4997
4.46841
4.44624
4.43079
4.4189
4.41731
4.41846
4.42232
4.43078
4.44216
4.4527
4.46195
4.46892
4.47246
4.47229
4.47144
4.46928
4.46468
4.45647
4.44562
4.43219
4.41616
4.39751
4.37623
4.35239
4.32611
4.29759
4.26697
4.23453
4.20081
4.166
4.1303
4.09388
4.05686
4.01932
3.9814
3.94315
3.90469
3.86612
3.82754
3.7891
3.75092
3.71317
3.67599
3.6396
3.60416
3.56996
3.53723
3.50633
3.47761
3.45165
3.428
3.40732
3.39095
3.37947
3.37244
3.37254
3.37402
3.37863
3.38926
3.41062
3.43772
3.46776
3.49774
3.52519
3.5483
3.56596
3.57801
3.58477
3.58805
3.58921
3.59239
9.57039
9.22578
8.86511
8.52245
8.21247
7.93737
7.69157
7.46709
7.2574
7.05769
6.86476
6.67694
6.49355
6.31464
6.14071
5.97238
5.81036
5.65488
5.50757
5.36881
5.23904
5.11847
5.00735
4.90562
4.81339
4.73059
4.65711
4.5928
4.53767
4.49156
4.45432
4.42654
4.40361
4.38662
4.37779
4.37613
4.37695
4.37979
4.38603
4.39427
4.40136
4.40666
4.40783
4.40735
4.40584
4.40248
4.39575
4.38605
4.37378
4.35903
4.34175
4.32197
4.2997
4.27507
4.24822
4.2193
4.18865
4.15664
4.12349
4.08938
4.05449
4.01895
3.9829
3.94646
3.90973
3.87282
3.83585
3.79896
3.76227
3.72596
3.69018
3.65514
3.62106
3.58819
3.55682
3.52731
3.50005
3.47563
3.45372
3.43467
3.42012
3.41051
3.40622
3.40675
3.4094
3.41637
3.43115
3.45536
3.48438
3.51535
3.54568
3.57292
3.59549
3.61243
3.6234
3.62921
3.63018
3.62986
3.62877
3.62936
9.77349
9.3624
8.99185
8.66167
8.36944
8.10926
7.87344
7.65454
7.44665
7.24616
7.05104
6.86035
6.67397
6.49203
6.31494
6.14312
5.97708
5.81683
5.66403
5.51863
5.38113
5.25186
5.13105
5.0188
4.91517
4.82013
4.73372
4.65605
4.58701
4.52664
4.47501
4.4321
4.39837
4.36922
4.34607
4.33242
4.32447
4.32208
4.32257
4.32436
4.32839
4.33363
4.33681
4.33669
4.33597
4.33411
4.33011
4.32215
4.31138
4.29805
4.28222
4.26399
4.24341
4.2206
4.19563
4.16868
4.14008
4.11003
4.07875
4.0464
4.0132
3.97929
3.94486
3.91002
3.87494
3.83974
3.80456
3.76954
3.73486
3.70068
3.66722
3.6347
3.60339
3.5736
3.54569
3.52011
3.49748
3.47754
3.46041
3.44798
3.44032
3.43895
3.4401
3.44425
3.45396
3.47378
3.50047
3.53121
3.563
3.59346
3.62041
3.64236
3.65854
3.66879
3.67324
3.67313
3.67217
3.66942
3.66323
3.66258
9.92083
9.46661
9.1033
8.79786
8.52894
8.28431
8.05632
7.83994
7.63136
7.42847
7.23036
7.03671
6.84754
6.66295
6.48316
6.3084
6.13899
5.97531
5.81735
5.66625
5.52225
5.38555
5.25639
5.1349
5.0212
4.91536
4.81749
4.72762
4.64586
4.57239
4.50725
4.45053
4.40219
4.36301
4.32743
4.29915
4.27976
4.26731
4.26
4.25666
4.25677
4.25746
4.25913
4.26052
4.2603
4.25943
4.25725
4.25262
4.24408
4.23266
4.21861
4.2022
4.18353
4.16276
4.13994
4.11524
4.08887
4.06101
4.03179
4.00142
3.97009
3.93801
3.90536
3.87232
3.83907
3.80576
3.77258
3.7397
3.70731
3.67561
3.64487
3.61534
3.58735
3.56129
3.53761
3.517
3.49932
3.4843
3.47428
3.46922
3.46963
3.47201
3.4785
3.49246
3.51658
3.54588
3.57792
3.61024
3.64064
3.66729
3.68864
3.70405
3.71353
3.71703
3.71672
3.71536
3.71189
3.70479
3.69206
3.68985
10.0077
9.54382
9.20486
8.93176
8.68819
8.45845
8.23633
8.02035
7.8095
7.60354
7.40244
7.20611
7.01451
6.82759
6.64541
6.46802
6.29557
6.1283
5.96623
5.81041
5.66088
5.51782
5.38144
5.25193
5.12945
5.01412
4.90608
4.80541
4.71229
4.62681
4.54913
4.47942
4.41785
4.36447
4.32027
4.27931
4.24636
4.22221
4.20478
4.19307
4.18603
4.18232
4.18101
4.18088
4.18059
4.17998
4.17871
4.17604
4.17075
4.16216
4.15069
4.13665
4.12029
4.10177
4.08128
4.05901
4.03508
4.00957
3.98264
3.95447
3.92526
3.89522
3.86458
3.83355
3.80236
3.77121
3.74031
3.70987
3.68013
3.65135
3.62381
3.59786
3.57387
3.55239
3.53403
3.51881
3.50643
3.49855
3.49729
3.4984
3.50256
3.51237
3.53236
3.55925
3.59072
3.62405
3.65686
3.6871
3.71318
3.73386
3.74864
3.75738
3.76012
3.75971
3.75809
3.75405
3.74567
3.73432
3.71858
3.71461
10.0422
9.61332
9.31425
9.07199
8.84702
8.62558
8.40578
8.1885
7.97558
7.76763
7.56473
7.36674
7.17352
6.9849
6.80078
6.62115
6.44606
6.27562
6.10999
5.94986
5.79544
5.64686
5.50424
5.36777
5.23764
5.11398
4.997
4.88683
4.78365
4.68758
4.59883
4.51753
4.44391
4.37811
4.32033
4.27087
4.2251
4.18766
4.15868
4.13682
4.12122
4.11092
4.10476
4.10122
4.09917
4.0979
4.09661
4.09471
4.09166
4.08616
4.07788
4.06693
4.05347
4.03771
4.0199
4.00028
3.97893
3.95597
3.93153
3.90579
3.87894
3.85121
3.82286
3.79413
3.76529
3.73659
3.7083
3.68067
3.65401
3.62861
3.60485
3.58312
3.56391
3.54811
3.5355
3.526
3.52132
3.52184
3.52449
3.53162
3.54672
3.57147
3.6014
3.63461
3.66891
3.7021
3.73225
3.75785
3.77794
3.79193
3.80004
3.80206
3.80157
3.79976
3.79545
3.78661
3.77374
3.76024
3.7431
3.73782
10.0392
9.67518
9.42212
9.20452
8.99077
8.77381
8.55559
8.3391
8.12641
7.91837
7.71514
7.51658
7.32253
7.13277
6.9472
6.76574
6.58842
6.41531
6.24654
6.0824
5.92373
5.77041
5.62246
5.48001
5.34327
5.21242
5.0877
4.96927
4.85733
4.75202
4.65356
4.56205
4.47771
4.40076
4.33129
4.26983
4.21577
4.16605
4.1251
4.09213
4.06649
4.04734
4.03376
4.0247
4.01903
4.01566
4.01354
4.01179
4.00975
4.0065
4.00121
3.99351
3.98327
3.9706
3.95575
3.93897
3.92039
3.90018
3.87846
3.85543
3.83124
3.80616
3.78043
3.75437
3.72827
3.70244
3.67721
3.6529
3.62989
3.60854
3.58931
3.57269
3.55948
3.55003
3.5427
3.54258
3.54397
3.54874
3.55962
3.58142
3.6091
3.64158
3.67652
3.7117
3.74515
3.77513
3.80031
3.81984
3.83332
3.84085
3.84238
3.84182
3.8399
3.83541
3.82627
3.81374
3.79877
3.78392
3.76591
3.75969
10.027
9.73216
9.51897
9.31765
9.11001
8.89684
8.68219
8.46907
8.25909
8.053
7.85102
7.65313
7.45921
7.26911
7.08275
6.90005
6.72103
6.54573
6.37413
6.20659
6.04417
5.88662
5.73398
5.58632
5.4439
5.30685
5.17551
5.04999
4.93057
4.81733
4.71051
4.61018
4.51664
4.43011
4.35061
4.27832
4.21387
4.15568
4.10289
4.05892
4.02258
3.99353
3.97127
3.95505
3.94388
3.9366
3.93208
3.92925
3.92715
3.92488
3.92164
3.91673
3.90969
3.90036
3.88883
3.87525
3.85979
3.84262
3.8239
3.80381
3.78256
3.76042
3.73767
3.71466
3.69172
3.66921
3.64755
3.6271
3.60836
3.59176
3.57784
3.56738
3.56092
3.55775
3.55856
3.562
3.57052
3.58808
3.61349
3.64454
3.67917
3.71542
3.7514
3.78513
3.81503
3.83985
3.85896
3.8721
3.87915
3.88043
3.87985
3.87791
3.87343
3.86437
3.85199
3.83763
3.82147
3.80565
3.78699
3.78004
10.0265
9.77971
9.59369
9.403
9.20132
8.99442
8.78639
8.57926
8.37416
8.17174
7.9724
7.77625
7.58332
7.39355
7.20692
7.02342
6.84309
6.66601
6.49223
6.32198
6.1557
5.99422
5.83742
5.68531
5.53805
5.39581
5.25887
5.12741
5.00165
4.88175
4.76779
4.66004
4.5585
4.46335
4.37489
4.29344
4.21907
4.15253
4.09121
4.0368
3.99037
3.95142
3.91981
3.89514
3.87671
3.86362
3.85482
3.84921
3.84568
3.84324
3.84102
3.83807
3.83383
3.82772
3.81958
3.80939
3.79726
3.78339
3.7679
3.75104
3.73303
3.71421
3.69487
3.6754
3.65615
3.63756
3.62009
3.60419
3.5905
3.57944
3.57189
3.56838
3.56871
3.57095
3.57724
3.59075
3.61415
3.64305
3.67663
3.71312
3.75067
3.78734
3.82134
3.85118
3.87586
3.89472
3.90761
3.91464
3.91584
3.91528
3.91339
3.90909
3.90042
3.88857
3.87455
3.85908
3.8421
3.82553
3.80639
3.7989
10.031
9.81408
9.64489
9.46329
9.26967
9.07135
8.87162
8.67176
8.47261
8.27486
8.07899
7.88529
7.69391
7.50494
7.31845
7.13451
6.95325
6.77476
6.59916
6.42645
6.2572
6.09231
5.9318
5.77578
5.62434
5.4777
5.33605
5.1996
5.06852
4.94297
4.82303
4.70892
4.60069
4.49859
4.40276
4.31345
4.2308
4.15508
4.08688
4.02331
3.96747
3.91912
3.87826
3.84471
3.81815
3.798
3.78348
3.77361
3.76715
3.76331
3.76094
3.75897
3.75671
3.75343
3.7485
3.74168
3.73309
3.72272
3.71074
3.69735
3.68296
3.66787
3.65239
3.63692
3.62196
3.60788
3.59536
3.58469
3.57711
3.5723
3.57249
3.57402
3.57887
3.58954
3.61021
3.63619
3.66804
3.70394
3.74219
3.78098
3.81846
3.85286
3.88282
3.90744
3.92639
3.93934
3.94653
3.948
3.9475
3.94582
3.94196
3.93411
3.9229
3.90957
3.89454
3.8783
3.8607
3.84353
3.82405
3.81622
10.0541
9.84505
9.6792
9.50474
9.32093
9.13231
8.94111
8.74852
8.55544
8.36261
8.17057
7.97969
7.79024
7.60244
7.41648
7.23251
7.05071
6.87124
6.69426
6.51975
6.34819
6.18033
6.01662
5.85725
5.7023
5.552
5.40647
5.26591
5.13044
5.00022
4.87536
4.75601
4.64227
4.5343
4.43223
4.33626
4.24657
4.16335
4.08691
4.01702
3.95277
3.89601
3.84654
3.8044
3.76955
3.74172
3.72041
3.70495
3.69433
3.68762
3.68376
3.68158
3.68045
3.67911
3.67684
3.67329
3.66838
3.66152
3.65309
3.64342
3.63298
3.62201
3.61086
3.60002
3.58991
3.58097
3.57423
3.56932
3.56941
3.57071
3.5748
3.58377
3.60107
3.62429
3.6538
3.68811
3.72599
3.76595
3.80605
3.84443
3.87938
3.90964
3.93445
3.95361
3.96711
3.97455
3.9767
3.97634
3.975
3.97176
3.96511
3.95485
3.94232
3.92808
3.91235
3.89549
3.87741
3.85974
3.84006
3.83199
10.1035
9.87333
9.70148
9.53465
9.3619
9.18275
8.99912
8.81286
8.62516
8.43681
8.24834
8.06019
7.8727
7.68619
7.50094
7.31718
7.13513
6.95502
6.77703
6.60131
6.42798
6.25775
6.0914
5.92921
5.77138
5.61808
5.46941
5.32555
5.18657
5.05262
4.92377
4.80017
4.68188
4.56905
4.46179
4.36025
4.26464
4.1751
4.09185
4.01536
3.94437
3.88021
3.82298
3.77289
3.73004
3.69445
3.66588
3.64397
3.62801
3.61745
3.61077
3.60732
3.60626
3.60615
3.60586
3.60517
3.60368
3.60056
3.59582
3.59027
3.58409
3.57745
3.57093
3.56516
3.56032
3.55717
3.55739
3.55879
3.56291
3.57185
3.5858
3.60632
3.63374
3.66621
3.70303
3.74304
3.78464
3.82601
3.86531
3.9009
3.93163
3.95686
3.97646
3.9908
3.99912
4.00235
4.00213
4.00115
3.99867
3.99345
3.9842
3.97283
3.95946
3.94457
3.92828
3.91092
3.89242
3.87432
3.85453
3.84627
10.1346
9.88117
9.70898
9.555
9.39486
9.22497
9.04819
8.8675
8.68451
8.50008
8.31476
8.12904
7.94333
7.75804
7.57349
7.38999
7.20783
7.02726
6.84852
6.67182
6.49724
6.32532
6.15685
5.99237
5.83216
5.6764
5.5252
5.37865
5.23683
5.09981
4.96769
4.84055
4.7185
4.60162
4.49005
4.3839
4.28335
4.18855
4.09968
4.017
3.94064
3.8699
3.80588
3.74876
3.69864
3.65571
3.61996
3.59126
3.56924
3.55369
3.54316
3.53719
3.53526
3.53542
3.53596
3.53699
3.53851
3.53849
3.53825
3.53753
3.53603
3.53398
3.53272
3.53287
3.53367
3.53593
3.54097
3.55112
3.5652
3.58216
3.60671
3.63679
3.67209
3.71153
3.75379
3.79724
3.84
3.88035
3.91673
3.94816
3.97408
3.99441
4.00972
4.01956
4.02442
4.02456
4.02401
4.02232
4.01852
4.01094
4.00056
3.98842
3.97446
3.95913
3.94235
3.92463
3.90575
3.8873
3.86743
3.859
10.1693
9.88651
9.71426
9.57176
9.4226
9.26071
9.08991
8.91403
8.73509
8.55405
8.37148
8.18787
8.00374
7.81954
7.63568
7.45251
7.27037
7.08951
6.91024
6.73279
6.55734
6.38429
6.21432
6.04808
5.88601
5.72828
5.57502
5.42625
5.28205
5.14247
5.00762
4.87752
4.75234
4.6321
4.51695
4.40696
4.30228
4.20304
4.10942
4.02157
3.93986
3.86369
3.79387
3.73049
3.67382
3.62415
3.58161
3.54627
3.51799
3.4965
3.48129
3.47177
3.46733
3.46744
3.46823
3.46999
3.47363
3.47757
3.48148
3.48499
3.48843
3.49193
3.49617
3.50194
3.50943
3.5195
3.53277
3.5512
3.57306
3.60043
3.63344
3.6714
3.71336
3.75799
3.80345
3.84791
3.88953
3.92702
3.95938
3.98628
4.0077
4.02395
4.03586
4.0422
4.04426
4.04396
4.04284
4.04018
4.03467
4.02582
4.01476
4.00217
3.98773
3.97196
3.9547
3.93671
3.91746
3.89877
3.87864
3.87028
10.2151
9.89726
9.72355
9.58933
9.44843
9.29283
9.12681
8.9548
8.77914
8.60085
8.42049
8.23863
8.0558
7.87254
7.68927
7.5064
7.32425
7.14317
6.96346
6.78544
6.60936
6.43555
6.26458
6.09706
5.93349
5.77406
5.61898
5.46827
5.32205
5.18031
5.0432
4.91069
4.78289
4.65986
4.54171
4.42851
4.3204
4.21745
4.11985
4.02772
3.9413
3.86066
3.78571
3.71689
3.65451
3.59877
3.54996
3.50824
3.47375
3.4464
3.42592
3.41203
3.40395
3.40302
3.40362
3.40552
3.40973
3.41686
3.42485
3.43326
3.44187
3.45139
3.46187
3.47434
3.48926
3.50737
3.52951
3.55546
3.58677
3.62314
3.66408
3.70875
3.75572
3.80333
3.84962
3.89292
3.93185
3.9656
3.99385
4.01667
4.03443
4.04761
4.05673
4.06088
4.06099
4.06052
4.05899
4.05554
4.04864
4.03893
4.02753
4.01431
3.99939
3.98321
3.96569
3.94724
3.92772
3.90889
3.88856
3.87999
10.2258
9.89872
9.72697
9.60054
9.46799
9.31895
9.15779
8.98959
8.81705
8.6413
8.46299
8.2827
8.10105
7.91858
7.7358
7.55312
7.37095
7.18964
7.00956
6.83103
6.65442
6.48001
6.30834
6.13986
5.97508
5.81427
5.65768
5.50537
5.35746
5.21394
5.07489
4.94033
4.81035
4.68499
4.56434
4.44846
4.33746
4.2314
4.13046
4.03473
3.9444
3.85973
3.78046
3.70706
3.63976
3.57871
3.52434
3.47687
3.43646
3.40325
3.37722
3.35839
3.34623
3.34213
3.34263
3.34451
3.34882
3.35754
3.36914
3.38244
3.39699
3.41294
3.43058
3.45046
3.47333
3.49989
3.53081
3.56559
3.60565
3.65001
3.69766
3.74726
3.79711
3.84544
3.8906
3.93133
3.96685
3.99684
4.02146
4.04098
4.0559
4.06685
4.07404
4.07614
4.07595
4.07505
4.07291
4.06838
4.06082
4.05048
4.03866
4.02489
4.00967
3.99308
3.97525
3.95645
3.93678
3.91759
3.89761
3.88819
10.2402
9.90765
9.73734
9.616
9.48827
9.34323
9.18541
9.0201
8.85013
8.67661
8.50012
8.32126
8.14064
7.95887
7.77646
7.59391
7.41165
7.23011
7.04967
6.87072
6.69362
6.51874
6.34643
6.17719
6.01142
5.84949
5.69159
5.53788
5.38843
5.24332
5.10256
4.96626
4.8344
4.7071
4.58434
4.46626
4.35285
4.24428
4.14056
4.0419
3.94833
3.86012
3.77725
3.69997
3.62843
3.56296
3.50376
3.45111
3.4053
3.36659
3.33516
3.31116
3.29461
3.28601
3.28626
3.28777
3.29177
3.30029
3.31524
3.33336
3.35382
3.37649
3.40157
3.42969
3.46124
3.49693
3.53628
3.5804
3.62843
3.67944
3.73204
3.78455
3.83528
3.88266
3.92552
3.96316
3.9953
4.02203
4.0437
4.06072
4.0736
4.08267
4.08865
4.08934
4.08897
4.08781
4.08509
4.07956
4.07149
4.06076
4.04829
4.03415
4.0186
4.00171
3.9836
3.96452
3.94464
3.92518
3.90526
3.89544
10.2412
9.91469
9.74857
9.63102
9.50671
9.36478
9.20969
9.04679
8.87896
8.70729
8.53232
8.35459
8.17475
7.99343
7.81123
7.62869
7.44632
7.26455
7.08379
6.90443
6.72687
6.55144
6.37854
6.20861
6.04203
5.87917
5.72021
5.56538
5.41472
5.26833
5.12621
4.98848
4.85511
4.72622
4.60175
4.48188
4.36652
4.2559
4.14993
4.04888
3.95269
3.86165
3.77575
3.69521
3.62016
3.55083
3.48752
3.43046
3.37997
3.33637
3.29996
3.27101
3.24999
3.23662
3.2352
3.23631
3.23992
3.24813
3.26459
3.28691
3.31311
3.34281
3.37588
3.4126
3.45323
3.49807
3.54659
3.59875
3.65354
3.70959
3.76526
3.81889
3.86898
3.91442
3.95455
3.98915
4.01832
4.04239
4.06179
4.07696
4.08833
4.09613
4.10082
4.10077
4.10025
4.09878
4.09561
4.08919
4.08049
4.06942
4.05655
4.0421
4.02623
4.00906
3.99066
3.97133
3.95125
3.93161
3.91161
3.90167
10.2304
9.91922
9.75816
9.64324
9.52191
9.38274
9.23018
9.06948
8.90355
8.73347
8.5598
8.38303
8.20381
8.02282
7.84074
7.65816
7.47561
7.29352
7.11241
6.93264
6.75465
6.57877
6.4054
6.23494
6.06773
5.90414
5.74431
5.58851
5.43678
5.28929
5.14599
5.00706
4.87241
4.7422
4.61631
4.49501
4.37808
4.26583
4.15805
4.05506
3.95676
3.86339
3.77511
3.6918
3.61387
3.5414
3.47469
3.41397
3.35957
3.31179
3.27107
3.23768
3.21238
3.1949
3.18979
3.1907
3.19405
3.20213
3.21862
3.24417
3.27553
3.31202
3.35321
3.39888
3.44878
3.50232
3.5594
3.61868
3.67884
3.73829
3.79542
3.8488
3.89735
3.94047
3.97796
4.00992
4.03672
4.05875
4.07648
4.0903
4.10054
4.10745
4.1109
4.11073
4.10997
4.10813
4.10438
4.09713
4.08809
4.07673
4.06358
4.04886
4.03269
4.01528
3.99658
3.97706
3.9568
3.93701
3.9169
3.90707
10.2276
9.92926
9.77184
9.65832
9.53809
9.40008
9.24857
9.08894
8.92399
8.75484
8.58187
8.40568
8.22688
8.04614
7.86413
7.68145
7.49866
7.31629
7.13485
6.95474
6.77644
6.60025
6.42664
6.25583
6.08818
5.92402
5.76355
5.607
5.45445
5.30606
5.16185
5.02195
4.8863
4.75507
4.62813
4.50573
4.38762
4.27411
4.16497
4.06048
3.9606
3.86542
3.77518
3.68978
3.60966
3.53476
3.46542
3.40179
3.34426
3.2931
3.24881
3.2117
3.1826
3.16165
3.15236
3.15305
3.15605
3.16361
3.17943
3.20726
3.24296
3.2856
3.33442
3.38863
3.44733
3.50933
3.57362
3.63856
3.70253
3.76386
3.8212
3.8735
3.92017
3.96104
3.99625
4.02612
4.05111
4.07164
4.08815
4.10098
4.11037
4.11662
4.119
4.11874
4.11779
4.11559
4.11116
4.10351
4.09406
4.08251
4.06916
4.05423
4.03778
4.02022
4.00122
3.98158
3.96117
3.94127
3.92095
3.91151
10.2196
9.92518
9.77317
9.6653
9.54802
9.41215
9.26225
9.10398
8.9402
8.77199
8.59989
8.42436
8.24596
8.06536
7.88327
7.70037
7.51727
7.33456
7.15275
6.9723
6.79366
6.61718
6.44318
6.27198
6.10392
5.93925
5.77824
5.62106
5.46783
5.31871
5.17373
5.03303
4.89657
4.76454
4.63677
4.51348
4.39445
4.27997
4.16982
4.06424
3.96318
3.86667
3.77501
3.68809
3.60628
3.52951
3.45819
3.39242
3.33259
3.27892
3.23196
3.19201
3.1599
3.13621
3.12307
3.12354
3.12617
3.13315
3.14814
3.17727
3.21636
3.26422
3.31966
3.38132
3.44758
3.51662
3.58665
3.65574
3.72215
3.7843
3.84121
3.89223
3.9372
3.97626
4.00977
4.03815
4.06189
4.0814
4.09706
4.1092
4.11795
4.12376
4.12524
4.12493
4.12385
4.12137
4.11642
4.10848
4.09861
4.08691
4.0734
4.05834
4.04156
4.02406
4.00483
3.98505
3.96445
3.94452
3.92395
3.9149
10.2331
9.92714
9.77603
9.67301
9.556
9.42028
9.27081
9.11319
8.95016
8.7828
8.61138
8.43634
8.25822
8.07772
7.89558
7.71252
7.52921
7.34629
7.16427
6.98365
6.8048
6.62808
6.45385
6.28243
6.11415
5.94922
5.78792
5.63038
5.47678
5.32723
5.18181
5.04065
4.90372
4.77118
4.64291
4.51909
4.39952
4.28442
4.17365
4.06732
3.96552
3.86816
3.77562
3.6877
3.6048
3.52683
3.45417
3.38696
3.32556
3.27016
3.22137
3.17944
3.14521
3.11957
3.10358
3.10386
3.10621
3.11281
3.12723
3.15626
3.19778
3.24945
3.30975
3.3769
3.44873
3.52291
3.59695
3.66868
3.73634
3.79863
3.85486
3.90475
3.94843
3.98624
4.01861
4.04604
4.06898
4.08785
4.10296
4.11464
4.12295
4.12843
4.12938
4.12899
4.12781
4.12511
4.1198
4.11168
4.10157
4.08971
4.07612
4.06096
4.04411
4.02647
4.00708
3.98725
3.9666
3.94661
3.92589
3.91692
10.2196
9.92686
9.7778
9.67592
9.56069
9.42604
9.27715
9.11981
8.95689
8.7896
8.6182
8.44312
8.26492
8.0843
7.90202
7.71881
7.53533
7.35224
7.17006
6.98929
6.8103
6.63348
6.45914
6.2876
6.11917
5.95406
5.79257
5.63478
5.48094
5.33111
5.18541
5.04396
4.90675
4.77392
4.64537
4.52122
4.40137
4.28592
4.17482
4.06811
3.96592
3.86814
3.77514
3.68671
3.6033
3.52478
3.45151
3.38364
3.3215
3.26531
3.21564
3.1728
3.1375
3.11099
3.09332
3.09352
3.09574
3.10224
3.11653
3.14525
3.18795
3.24168
3.30472
3.37498
3.44994
3.52684
3.60294
3.67594
3.74408
3.80626
3.86201
3.91125
3.95422
3.99138
4.02317
4.05013
4.07267
4.09121
4.10604
4.1175
4.12557
4.131
4.13145
4.13106
4.12983
4.12708
4.12166
4.11333
4.10314
4.0912
4.07752
4.0623
4.04544
4.02775
4.00824
3.98841
3.96772
3.9477
3.9269
3.91814
)
;

boundaryField
{
    inlet
    {
        type            fixedValue;
        value           uniform 1;
    }
    outlet
    {
        type            waveTransmissive;
        gamma           1.4;
        fieldInf        1;
        lInf            3;
        value           nonuniform List<scalar> 
40
(
2.91366
2.91592
2.92177
2.93151
2.94634
2.96748
2.99612
3.03565
3.08694
3.14804
3.21243
3.27759
3.34093
3.39969
3.45319
3.50078
3.54275
3.58148
3.61841
3.65166
3.67893
3.70368
3.72687
3.74872
3.76905
3.78789
3.80518
3.82093
3.83518
3.84789
3.85915
3.86882
3.87699
3.88424
3.89044
3.8958
3.90021
3.90356
3.90557
3.90677
)
;
    }
    bottom
    {
        type            symmetryPlane;
    }
    top
    {
        type            symmetryPlane;
    }
    obstacle
    {
        type            zeroGradient;
    }
    defaultFaces
    {
        type            empty;
    }
}


// ************************************************************************* //
