/*--------------------------------*- C++ -*----------------------------------*\
| =========                 |                                                 |
| \\      /  F ield         | OpenFOAM: The Open Source CFD Toolbox           |
|  \\    /   O peration     | Version:  2406                                  |
|   \\  /    A nd           | Website:  www.openfoam.com                      |
|    \\/     M anipulation  |                                                 |
\*---------------------------------------------------------------------------*/
FoamFile
{
    version     2.0;
    format      ascii;
    arch        "LSB;label=32;scalar=64";
    class       vectorField;
    location    "constant/polyMesh";
    object      points;
}
// * * * * * * * * * * * * * * * * * * * * * * * * * * * * * * * * * * * * * //


5202
(
(0 0 0)
(0.05 0 0)
(0.1 0 0)
(0.15 0 0)
(0.2 0 0)
(0.25 0 0)
(0.3 0 0)
(0.35 0 0)
(0.4 0 0)
(0.45 0 0)
(0.5 0 0)
(0.55 0 0)
(0.6 0 0)
(0.65 0 0)
(0.7 0 0)
(0.75 0 0)
(0.8 0 0)
(0.85 0 0)
(0.9 0 0)
(0.95 0 0)
(1 0 0)
(1.05 0 0)
(1.1 0 0)
(1.15 0 0)
(1.2 0 0)
(1.25 0 0)
(1.3 0 0)
(1.35 0 0)
(1.4 0 0)
(1.45 0 0)
(1.5 0 0)
(0 0.044 0)
(0.05 0.044 0)
(0.1 0.044 0)
(0.15 0.044 0)
(0.2 0.044 0)
(0.25 0.044 0)
(0.3 0.044 0)
(0.35 0.044 0)
(0.4 0.044 0)
(0.45 0.044 0)
(0.5 0.044 0)
(0.55 0.044 0)
(0.6 0.044 0)
(0.65 0.044 0)
(0.7 0.044 0)
(0.75 0.044 0)
(0.8 0.044 0)
(0.85 0.044 0)
(0.9 0.044 0)
(0.95 0.044 0)
(1 0.044 0)
(1.05 0.044 0)
(1.1 0.044 0)
(1.15 0.044 0)
(1.2 0.044 0)
(1.25 0.044 0)
(1.3 0.044 0)
(1.35 0.044 0)
(1.4 0.044 0)
(1.45 0.044 0)
(1.5 0.044 0)
(0 0.088 0)
(0.05 0.088 0)
(0.1 0.088 0)
(0.15 0.088 0)
(0.2 0.088 0)
(0.25 0.088 0)
(0.3 0.088 0)
(0.35 0.088 0)
(0.4 0.088 0)
(0.45 0.088 0)
(0.5 0.088 0)
(0.55 0.088 0)
(0.6 0.088 0)
(0.65 0.088 0)
(0.7 0.088 0)
(0.75 0.088 0)
(0.8 0.088 0)
(0.85 0.088 0)
(0.9 0.088 0)
(0.95 0.088 0)
(1 0.088 0)
(1.05 0.088 0)
(1.1 0.088 0)
(1.15 0.088 0)
(1.2 0.088 0)
(1.25 0.088 0)
(1.3 0.088 0)
(1.35 0.088 0)
(1.4 0.088 0)
(1.45 0.088 0)
(1.5 0.088 0)
(0 0.132 0)
(0.05 0.132 0)
(0.1 0.132 0)
(0.15 0.132 0)
(0.2 0.132 0)
(0.25 0.132 0)
(0.3 0.132 0)
(0.35 0.132 0)
(0.4 0.132 0)
(0.45 0.132 0)
(0.5 0.132 0)
(0.55 0.132 0)
(0.6 0.132 0)
(0.65 0.132 0)
(0.7 0.132 0)
(0.75 0.132 0)
(0.8 0.132 0)
(0.85 0.132 0)
(0.9 0.132 0)
(0.95 0.132 0)
(1 0.132 0)
(1.05 0.132 0)
(1.1 0.132 0)
(1.15 0.132 0)
(1.2 0.132 0)
(1.25 0.132 0)
(1.3 0.132 0)
(1.35 0.132 0)
(1.4 0.132 0)
(1.45 0.132 0)
(1.5 0.132 0)
(0 0.176 0)
(0.05 0.176 0)
(0.1 0.176 0)
(0.15 0.176 0)
(0.2 0.176 0)
(0.25 0.176 0)
(0.3 0.176 0)
(0.35 0.176 0)
(0.4 0.176 0)
(0.45 0.176 0)
(0.5 0.176 0)
(0.55 0.176 0)
(0.6 0.176 0)
(0.65 0.176 0)
(0.7 0.176 0)
(0.75 0.176 0)
(0.8 0.176 0)
(0.85 0.176 0)
(0.9 0.176 0)
(0.95 0.176 0)
(1 0.176 0)
(1.05 0.176 0)
(1.1 0.176 0)
(1.15 0.176 0)
(1.2 0.176 0)
(1.25 0.176 0)
(1.3 0.176 0)
(1.35 0.176 0)
(1.4 0.176 0)
(1.45 0.176 0)
(1.5 0.176 0)
(0 0.22 0)
(0.05 0.22 0)
(0.1 0.22 0)
(0.15 0.22 0)
(0.2 0.22 0)
(0.25 0.22 0)
(0.3 0.22 0)
(0.35 0.22 0)
(0.4 0.22 0)
(0.45 0.22 0)
(0.5 0.22 0)
(0.55 0.22 0)
(0.6 0.22 0)
(0.65 0.22 0)
(0.7 0.22 0)
(0.75 0.22 0)
(0.8 0.22 0)
(0.85 0.22 0)
(0.9 0.22 0)
(0.95 0.22 0)
(1 0.22 0)
(1.05 0.22 0)
(1.1 0.22 0)
(1.15 0.22 0)
(1.2 0.22 0)
(1.25 0.22 0)
(1.3 0.22 0)
(1.35 0.22 0)
(1.4 0.22 0)
(1.45 0.22 0)
(1.5 0.22 0)
(0 0.264 0)
(0.05 0.264 0)
(0.1 0.264 0)
(0.15 0.264 0)
(0.2 0.264 0)
(0.25 0.264 0)
(0.3 0.264 0)
(0.35 0.264 0)
(0.4 0.264 0)
(0.45 0.264 0)
(0.5 0.264 0)
(0.55 0.264 0)
(0.6 0.264 0)
(0.65 0.264 0)
(0.7 0.264 0)
(0.75 0.264 0)
(0.8 0.264 0)
(0.85 0.264 0)
(0.9 0.264 0)
(0.95 0.264 0)
(1 0.264 0)
(1.05 0.264 0)
(1.1 0.264 0)
(1.15 0.264 0)
(1.2 0.264 0)
(1.25 0.264 0)
(1.3 0.264 0)
(1.35 0.264 0)
(1.4 0.264 0)
(1.45 0.264 0)
(1.5 0.264 0)
(0 0.308 0)
(0.05 0.308 0)
(0.1 0.308 0)
(0.15 0.308 0)
(0.2 0.308 0)
(0.25 0.308 0)
(0.3 0.308 0)
(0.35 0.308 0)
(0.4 0.308 0)
(0.45 0.308 0)
(0.5 0.308 0)
(0.55 0.308 0)
(0.6 0.308 0)
(0.65 0.308 0)
(0.7 0.308 0)
(0.75 0.308 0)
(0.8 0.308 0)
(0.85 0.308 0)
(0.9 0.308 0)
(0.95 0.308 0)
(1 0.308 0)
(1.05 0.308 0)
(1.1 0.308 0)
(1.15 0.308 0)
(1.2 0.308 0)
(1.25 0.308 0)
(1.3 0.308 0)
(1.35 0.308 0)
(1.4 0.308 0)
(1.45 0.308 0)
(1.5 0.308 0)
(0 0.352 0)
(0.05 0.352 0)
(0.1 0.352 0)
(0.15 0.352 0)
(0.2 0.352 0)
(0.25 0.352 0)
(0.3 0.352 0)
(0.35 0.352 0)
(0.4 0.352 0)
(0.45 0.352 0)
(0.5 0.352 0)
(0.55 0.352 0)
(0.6 0.352 0)
(0.65 0.352 0)
(0.7 0.352 0)
(0.75 0.352 0)
(0.8 0.352 0)
(0.85 0.352 0)
(0.9 0.352 0)
(0.95 0.352 0)
(1 0.352 0)
(1.05 0.352 0)
(1.1 0.352 0)
(1.15 0.352 0)
(1.2 0.352 0)
(1.25 0.352 0)
(1.3 0.352 0)
(1.35 0.352 0)
(1.4 0.352 0)
(1.45 0.352 0)
(1.5 0.352 0)
(0 0.396 0)
(0.05 0.396 0)
(0.1 0.396 0)
(0.15 0.396 0)
(0.2 0.396 0)
(0.25 0.396 0)
(0.3 0.396 0)
(0.35 0.396 0)
(0.4 0.396 0)
(0.45 0.396 0)
(0.5 0.396 0)
(0.55 0.396 0)
(0.6 0.396 0)
(0.65 0.396 0)
(0.7 0.396 0)
(0.75 0.396 0)
(0.8 0.396 0)
(0.85 0.396 0)
(0.9 0.396 0)
(0.95 0.396 0)
(1 0.396 0)
(1.05 0.396 0)
(1.1 0.396 0)
(1.15 0.396 0)
(1.2 0.396 0)
(1.25 0.396 0)
(1.3 0.396 0)
(1.35 0.396 0)
(1.4 0.396 0)
(1.45 0.396 0)
(1.5 0.396 0)
(0 0.44 0)
(0.05 0.44 0)
(0.1 0.44 0)
(0.15 0.44 0)
(0.2 0.44 0)
(0.25 0.44 0)
(0.3 0.44 0)
(0.35 0.44 0)
(0.4 0.44 0)
(0.45 0.44 0)
(0.5 0.44 0)
(0.55 0.44 0)
(0.6 0.44 0)
(0.65 0.44 0)
(0.7 0.44 0)
(0.75 0.44 0)
(0.8 0.44 0)
(0.85 0.44 0)
(0.9 0.44 0)
(0.95 0.44 0)
(1 0.44 0)
(1.05 0.44 0)
(1.1 0.44 0)
(1.15 0.44 0)
(1.2 0.44 0)
(1.25 0.44 0)
(1.3 0.44 0)
(1.35 0.44 0)
(1.4 0.44 0)
(1.45 0.44 0)
(1.5 0.44 0)
(0 0.484 0)
(0.05 0.484 0)
(0.1 0.484 0)
(0.15 0.484 0)
(0.2 0.484 0)
(0.25 0.484 0)
(0.3 0.484 0)
(0.35 0.484 0)
(0.4 0.484 0)
(0.45 0.484 0)
(0.5 0.484 0)
(0.55 0.484 0)
(0.6 0.484 0)
(0.65 0.484 0)
(0.7 0.484 0)
(0.75 0.484 0)
(0.8 0.484 0)
(0.85 0.484 0)
(0.9 0.484 0)
(0.95 0.484 0)
(1 0.484 0)
(1.05 0.484 0)
(1.1 0.484 0)
(1.15 0.484 0)
(1.2 0.484 0)
(1.25 0.484 0)
(1.3 0.484 0)
(1.35 0.484 0)
(1.4 0.484 0)
(1.45 0.484 0)
(1.5 0.484 0)
(0 0.528 0)
(0.05 0.528 0)
(0.1 0.528 0)
(0.15 0.528 0)
(0.2 0.528 0)
(0.25 0.528 0)
(0.3 0.528 0)
(0.35 0.528 0)
(0.4 0.528 0)
(0.45 0.528 0)
(0.5 0.528 0)
(0.55 0.528 0)
(0.6 0.528 0)
(0.65 0.528 0)
(0.7 0.528 0)
(0.75 0.528 0)
(0.8 0.528 0)
(0.85 0.528 0)
(0.9 0.528 0)
(0.95 0.528 0)
(1 0.528 0)
(1.05 0.528 0)
(1.1 0.528 0)
(1.15 0.528 0)
(1.2 0.528 0)
(1.25 0.528 0)
(1.3 0.528 0)
(1.35 0.528 0)
(1.4 0.528 0)
(1.45 0.528 0)
(1.5 0.528 0)
(0 0.572 0)
(0.05 0.572 0)
(0.1 0.572 0)
(0.15 0.572 0)
(0.2 0.572 0)
(0.25 0.572 0)
(0.3 0.572 0)
(0.35 0.572 0)
(0.4 0.572 0)
(0.45 0.572 0)
(0.5 0.572 0)
(0.55 0.572 0)
(0.6 0.572 0)
(0.65 0.572 0)
(0.7 0.572 0)
(0.75 0.572 0)
(0.8 0.572 0)
(0.85 0.572 0)
(0.9 0.572 0)
(0.95 0.572 0)
(1 0.572 0)
(1.05 0.572 0)
(1.1 0.572 0)
(1.15 0.572 0)
(1.2 0.572 0)
(1.25 0.572 0)
(1.3 0.572 0)
(1.35 0.572 0)
(1.4 0.572 0)
(1.45 0.572 0)
(1.5 0.572 0)
(0 0.616 0)
(0.05 0.616 0)
(0.1 0.616 0)
(0.15 0.616 0)
(0.2 0.616 0)
(0.25 0.616 0)
(0.3 0.616 0)
(0.35 0.616 0)
(0.4 0.616 0)
(0.45 0.616 0)
(0.5 0.616 0)
(0.55 0.616 0)
(0.6 0.616 0)
(0.65 0.616 0)
(0.7 0.616 0)
(0.75 0.616 0)
(0.8 0.616 0)
(0.85 0.616 0)
(0.9 0.616 0)
(0.95 0.616 0)
(1 0.616 0)
(1.05 0.616 0)
(1.1 0.616 0)
(1.15 0.616 0)
(1.2 0.616 0)
(1.25 0.616 0)
(1.3 0.616 0)
(1.35 0.616 0)
(1.4 0.616 0)
(1.45 0.616 0)
(1.5 0.616 0)
(0 0.66 0)
(0.05 0.66 0)
(0.1 0.66 0)
(0.15 0.66 0)
(0.2 0.66 0)
(0.25 0.66 0)
(0.3 0.66 0)
(0.35 0.66 0)
(0.4 0.66 0)
(0.45 0.66 0)
(0.5 0.66 0)
(0.55 0.66 0)
(0.6 0.66 0)
(0.65 0.66 0)
(0.7 0.66 0)
(0.75 0.66 0)
(0.8 0.66 0)
(0.85 0.66 0)
(0.9 0.66 0)
(0.95 0.66 0)
(1 0.66 0)
(1.05 0.66 0)
(1.1 0.66 0)
(1.15 0.66 0)
(1.2 0.66 0)
(1.25 0.66 0)
(1.3 0.66 0)
(1.35 0.66 0)
(1.4 0.66 0)
(1.45 0.66 0)
(1.5 0.66 0)
(0 0.704 0)
(0.05 0.704 0)
(0.1 0.704 0)
(0.15 0.704 0)
(0.2 0.704 0)
(0.25 0.704 0)
(0.3 0.704 0)
(0.35 0.704 0)
(0.4 0.704 0)
(0.45 0.704 0)
(0.5 0.704 0)
(0.55 0.704 0)
(0.6 0.704 0)
(0.65 0.704 0)
(0.7 0.704 0)
(0.75 0.704 0)
(0.8 0.704 0)
(0.85 0.704 0)
(0.9 0.704 0)
(0.95 0.704 0)
(1 0.704 0)
(1.05 0.704 0)
(1.1 0.704 0)
(1.15 0.704 0)
(1.2 0.704 0)
(1.25 0.704 0)
(1.3 0.704 0)
(1.35 0.704 0)
(1.4 0.704 0)
(1.45 0.704 0)
(1.5 0.704 0)
(0 0.748 0)
(0.05 0.748 0)
(0.1 0.748 0)
(0.15 0.748 0)
(0.2 0.748 0)
(0.25 0.748 0)
(0.3 0.748 0)
(0.35 0.748 0)
(0.4 0.748 0)
(0.45 0.748 0)
(0.5 0.748 0)
(0.55 0.748 0)
(0.6 0.748 0)
(0.65 0.748 0)
(0.7 0.748 0)
(0.75 0.748 0)
(0.8 0.748 0)
(0.85 0.748 0)
(0.9 0.748 0)
(0.95 0.748 0)
(1 0.748 0)
(1.05 0.748 0)
(1.1 0.748 0)
(1.15 0.748 0)
(1.2 0.748 0)
(1.25 0.748 0)
(1.3 0.748 0)
(1.35 0.748 0)
(1.4 0.748 0)
(1.45 0.748 0)
(1.5 0.748 0)
(0 0.792 0)
(0.05 0.792 0)
(0.1 0.792 0)
(0.15 0.792 0)
(0.2 0.792 0)
(0.25 0.792 0)
(0.3 0.792 0)
(0.35 0.792 0)
(0.4 0.792 0)
(0.45 0.792 0)
(0.5 0.792 0)
(0.55 0.792 0)
(0.6 0.792 0)
(0.65 0.792 0)
(0.7 0.792 0)
(0.75 0.792 0)
(0.8 0.792 0)
(0.85 0.792 0)
(0.9 0.792 0)
(0.95 0.792 0)
(1 0.792 0)
(1.05 0.792 0)
(1.1 0.792 0)
(1.15 0.792 0)
(1.2 0.792 0)
(1.25 0.792 0)
(1.3 0.792 0)
(1.35 0.792 0)
(1.4 0.792 0)
(1.45 0.792 0)
(1.5 0.792 0)
(0 0.836 0)
(0.05 0.836 0)
(0.1 0.836 0)
(0.15 0.836 0)
(0.2 0.836 0)
(0.25 0.836 0)
(0.3 0.836 0)
(0.35 0.836 0)
(0.4 0.836 0)
(0.45 0.836 0)
(0.5 0.836 0)
(0.55 0.836 0)
(0.6 0.836 0)
(0.65 0.836 0)
(0.7 0.836 0)
(0.75 0.836 0)
(0.8 0.836 0)
(0.85 0.836 0)
(0.9 0.836 0)
(0.95 0.836 0)
(1 0.836 0)
(1.05 0.836 0)
(1.1 0.836 0)
(1.15 0.836 0)
(1.2 0.836 0)
(1.25 0.836 0)
(1.3 0.836 0)
(1.35 0.836 0)
(1.4 0.836 0)
(1.45 0.836 0)
(1.5 0.836 0)
(0 0.88 0)
(0.05 0.88 0)
(0.1 0.88 0)
(0.15 0.88 0)
(0.2 0.88 0)
(0.25 0.88 0)
(0.3 0.88 0)
(0.35 0.88 0)
(0.4 0.88 0)
(0.45 0.88 0)
(0.5 0.88 0)
(0.55 0.88 0)
(0.6 0.88 0)
(0.65 0.88 0)
(0.7 0.88 0)
(0.75 0.88 0)
(0.8 0.88 0)
(0.85 0.88 0)
(0.9 0.88 0)
(0.95 0.88 0)
(1 0.88 0)
(1.05 0.88 0)
(1.1 0.88 0)
(1.15 0.88 0)
(1.2 0.88 0)
(1.25 0.88 0)
(1.3 0.88 0)
(1.35 0.88 0)
(1.4 0.88 0)
(1.45 0.88 0)
(1.5 0.88 0)
(0 0.924 0)
(0.05 0.924 0)
(0.1 0.924 0)
(0.15 0.924 0)
(0.2 0.924 0)
(0.25 0.924 0)
(0.3 0.924 0)
(0.35 0.924 0)
(0.4 0.924 0)
(0.45 0.924 0)
(0.5 0.924 0)
(0.55 0.924 0)
(0.6 0.924 0)
(0.65 0.924 0)
(0.7 0.924 0)
(0.75 0.924 0)
(0.8 0.924 0)
(0.85 0.924 0)
(0.9 0.924 0)
(0.95 0.924 0)
(1 0.924 0)
(1.05 0.924 0)
(1.1 0.924 0)
(1.15 0.924 0)
(1.2 0.924 0)
(1.25 0.924 0)
(1.3 0.924 0)
(1.35 0.924 0)
(1.4 0.924 0)
(1.45 0.924 0)
(1.5 0.924 0)
(0 0.968 0)
(0.05 0.968 0)
(0.1 0.968 0)
(0.15 0.968 0)
(0.2 0.968 0)
(0.25 0.968 0)
(0.3 0.968 0)
(0.35 0.968 0)
(0.4 0.968 0)
(0.45 0.968 0)
(0.5 0.968 0)
(0.55 0.968 0)
(0.6 0.968 0)
(0.65 0.968 0)
(0.7 0.968 0)
(0.75 0.968 0)
(0.8 0.968 0)
(0.85 0.968 0)
(0.9 0.968 0)
(0.95 0.968 0)
(1 0.968 0)
(1.05 0.968 0)
(1.1 0.968 0)
(1.15 0.968 0)
(1.2 0.968 0)
(1.25 0.968 0)
(1.3 0.968 0)
(1.35 0.968 0)
(1.4 0.968 0)
(1.45 0.968 0)
(1.5 0.968 0)
(0 1.012 0)
(0.05 1.012 0)
(0.1 1.012 0)
(0.15 1.012 0)
(0.2 1.012 0)
(0.25 1.012 0)
(0.3 1.012 0)
(0.35 1.012 0)
(0.4 1.012 0)
(0.45 1.012 0)
(0.5 1.012 0)
(0.55 1.012 0)
(0.6 1.012 0)
(0.65 1.012 0)
(0.7 1.012 0)
(0.75 1.012 0)
(0.8 1.012 0)
(0.85 1.012 0)
(0.9 1.012 0)
(0.95 1.012 0)
(1 1.012 0)
(1.05 1.012 0)
(1.1 1.012 0)
(1.15 1.012 0)
(1.2 1.012 0)
(1.25 1.012 0)
(1.3 1.012 0)
(1.35 1.012 0)
(1.4 1.012 0)
(1.45 1.012 0)
(1.5 1.012 0)
(0 1.056 0)
(0.05 1.056 0)
(0.1 1.056 0)
(0.15 1.056 0)
(0.2 1.056 0)
(0.25 1.056 0)
(0.3 1.056 0)
(0.35 1.056 0)
(0.4 1.056 0)
(0.45 1.056 0)
(0.5 1.056 0)
(0.55 1.056 0)
(0.6 1.056 0)
(0.65 1.056 0)
(0.7 1.056 0)
(0.75 1.056 0)
(0.8 1.056 0)
(0.85 1.056 0)
(0.9 1.056 0)
(0.95 1.056 0)
(1 1.056 0)
(1.05 1.056 0)
(1.1 1.056 0)
(1.15 1.056 0)
(1.2 1.056 0)
(1.25 1.056 0)
(1.3 1.056 0)
(1.35 1.056 0)
(1.4 1.056 0)
(1.45 1.056 0)
(1.5 1.056 0)
(0 1.1 0)
(0.05 1.1 0)
(0.1 1.1 0)
(0.15 1.1 0)
(0.2 1.1 0)
(0.25 1.1 0)
(0.3 1.1 0)
(0.35 1.1 0)
(0.4 1.1 0)
(0.45 1.1 0)
(0.5 1.1 0)
(0.55 1.1 0)
(0.6 1.1 0)
(0.65 1.1 0)
(0.7 1.1 0)
(0.75 1.1 0)
(0.8 1.1 0)
(0.85 1.1 0)
(0.9 1.1 0)
(0.95 1.1 0)
(1 1.1 0)
(1.05 1.1 0)
(1.1 1.1 0)
(1.15 1.1 0)
(1.2 1.1 0)
(1.25 1.1 0)
(1.3 1.1 0)
(1.35 1.1 0)
(1.4 1.1 0)
(1.45 1.1 0)
(1.5 1.1 0)
(0 1.144 0)
(0.05 1.144 0)
(0.1 1.144 0)
(0.15 1.144 0)
(0.2 1.144 0)
(0.25 1.144 0)
(0.3 1.144 0)
(0.35 1.144 0)
(0.4 1.144 0)
(0.45 1.144 0)
(0.5 1.144 0)
(0.55 1.144 0)
(0.6 1.144 0)
(0.65 1.144 0)
(0.7 1.144 0)
(0.75 1.144 0)
(0.8 1.144 0)
(0.85 1.144 0)
(0.9 1.144 0)
(0.95 1.144 0)
(1 1.144 0)
(1.05 1.144 0)
(1.1 1.144 0)
(1.15 1.144 0)
(1.2 1.144 0)
(1.25 1.144 0)
(1.3 1.144 0)
(1.35 1.144 0)
(1.4 1.144 0)
(1.45 1.144 0)
(1.5 1.144 0)
(0 1.188 0)
(0.05 1.188 0)
(0.1 1.188 0)
(0.15 1.188 0)
(0.2 1.188 0)
(0.25 1.188 0)
(0.3 1.188 0)
(0.35 1.188 0)
(0.4 1.188 0)
(0.45 1.188 0)
(0.5 1.188 0)
(0.55 1.188 0)
(0.6 1.188 0)
(0.65 1.188 0)
(0.7 1.188 0)
(0.75 1.188 0)
(0.8 1.188 0)
(0.85 1.188 0)
(0.9 1.188 0)
(0.95 1.188 0)
(1 1.188 0)
(1.05 1.188 0)
(1.1 1.188 0)
(1.15 1.188 0)
(1.2 1.188 0)
(1.25 1.188 0)
(1.3 1.188 0)
(1.35 1.188 0)
(1.4 1.188 0)
(1.45 1.188 0)
(1.5 1.188 0)
(0 1.232 0)
(0.05 1.232 0)
(0.1 1.232 0)
(0.15 1.232 0)
(0.2 1.232 0)
(0.25 1.232 0)
(0.3 1.232 0)
(0.35 1.232 0)
(0.4 1.232 0)
(0.45 1.232 0)
(0.5 1.232 0)
(0.55 1.232 0)
(0.6 1.232 0)
(0.65 1.232 0)
(0.7 1.232 0)
(0.75 1.232 0)
(0.8 1.232 0)
(0.85 1.232 0)
(0.9 1.232 0)
(0.95 1.232 0)
(1 1.232 0)
(1.05 1.232 0)
(1.1 1.232 0)
(1.15 1.232 0)
(1.2 1.232 0)
(1.25 1.232 0)
(1.3 1.232 0)
(1.35 1.232 0)
(1.4 1.232 0)
(1.45 1.232 0)
(1.5 1.232 0)
(0 1.276 0)
(0.05 1.276 0)
(0.1 1.276 0)
(0.15 1.276 0)
(0.2 1.276 0)
(0.25 1.276 0)
(0.3 1.276 0)
(0.35 1.276 0)
(0.4 1.276 0)
(0.45 1.276 0)
(0.5 1.276 0)
(0.55 1.276 0)
(0.6 1.276 0)
(0.65 1.276 0)
(0.7 1.276 0)
(0.75 1.276 0)
(0.8 1.276 0)
(0.85 1.276 0)
(0.9 1.276 0)
(0.95 1.276 0)
(1 1.276 0)
(1.05 1.276 0)
(1.1 1.276 0)
(1.15 1.276 0)
(1.2 1.276 0)
(1.25 1.276 0)
(1.3 1.276 0)
(1.35 1.276 0)
(1.4 1.276 0)
(1.45 1.276 0)
(1.5 1.276 0)
(0 1.32 0)
(0.05 1.32 0)
(0.1 1.32 0)
(0.15 1.32 0)
(0.2 1.32 0)
(0.25 1.32 0)
(0.3 1.32 0)
(0.35 1.32 0)
(0.4 1.32 0)
(0.45 1.32 0)
(0.5 1.32 0)
(0.55 1.32 0)
(0.6 1.32 0)
(0.65 1.32 0)
(0.7 1.32 0)
(0.75 1.32 0)
(0.8 1.32 0)
(0.85 1.32 0)
(0.9 1.32 0)
(0.95 1.32 0)
(1 1.32 0)
(1.05 1.32 0)
(1.1 1.32 0)
(1.15 1.32 0)
(1.2 1.32 0)
(1.25 1.32 0)
(1.3 1.32 0)
(1.35 1.32 0)
(1.4 1.32 0)
(1.45 1.32 0)
(1.5 1.32 0)
(0 1.364 0)
(0.05 1.364 0)
(0.1 1.364 0)
(0.15 1.364 0)
(0.2 1.364 0)
(0.25 1.364 0)
(0.3 1.364 0)
(0.35 1.364 0)
(0.4 1.364 0)
(0.45 1.364 0)
(0.5 1.364 0)
(0.55 1.364 0)
(0.6 1.364 0)
(0.65 1.364 0)
(0.7 1.364 0)
(0.75 1.364 0)
(0.8 1.364 0)
(0.85 1.364 0)
(0.9 1.364 0)
(0.95 1.364 0)
(1 1.364 0)
(1.05 1.364 0)
(1.1 1.364 0)
(1.15 1.364 0)
(1.2 1.364 0)
(1.25 1.364 0)
(1.3 1.364 0)
(1.35 1.364 0)
(1.4 1.364 0)
(1.45 1.364 0)
(1.5 1.364 0)
(0 1.408 0)
(0.05 1.408 0)
(0.1 1.408 0)
(0.15 1.408 0)
(0.2 1.408 0)
(0.25 1.408 0)
(0.3 1.408 0)
(0.35 1.408 0)
(0.4 1.408 0)
(0.45 1.408 0)
(0.5 1.408 0)
(0.55 1.408 0)
(0.6 1.408 0)
(0.65 1.408 0)
(0.7 1.408 0)
(0.75 1.408 0)
(0.8 1.408 0)
(0.85 1.408 0)
(0.9 1.408 0)
(0.95 1.408 0)
(1 1.408 0)
(1.05 1.408 0)
(1.1 1.408 0)
(1.15 1.408 0)
(1.2 1.408 0)
(1.25 1.408 0)
(1.3 1.408 0)
(1.35 1.408 0)
(1.4 1.408 0)
(1.45 1.408 0)
(1.5 1.408 0)
(0 1.452 0)
(0.05 1.452 0)
(0.1 1.452 0)
(0.15 1.452 0)
(0.2 1.452 0)
(0.25 1.452 0)
(0.3 1.452 0)
(0.35 1.452 0)
(0.4 1.452 0)
(0.45 1.452 0)
(0.5 1.452 0)
(0.55 1.452 0)
(0.6 1.452 0)
(0.65 1.452 0)
(0.7 1.452 0)
(0.75 1.452 0)
(0.8 1.452 0)
(0.85 1.452 0)
(0.9 1.452 0)
(0.95 1.452 0)
(1 1.452 0)
(1.05 1.452 0)
(1.1 1.452 0)
(1.15 1.452 0)
(1.2 1.452 0)
(1.25 1.452 0)
(1.3 1.452 0)
(1.35 1.452 0)
(1.4 1.452 0)
(1.45 1.452 0)
(1.5 1.452 0)
(0 1.496 0)
(0.05 1.496 0)
(0.1 1.496 0)
(0.15 1.496 0)
(0.2 1.496 0)
(0.25 1.496 0)
(0.3 1.496 0)
(0.35 1.496 0)
(0.4 1.496 0)
(0.45 1.496 0)
(0.5 1.496 0)
(0.55 1.496 0)
(0.6 1.496 0)
(0.65 1.496 0)
(0.7 1.496 0)
(0.75 1.496 0)
(0.8 1.496 0)
(0.85 1.496 0)
(0.9 1.496 0)
(0.95 1.496 0)
(1 1.496 0)
(1.05 1.496 0)
(1.1 1.496 0)
(1.15 1.496 0)
(1.2 1.496 0)
(1.25 1.496 0)
(1.3 1.496 0)
(1.35 1.496 0)
(1.4 1.496 0)
(1.45 1.496 0)
(1.5 1.496 0)
(0 1.54 0)
(0.05 1.54 0)
(0.1 1.54 0)
(0.15 1.54 0)
(0.2 1.54 0)
(0.25 1.54 0)
(0.3 1.54 0)
(0.35 1.54 0)
(0.4 1.54 0)
(0.45 1.54 0)
(0.5 1.54 0)
(0.55 1.54 0)
(0.6 1.54 0)
(0.65 1.54 0)
(0.7 1.54 0)
(0.75 1.54 0)
(0.8 1.54 0)
(0.85 1.54 0)
(0.9 1.54 0)
(0.95 1.54 0)
(1 1.54 0)
(1.05 1.54 0)
(1.1 1.54 0)
(1.15 1.54 0)
(1.2 1.54 0)
(1.25 1.54 0)
(1.3 1.54 0)
(1.35 1.54 0)
(1.4 1.54 0)
(1.45 1.54 0)
(1.5 1.54 0)
(0 1.584 0)
(0.05 1.584 0)
(0.1 1.584 0)
(0.15 1.584 0)
(0.2 1.584 0)
(0.25 1.584 0)
(0.3 1.584 0)
(0.35 1.584 0)
(0.4 1.584 0)
(0.45 1.584 0)
(0.5 1.584 0)
(0.55 1.584 0)
(0.6 1.584 0)
(0.65 1.584 0)
(0.7 1.584 0)
(0.75 1.584 0)
(0.8 1.584 0)
(0.85 1.584 0)
(0.9 1.584 0)
(0.95 1.584 0)
(1 1.584 0)
(1.05 1.584 0)
(1.1 1.584 0)
(1.15 1.584 0)
(1.2 1.584 0)
(1.25 1.584 0)
(1.3 1.584 0)
(1.35 1.584 0)
(1.4 1.584 0)
(1.45 1.584 0)
(1.5 1.584 0)
(0 1.628 0)
(0.05 1.628 0)
(0.1 1.628 0)
(0.15 1.628 0)
(0.2 1.628 0)
(0.25 1.628 0)
(0.3 1.628 0)
(0.35 1.628 0)
(0.4 1.628 0)
(0.45 1.628 0)
(0.5 1.628 0)
(0.55 1.628 0)
(0.6 1.628 0)
(0.65 1.628 0)
(0.7 1.628 0)
(0.75 1.628 0)
(0.8 1.628 0)
(0.85 1.628 0)
(0.9 1.628 0)
(0.95 1.628 0)
(1 1.628 0)
(1.05 1.628 0)
(1.1 1.628 0)
(1.15 1.628 0)
(1.2 1.628 0)
(1.25 1.628 0)
(1.3 1.628 0)
(1.35 1.628 0)
(1.4 1.628 0)
(1.45 1.628 0)
(1.5 1.628 0)
(0 1.672 0)
(0.05 1.672 0)
(0.1 1.672 0)
(0.15 1.672 0)
(0.2 1.672 0)
(0.25 1.672 0)
(0.3 1.672 0)
(0.35 1.672 0)
(0.4 1.672 0)
(0.45 1.672 0)
(0.5 1.672 0)
(0.55 1.672 0)
(0.6 1.672 0)
(0.65 1.672 0)
(0.7 1.672 0)
(0.75 1.672 0)
(0.8 1.672 0)
(0.85 1.672 0)
(0.9 1.672 0)
(0.95 1.672 0)
(1 1.672 0)
(1.05 1.672 0)
(1.1 1.672 0)
(1.15 1.672 0)
(1.2 1.672 0)
(1.25 1.672 0)
(1.3 1.672 0)
(1.35 1.672 0)
(1.4 1.672 0)
(1.45 1.672 0)
(1.5 1.672 0)
(0 1.716 0)
(0.05 1.716 0)
(0.1 1.716 0)
(0.15 1.716 0)
(0.2 1.716 0)
(0.25 1.716 0)
(0.3 1.716 0)
(0.35 1.716 0)
(0.4 1.716 0)
(0.45 1.716 0)
(0.5 1.716 0)
(0.55 1.716 0)
(0.6 1.716 0)
(0.65 1.716 0)
(0.7 1.716 0)
(0.75 1.716 0)
(0.8 1.716 0)
(0.85 1.716 0)
(0.9 1.716 0)
(0.95 1.716 0)
(1 1.716 0)
(1.05 1.716 0)
(1.1 1.716 0)
(1.15 1.716 0)
(1.2 1.716 0)
(1.25 1.716 0)
(1.3 1.716 0)
(1.35 1.716 0)
(1.4 1.716 0)
(1.45 1.716 0)
(1.5 1.716 0)
(0 1.76 0)
(0.05 1.76 0)
(0.1 1.76 0)
(0.15 1.76 0)
(0.2 1.76 0)
(0.25 1.76 0)
(0.3 1.76 0)
(0.35 1.76 0)
(0.4 1.76 0)
(0.45 1.76 0)
(0.5 1.76 0)
(0.55 1.76 0)
(0.6 1.76 0)
(0.65 1.76 0)
(0.7 1.76 0)
(0.75 1.76 0)
(0.8 1.76 0)
(0.85 1.76 0)
(0.9 1.76 0)
(0.95 1.76 0)
(1 1.76 0)
(1.05 1.76 0)
(1.1 1.76 0)
(1.15 1.76 0)
(1.2 1.76 0)
(1.25 1.76 0)
(1.3 1.76 0)
(1.35 1.76 0)
(1.4 1.76 0)
(1.45 1.76 0)
(1.5 1.76 0)
(0 1.804 0)
(0.05 1.804 0)
(0.1 1.804 0)
(0.15 1.804 0)
(0.2 1.804 0)
(0.25 1.804 0)
(0.3 1.804 0)
(0.35 1.804 0)
(0.4 1.804 0)
(0.45 1.804 0)
(0.5 1.804 0)
(0.55 1.804 0)
(0.6 1.804 0)
(0.65 1.804 0)
(0.7 1.804 0)
(0.75 1.804 0)
(0.8 1.804 0)
(0.85 1.804 0)
(0.9 1.804 0)
(0.95 1.804 0)
(1 1.804 0)
(1.05 1.804 0)
(1.1 1.804 0)
(1.15 1.804 0)
(1.2 1.804 0)
(1.25 1.804 0)
(1.3 1.804 0)
(1.35 1.804 0)
(1.4 1.804 0)
(1.45 1.804 0)
(1.5 1.804 0)
(0 1.848 0)
(0.05 1.848 0)
(0.1 1.848 0)
(0.15 1.848 0)
(0.2 1.848 0)
(0.25 1.848 0)
(0.3 1.848 0)
(0.35 1.848 0)
(0.4 1.848 0)
(0.45 1.848 0)
(0.5 1.848 0)
(0.55 1.848 0)
(0.6 1.848 0)
(0.65 1.848 0)
(0.7 1.848 0)
(0.75 1.848 0)
(0.8 1.848 0)
(0.85 1.848 0)
(0.9 1.848 0)
(0.95 1.848 0)
(1 1.848 0)
(1.05 1.848 0)
(1.1 1.848 0)
(1.15 1.848 0)
(1.2 1.848 0)
(1.25 1.848 0)
(1.3 1.848 0)
(1.35 1.848 0)
(1.4 1.848 0)
(1.45 1.848 0)
(1.5 1.848 0)
(0 1.892 0)
(0.05 1.892 0)
(0.1 1.892 0)
(0.15 1.892 0)
(0.2 1.892 0)
(0.25 1.892 0)
(0.3 1.892 0)
(0.35 1.892 0)
(0.4 1.892 0)
(0.45 1.892 0)
(0.5 1.892 0)
(0.55 1.892 0)
(0.6 1.892 0)
(0.65 1.892 0)
(0.7 1.892 0)
(0.75 1.892 0)
(0.8 1.892 0)
(0.85 1.892 0)
(0.9 1.892 0)
(0.95 1.892 0)
(1 1.892 0)
(1.05 1.892 0)
(1.1 1.892 0)
(1.15 1.892 0)
(1.2 1.892 0)
(1.25 1.892 0)
(1.3 1.892 0)
(1.35 1.892 0)
(1.4 1.892 0)
(1.45 1.892 0)
(1.5 1.892 0)
(0 1.936 0)
(0.05 1.936 0)
(0.1 1.936 0)
(0.15 1.936 0)
(0.2 1.936 0)
(0.25 1.936 0)
(0.3 1.936 0)
(0.35 1.936 0)
(0.4 1.936 0)
(0.45 1.936 0)
(0.5 1.936 0)
(0.55 1.936 0)
(0.6 1.936 0)
(0.65 1.936 0)
(0.7 1.936 0)
(0.75 1.936 0)
(0.8 1.936 0)
(0.85 1.936 0)
(0.9 1.936 0)
(0.95 1.936 0)
(1 1.936 0)
(1.05 1.936 0)
(1.1 1.936 0)
(1.15 1.936 0)
(1.2 1.936 0)
(1.25 1.936 0)
(1.3 1.936 0)
(1.35 1.936 0)
(1.4 1.936 0)
(1.45 1.936 0)
(1.5 1.936 0)
(0 1.98 0)
(0.05 1.98 0)
(0.1 1.98 0)
(0.15 1.98 0)
(0.2 1.98 0)
(0.25 1.98 0)
(0.3 1.98 0)
(0.35 1.98 0)
(0.4 1.98 0)
(0.45 1.98 0)
(0.5 1.98 0)
(0.55 1.98 0)
(0.6 1.98 0)
(0.65 1.98 0)
(0.7 1.98 0)
(0.75 1.98 0)
(0.8 1.98 0)
(0.85 1.98 0)
(0.9 1.98 0)
(0.95 1.98 0)
(1 1.98 0)
(1.05 1.98 0)
(1.1 1.98 0)
(1.15 1.98 0)
(1.2 1.98 0)
(1.25 1.98 0)
(1.3 1.98 0)
(1.35 1.98 0)
(1.4 1.98 0)
(1.45 1.98 0)
(1.5 1.98 0)
(0 2.024 0)
(0.05 2.024 0)
(0.1 2.024 0)
(0.15 2.024 0)
(0.2 2.024 0)
(0.25 2.024 0)
(0.3 2.024 0)
(0.35 2.024 0)
(0.4 2.024 0)
(0.45 2.024 0)
(0.5 2.024 0)
(0.55 2.024 0)
(0.6 2.024 0)
(0.65 2.024 0)
(0.7 2.024 0)
(0.75 2.024 0)
(0.8 2.024 0)
(0.85 2.024 0)
(0.9 2.024 0)
(0.95 2.024 0)
(1 2.024 0)
(1.05 2.024 0)
(1.1 2.024 0)
(1.15 2.024 0)
(1.2 2.024 0)
(1.25 2.024 0)
(1.3 2.024 0)
(1.35 2.024 0)
(1.4 2.024 0)
(1.45 2.024 0)
(1.5 2.024 0)
(0 2.068 0)
(0.05 2.068 0)
(0.1 2.068 0)
(0.15 2.068 0)
(0.2 2.068 0)
(0.25 2.068 0)
(0.3 2.068 0)
(0.35 2.068 0)
(0.4 2.068 0)
(0.45 2.068 0)
(0.5 2.068 0)
(0.55 2.068 0)
(0.6 2.068 0)
(0.65 2.068 0)
(0.7 2.068 0)
(0.75 2.068 0)
(0.8 2.068 0)
(0.85 2.068 0)
(0.9 2.068 0)
(0.95 2.068 0)
(1 2.068 0)
(1.05 2.068 0)
(1.1 2.068 0)
(1.15 2.068 0)
(1.2 2.068 0)
(1.25 2.068 0)
(1.3 2.068 0)
(1.35 2.068 0)
(1.4 2.068 0)
(1.45 2.068 0)
(1.5 2.068 0)
(0 2.112 0)
(0.05 2.112 0)
(0.1 2.112 0)
(0.15 2.112 0)
(0.2 2.112 0)
(0.25 2.112 0)
(0.3 2.112 0)
(0.35 2.112 0)
(0.4 2.112 0)
(0.45 2.112 0)
(0.5 2.112 0)
(0.55 2.112 0)
(0.6 2.112 0)
(0.65 2.112 0)
(0.7 2.112 0)
(0.75 2.112 0)
(0.8 2.112 0)
(0.85 2.112 0)
(0.9 2.112 0)
(0.95 2.112 0)
(1 2.112 0)
(1.05 2.112 0)
(1.1 2.112 0)
(1.15 2.112 0)
(1.2 2.112 0)
(1.25 2.112 0)
(1.3 2.112 0)
(1.35 2.112 0)
(1.4 2.112 0)
(1.45 2.112 0)
(1.5 2.112 0)
(0 2.156 0)
(0.05 2.156 0)
(0.1 2.156 0)
(0.15 2.156 0)
(0.2 2.156 0)
(0.25 2.156 0)
(0.3 2.156 0)
(0.35 2.156 0)
(0.4 2.156 0)
(0.45 2.156 0)
(0.5 2.156 0)
(0.55 2.156 0)
(0.6 2.156 0)
(0.65 2.156 0)
(0.7 2.156 0)
(0.75 2.156 0)
(0.8 2.156 0)
(0.85 2.156 0)
(0.9 2.156 0)
(0.95 2.156 0)
(1 2.156 0)
(1.05 2.156 0)
(1.1 2.156 0)
(1.15 2.156 0)
(1.2 2.156 0)
(1.25 2.156 0)
(1.3 2.156 0)
(1.35 2.156 0)
(1.4 2.156 0)
(1.45 2.156 0)
(1.5 2.156 0)
(0 2.2 0)
(0.05 2.2 0)
(0.1 2.2 0)
(0.15 2.2 0)
(0.2 2.2 0)
(0.25 2.2 0)
(0.3 2.2 0)
(0.35 2.2 0)
(0.4 2.2 0)
(0.45 2.2 0)
(0.5 2.2 0)
(0.55 2.2 0)
(0.6 2.2 0)
(0.65 2.2 0)
(0.7 2.2 0)
(0.75 2.2 0)
(0.8 2.2 0)
(0.85 2.2 0)
(0.9 2.2 0)
(0.95 2.2 0)
(1 2.2 0)
(1.05 2.2 0)
(1.1 2.2 0)
(1.15 2.2 0)
(1.2 2.2 0)
(1.25 2.2 0)
(1.3 2.2 0)
(1.35 2.2 0)
(1.4 2.2 0)
(1.45 2.2 0)
(1.5 2.2 0)
(0 0 1)
(0.05 0 1)
(0.1 0 1)
(0.15 0 1)
(0.2 0 1)
(0.25 0 1)
(0.3 0 1)
(0.35 0 1)
(0.4 0 1)
(0.45 0 1)
(0.5 0 1)
(0.55 0 1)
(0.6 0 1)
(0.65 0 1)
(0.7 0 1)
(0.75 0 1)
(0.8 0 1)
(0.85 0 1)
(0.9 0 1)
(0.95 0 1)
(1 0 1)
(1.05 0 1)
(1.1 0 1)
(1.15 0 1)
(1.2 0 1)
(1.25 0 1)
(1.3 0 1)
(1.35 0 1)
(1.4 0 1)
(1.45 0 1)
(1.5 0 1)
(0 0.044 1)
(0.05 0.044 1)
(0.1 0.044 1)
(0.15 0.044 1)
(0.2 0.044 1)
(0.25 0.044 1)
(0.3 0.044 1)
(0.35 0.044 1)
(0.4 0.044 1)
(0.45 0.044 1)
(0.5 0.044 1)
(0.55 0.044 1)
(0.6 0.044 1)
(0.65 0.044 1)
(0.7 0.044 1)
(0.75 0.044 1)
(0.8 0.044 1)
(0.85 0.044 1)
(0.9 0.044 1)
(0.95 0.044 1)
(1 0.044 1)
(1.05 0.044 1)
(1.1 0.044 1)
(1.15 0.044 1)
(1.2 0.044 1)
(1.25 0.044 1)
(1.3 0.044 1)
(1.35 0.044 1)
(1.4 0.044 1)
(1.45 0.044 1)
(1.5 0.044 1)
(0 0.088 1)
(0.05 0.088 1)
(0.1 0.088 1)
(0.15 0.088 1)
(0.2 0.088 1)
(0.25 0.088 1)
(0.3 0.088 1)
(0.35 0.088 1)
(0.4 0.088 1)
(0.45 0.088 1)
(0.5 0.088 1)
(0.55 0.088 1)
(0.6 0.088 1)
(0.65 0.088 1)
(0.7 0.088 1)
(0.75 0.088 1)
(0.8 0.088 1)
(0.85 0.088 1)
(0.9 0.088 1)
(0.95 0.088 1)
(1 0.088 1)
(1.05 0.088 1)
(1.1 0.088 1)
(1.15 0.088 1)
(1.2 0.088 1)
(1.25 0.088 1)
(1.3 0.088 1)
(1.35 0.088 1)
(1.4 0.088 1)
(1.45 0.088 1)
(1.5 0.088 1)
(0 0.132 1)
(0.05 0.132 1)
(0.1 0.132 1)
(0.15 0.132 1)
(0.2 0.132 1)
(0.25 0.132 1)
(0.3 0.132 1)
(0.35 0.132 1)
(0.4 0.132 1)
(0.45 0.132 1)
(0.5 0.132 1)
(0.55 0.132 1)
(0.6 0.132 1)
(0.65 0.132 1)
(0.7 0.132 1)
(0.75 0.132 1)
(0.8 0.132 1)
(0.85 0.132 1)
(0.9 0.132 1)
(0.95 0.132 1)
(1 0.132 1)
(1.05 0.132 1)
(1.1 0.132 1)
(1.15 0.132 1)
(1.2 0.132 1)
(1.25 0.132 1)
(1.3 0.132 1)
(1.35 0.132 1)
(1.4 0.132 1)
(1.45 0.132 1)
(1.5 0.132 1)
(0 0.176 1)
(0.05 0.176 1)
(0.1 0.176 1)
(0.15 0.176 1)
(0.2 0.176 1)
(0.25 0.176 1)
(0.3 0.176 1)
(0.35 0.176 1)
(0.4 0.176 1)
(0.45 0.176 1)
(0.5 0.176 1)
(0.55 0.176 1)
(0.6 0.176 1)
(0.65 0.176 1)
(0.7 0.176 1)
(0.75 0.176 1)
(0.8 0.176 1)
(0.85 0.176 1)
(0.9 0.176 1)
(0.95 0.176 1)
(1 0.176 1)
(1.05 0.176 1)
(1.1 0.176 1)
(1.15 0.176 1)
(1.2 0.176 1)
(1.25 0.176 1)
(1.3 0.176 1)
(1.35 0.176 1)
(1.4 0.176 1)
(1.45 0.176 1)
(1.5 0.176 1)
(0 0.22 1)
(0.05 0.22 1)
(0.1 0.22 1)
(0.15 0.22 1)
(0.2 0.22 1)
(0.25 0.22 1)
(0.3 0.22 1)
(0.35 0.22 1)
(0.4 0.22 1)
(0.45 0.22 1)
(0.5 0.22 1)
(0.55 0.22 1)
(0.6 0.22 1)
(0.65 0.22 1)
(0.7 0.22 1)
(0.75 0.22 1)
(0.8 0.22 1)
(0.85 0.22 1)
(0.9 0.22 1)
(0.95 0.22 1)
(1 0.22 1)
(1.05 0.22 1)
(1.1 0.22 1)
(1.15 0.22 1)
(1.2 0.22 1)
(1.25 0.22 1)
(1.3 0.22 1)
(1.35 0.22 1)
(1.4 0.22 1)
(1.45 0.22 1)
(1.5 0.22 1)
(0 0.264 1)
(0.05 0.264 1)
(0.1 0.264 1)
(0.15 0.264 1)
(0.2 0.264 1)
(0.25 0.264 1)
(0.3 0.264 1)
(0.35 0.264 1)
(0.4 0.264 1)
(0.45 0.264 1)
(0.5 0.264 1)
(0.55 0.264 1)
(0.6 0.264 1)
(0.65 0.264 1)
(0.7 0.264 1)
(0.75 0.264 1)
(0.8 0.264 1)
(0.85 0.264 1)
(0.9 0.264 1)
(0.95 0.264 1)
(1 0.264 1)
(1.05 0.264 1)
(1.1 0.264 1)
(1.15 0.264 1)
(1.2 0.264 1)
(1.25 0.264 1)
(1.3 0.264 1)
(1.35 0.264 1)
(1.4 0.264 1)
(1.45 0.264 1)
(1.5 0.264 1)
(0 0.308 1)
(0.05 0.308 1)
(0.1 0.308 1)
(0.15 0.308 1)
(0.2 0.308 1)
(0.25 0.308 1)
(0.3 0.308 1)
(0.35 0.308 1)
(0.4 0.308 1)
(0.45 0.308 1)
(0.5 0.308 1)
(0.55 0.308 1)
(0.6 0.308 1)
(0.65 0.308 1)
(0.7 0.308 1)
(0.75 0.308 1)
(0.8 0.308 1)
(0.85 0.308 1)
(0.9 0.308 1)
(0.95 0.308 1)
(1 0.308 1)
(1.05 0.308 1)
(1.1 0.308 1)
(1.15 0.308 1)
(1.2 0.308 1)
(1.25 0.308 1)
(1.3 0.308 1)
(1.35 0.308 1)
(1.4 0.308 1)
(1.45 0.308 1)
(1.5 0.308 1)
(0 0.352 1)
(0.05 0.352 1)
(0.1 0.352 1)
(0.15 0.352 1)
(0.2 0.352 1)
(0.25 0.352 1)
(0.3 0.352 1)
(0.35 0.352 1)
(0.4 0.352 1)
(0.45 0.352 1)
(0.5 0.352 1)
(0.55 0.352 1)
(0.6 0.352 1)
(0.65 0.352 1)
(0.7 0.352 1)
(0.75 0.352 1)
(0.8 0.352 1)
(0.85 0.352 1)
(0.9 0.352 1)
(0.95 0.352 1)
(1 0.352 1)
(1.05 0.352 1)
(1.1 0.352 1)
(1.15 0.352 1)
(1.2 0.352 1)
(1.25 0.352 1)
(1.3 0.352 1)
(1.35 0.352 1)
(1.4 0.352 1)
(1.45 0.352 1)
(1.5 0.352 1)
(0 0.396 1)
(0.05 0.396 1)
(0.1 0.396 1)
(0.15 0.396 1)
(0.2 0.396 1)
(0.25 0.396 1)
(0.3 0.396 1)
(0.35 0.396 1)
(0.4 0.396 1)
(0.45 0.396 1)
(0.5 0.396 1)
(0.55 0.396 1)
(0.6 0.396 1)
(0.65 0.396 1)
(0.7 0.396 1)
(0.75 0.396 1)
(0.8 0.396 1)
(0.85 0.396 1)
(0.9 0.396 1)
(0.95 0.396 1)
(1 0.396 1)
(1.05 0.396 1)
(1.1 0.396 1)
(1.15 0.396 1)
(1.2 0.396 1)
(1.25 0.396 1)
(1.3 0.396 1)
(1.35 0.396 1)
(1.4 0.396 1)
(1.45 0.396 1)
(1.5 0.396 1)
(0 0.44 1)
(0.05 0.44 1)
(0.1 0.44 1)
(0.15 0.44 1)
(0.2 0.44 1)
(0.25 0.44 1)
(0.3 0.44 1)
(0.35 0.44 1)
(0.4 0.44 1)
(0.45 0.44 1)
(0.5 0.44 1)
(0.55 0.44 1)
(0.6 0.44 1)
(0.65 0.44 1)
(0.7 0.44 1)
(0.75 0.44 1)
(0.8 0.44 1)
(0.85 0.44 1)
(0.9 0.44 1)
(0.95 0.44 1)
(1 0.44 1)
(1.05 0.44 1)
(1.1 0.44 1)
(1.15 0.44 1)
(1.2 0.44 1)
(1.25 0.44 1)
(1.3 0.44 1)
(1.35 0.44 1)
(1.4 0.44 1)
(1.45 0.44 1)
(1.5 0.44 1)
(0 0.484 1)
(0.05 0.484 1)
(0.1 0.484 1)
(0.15 0.484 1)
(0.2 0.484 1)
(0.25 0.484 1)
(0.3 0.484 1)
(0.35 0.484 1)
(0.4 0.484 1)
(0.45 0.484 1)
(0.5 0.484 1)
(0.55 0.484 1)
(0.6 0.484 1)
(0.65 0.484 1)
(0.7 0.484 1)
(0.75 0.484 1)
(0.8 0.484 1)
(0.85 0.484 1)
(0.9 0.484 1)
(0.95 0.484 1)
(1 0.484 1)
(1.05 0.484 1)
(1.1 0.484 1)
(1.15 0.484 1)
(1.2 0.484 1)
(1.25 0.484 1)
(1.3 0.484 1)
(1.35 0.484 1)
(1.4 0.484 1)
(1.45 0.484 1)
(1.5 0.484 1)
(0 0.528 1)
(0.05 0.528 1)
(0.1 0.528 1)
(0.15 0.528 1)
(0.2 0.528 1)
(0.25 0.528 1)
(0.3 0.528 1)
(0.35 0.528 1)
(0.4 0.528 1)
(0.45 0.528 1)
(0.5 0.528 1)
(0.55 0.528 1)
(0.6 0.528 1)
(0.65 0.528 1)
(0.7 0.528 1)
(0.75 0.528 1)
(0.8 0.528 1)
(0.85 0.528 1)
(0.9 0.528 1)
(0.95 0.528 1)
(1 0.528 1)
(1.05 0.528 1)
(1.1 0.528 1)
(1.15 0.528 1)
(1.2 0.528 1)
(1.25 0.528 1)
(1.3 0.528 1)
(1.35 0.528 1)
(1.4 0.528 1)
(1.45 0.528 1)
(1.5 0.528 1)
(0 0.572 1)
(0.05 0.572 1)
(0.1 0.572 1)
(0.15 0.572 1)
(0.2 0.572 1)
(0.25 0.572 1)
(0.3 0.572 1)
(0.35 0.572 1)
(0.4 0.572 1)
(0.45 0.572 1)
(0.5 0.572 1)
(0.55 0.572 1)
(0.6 0.572 1)
(0.65 0.572 1)
(0.7 0.572 1)
(0.75 0.572 1)
(0.8 0.572 1)
(0.85 0.572 1)
(0.9 0.572 1)
(0.95 0.572 1)
(1 0.572 1)
(1.05 0.572 1)
(1.1 0.572 1)
(1.15 0.572 1)
(1.2 0.572 1)
(1.25 0.572 1)
(1.3 0.572 1)
(1.35 0.572 1)
(1.4 0.572 1)
(1.45 0.572 1)
(1.5 0.572 1)
(0 0.616 1)
(0.05 0.616 1)
(0.1 0.616 1)
(0.15 0.616 1)
(0.2 0.616 1)
(0.25 0.616 1)
(0.3 0.616 1)
(0.35 0.616 1)
(0.4 0.616 1)
(0.45 0.616 1)
(0.5 0.616 1)
(0.55 0.616 1)
(0.6 0.616 1)
(0.65 0.616 1)
(0.7 0.616 1)
(0.75 0.616 1)
(0.8 0.616 1)
(0.85 0.616 1)
(0.9 0.616 1)
(0.95 0.616 1)
(1 0.616 1)
(1.05 0.616 1)
(1.1 0.616 1)
(1.15 0.616 1)
(1.2 0.616 1)
(1.25 0.616 1)
(1.3 0.616 1)
(1.35 0.616 1)
(1.4 0.616 1)
(1.45 0.616 1)
(1.5 0.616 1)
(0 0.66 1)
(0.05 0.66 1)
(0.1 0.66 1)
(0.15 0.66 1)
(0.2 0.66 1)
(0.25 0.66 1)
(0.3 0.66 1)
(0.35 0.66 1)
(0.4 0.66 1)
(0.45 0.66 1)
(0.5 0.66 1)
(0.55 0.66 1)
(0.6 0.66 1)
(0.65 0.66 1)
(0.7 0.66 1)
(0.75 0.66 1)
(0.8 0.66 1)
(0.85 0.66 1)
(0.9 0.66 1)
(0.95 0.66 1)
(1 0.66 1)
(1.05 0.66 1)
(1.1 0.66 1)
(1.15 0.66 1)
(1.2 0.66 1)
(1.25 0.66 1)
(1.3 0.66 1)
(1.35 0.66 1)
(1.4 0.66 1)
(1.45 0.66 1)
(1.5 0.66 1)
(0 0.704 1)
(0.05 0.704 1)
(0.1 0.704 1)
(0.15 0.704 1)
(0.2 0.704 1)
(0.25 0.704 1)
(0.3 0.704 1)
(0.35 0.704 1)
(0.4 0.704 1)
(0.45 0.704 1)
(0.5 0.704 1)
(0.55 0.704 1)
(0.6 0.704 1)
(0.65 0.704 1)
(0.7 0.704 1)
(0.75 0.704 1)
(0.8 0.704 1)
(0.85 0.704 1)
(0.9 0.704 1)
(0.95 0.704 1)
(1 0.704 1)
(1.05 0.704 1)
(1.1 0.704 1)
(1.15 0.704 1)
(1.2 0.704 1)
(1.25 0.704 1)
(1.3 0.704 1)
(1.35 0.704 1)
(1.4 0.704 1)
(1.45 0.704 1)
(1.5 0.704 1)
(0 0.748 1)
(0.05 0.748 1)
(0.1 0.748 1)
(0.15 0.748 1)
(0.2 0.748 1)
(0.25 0.748 1)
(0.3 0.748 1)
(0.35 0.748 1)
(0.4 0.748 1)
(0.45 0.748 1)
(0.5 0.748 1)
(0.55 0.748 1)
(0.6 0.748 1)
(0.65 0.748 1)
(0.7 0.748 1)
(0.75 0.748 1)
(0.8 0.748 1)
(0.85 0.748 1)
(0.9 0.748 1)
(0.95 0.748 1)
(1 0.748 1)
(1.05 0.748 1)
(1.1 0.748 1)
(1.15 0.748 1)
(1.2 0.748 1)
(1.25 0.748 1)
(1.3 0.748 1)
(1.35 0.748 1)
(1.4 0.748 1)
(1.45 0.748 1)
(1.5 0.748 1)
(0 0.792 1)
(0.05 0.792 1)
(0.1 0.792 1)
(0.15 0.792 1)
(0.2 0.792 1)
(0.25 0.792 1)
(0.3 0.792 1)
(0.35 0.792 1)
(0.4 0.792 1)
(0.45 0.792 1)
(0.5 0.792 1)
(0.55 0.792 1)
(0.6 0.792 1)
(0.65 0.792 1)
(0.7 0.792 1)
(0.75 0.792 1)
(0.8 0.792 1)
(0.85 0.792 1)
(0.9 0.792 1)
(0.95 0.792 1)
(1 0.792 1)
(1.05 0.792 1)
(1.1 0.792 1)
(1.15 0.792 1)
(1.2 0.792 1)
(1.25 0.792 1)
(1.3 0.792 1)
(1.35 0.792 1)
(1.4 0.792 1)
(1.45 0.792 1)
(1.5 0.792 1)
(0 0.836 1)
(0.05 0.836 1)
(0.1 0.836 1)
(0.15 0.836 1)
(0.2 0.836 1)
(0.25 0.836 1)
(0.3 0.836 1)
(0.35 0.836 1)
(0.4 0.836 1)
(0.45 0.836 1)
(0.5 0.836 1)
(0.55 0.836 1)
(0.6 0.836 1)
(0.65 0.836 1)
(0.7 0.836 1)
(0.75 0.836 1)
(0.8 0.836 1)
(0.85 0.836 1)
(0.9 0.836 1)
(0.95 0.836 1)
(1 0.836 1)
(1.05 0.836 1)
(1.1 0.836 1)
(1.15 0.836 1)
(1.2 0.836 1)
(1.25 0.836 1)
(1.3 0.836 1)
(1.35 0.836 1)
(1.4 0.836 1)
(1.45 0.836 1)
(1.5 0.836 1)
(0 0.88 1)
(0.05 0.88 1)
(0.1 0.88 1)
(0.15 0.88 1)
(0.2 0.88 1)
(0.25 0.88 1)
(0.3 0.88 1)
(0.35 0.88 1)
(0.4 0.88 1)
(0.45 0.88 1)
(0.5 0.88 1)
(0.55 0.88 1)
(0.6 0.88 1)
(0.65 0.88 1)
(0.7 0.88 1)
(0.75 0.88 1)
(0.8 0.88 1)
(0.85 0.88 1)
(0.9 0.88 1)
(0.95 0.88 1)
(1 0.88 1)
(1.05 0.88 1)
(1.1 0.88 1)
(1.15 0.88 1)
(1.2 0.88 1)
(1.25 0.88 1)
(1.3 0.88 1)
(1.35 0.88 1)
(1.4 0.88 1)
(1.45 0.88 1)
(1.5 0.88 1)
(0 0.924 1)
(0.05 0.924 1)
(0.1 0.924 1)
(0.15 0.924 1)
(0.2 0.924 1)
(0.25 0.924 1)
(0.3 0.924 1)
(0.35 0.924 1)
(0.4 0.924 1)
(0.45 0.924 1)
(0.5 0.924 1)
(0.55 0.924 1)
(0.6 0.924 1)
(0.65 0.924 1)
(0.7 0.924 1)
(0.75 0.924 1)
(0.8 0.924 1)
(0.85 0.924 1)
(0.9 0.924 1)
(0.95 0.924 1)
(1 0.924 1)
(1.05 0.924 1)
(1.1 0.924 1)
(1.15 0.924 1)
(1.2 0.924 1)
(1.25 0.924 1)
(1.3 0.924 1)
(1.35 0.924 1)
(1.4 0.924 1)
(1.45 0.924 1)
(1.5 0.924 1)
(0 0.968 1)
(0.05 0.968 1)
(0.1 0.968 1)
(0.15 0.968 1)
(0.2 0.968 1)
(0.25 0.968 1)
(0.3 0.968 1)
(0.35 0.968 1)
(0.4 0.968 1)
(0.45 0.968 1)
(0.5 0.968 1)
(0.55 0.968 1)
(0.6 0.968 1)
(0.65 0.968 1)
(0.7 0.968 1)
(0.75 0.968 1)
(0.8 0.968 1)
(0.85 0.968 1)
(0.9 0.968 1)
(0.95 0.968 1)
(1 0.968 1)
(1.05 0.968 1)
(1.1 0.968 1)
(1.15 0.968 1)
(1.2 0.968 1)
(1.25 0.968 1)
(1.3 0.968 1)
(1.35 0.968 1)
(1.4 0.968 1)
(1.45 0.968 1)
(1.5 0.968 1)
(0 1.012 1)
(0.05 1.012 1)
(0.1 1.012 1)
(0.15 1.012 1)
(0.2 1.012 1)
(0.25 1.012 1)
(0.3 1.012 1)
(0.35 1.012 1)
(0.4 1.012 1)
(0.45 1.012 1)
(0.5 1.012 1)
(0.55 1.012 1)
(0.6 1.012 1)
(0.65 1.012 1)
(0.7 1.012 1)
(0.75 1.012 1)
(0.8 1.012 1)
(0.85 1.012 1)
(0.9 1.012 1)
(0.95 1.012 1)
(1 1.012 1)
(1.05 1.012 1)
(1.1 1.012 1)
(1.15 1.012 1)
(1.2 1.012 1)
(1.25 1.012 1)
(1.3 1.012 1)
(1.35 1.012 1)
(1.4 1.012 1)
(1.45 1.012 1)
(1.5 1.012 1)
(0 1.056 1)
(0.05 1.056 1)
(0.1 1.056 1)
(0.15 1.056 1)
(0.2 1.056 1)
(0.25 1.056 1)
(0.3 1.056 1)
(0.35 1.056 1)
(0.4 1.056 1)
(0.45 1.056 1)
(0.5 1.056 1)
(0.55 1.056 1)
(0.6 1.056 1)
(0.65 1.056 1)
(0.7 1.056 1)
(0.75 1.056 1)
(0.8 1.056 1)
(0.85 1.056 1)
(0.9 1.056 1)
(0.95 1.056 1)
(1 1.056 1)
(1.05 1.056 1)
(1.1 1.056 1)
(1.15 1.056 1)
(1.2 1.056 1)
(1.25 1.056 1)
(1.3 1.056 1)
(1.35 1.056 1)
(1.4 1.056 1)
(1.45 1.056 1)
(1.5 1.056 1)
(0 1.1 1)
(0.05 1.1 1)
(0.1 1.1 1)
(0.15 1.1 1)
(0.2 1.1 1)
(0.25 1.1 1)
(0.3 1.1 1)
(0.35 1.1 1)
(0.4 1.1 1)
(0.45 1.1 1)
(0.5 1.1 1)
(0.55 1.1 1)
(0.6 1.1 1)
(0.65 1.1 1)
(0.7 1.1 1)
(0.75 1.1 1)
(0.8 1.1 1)
(0.85 1.1 1)
(0.9 1.1 1)
(0.95 1.1 1)
(1 1.1 1)
(1.05 1.1 1)
(1.1 1.1 1)
(1.15 1.1 1)
(1.2 1.1 1)
(1.25 1.1 1)
(1.3 1.1 1)
(1.35 1.1 1)
(1.4 1.1 1)
(1.45 1.1 1)
(1.5 1.1 1)
(0 1.144 1)
(0.05 1.144 1)
(0.1 1.144 1)
(0.15 1.144 1)
(0.2 1.144 1)
(0.25 1.144 1)
(0.3 1.144 1)
(0.35 1.144 1)
(0.4 1.144 1)
(0.45 1.144 1)
(0.5 1.144 1)
(0.55 1.144 1)
(0.6 1.144 1)
(0.65 1.144 1)
(0.7 1.144 1)
(0.75 1.144 1)
(0.8 1.144 1)
(0.85 1.144 1)
(0.9 1.144 1)
(0.95 1.144 1)
(1 1.144 1)
(1.05 1.144 1)
(1.1 1.144 1)
(1.15 1.144 1)
(1.2 1.144 1)
(1.25 1.144 1)
(1.3 1.144 1)
(1.35 1.144 1)
(1.4 1.144 1)
(1.45 1.144 1)
(1.5 1.144 1)
(0 1.188 1)
(0.05 1.188 1)
(0.1 1.188 1)
(0.15 1.188 1)
(0.2 1.188 1)
(0.25 1.188 1)
(0.3 1.188 1)
(0.35 1.188 1)
(0.4 1.188 1)
(0.45 1.188 1)
(0.5 1.188 1)
(0.55 1.188 1)
(0.6 1.188 1)
(0.65 1.188 1)
(0.7 1.188 1)
(0.75 1.188 1)
(0.8 1.188 1)
(0.85 1.188 1)
(0.9 1.188 1)
(0.95 1.188 1)
(1 1.188 1)
(1.05 1.188 1)
(1.1 1.188 1)
(1.15 1.188 1)
(1.2 1.188 1)
(1.25 1.188 1)
(1.3 1.188 1)
(1.35 1.188 1)
(1.4 1.188 1)
(1.45 1.188 1)
(1.5 1.188 1)
(0 1.232 1)
(0.05 1.232 1)
(0.1 1.232 1)
(0.15 1.232 1)
(0.2 1.232 1)
(0.25 1.232 1)
(0.3 1.232 1)
(0.35 1.232 1)
(0.4 1.232 1)
(0.45 1.232 1)
(0.5 1.232 1)
(0.55 1.232 1)
(0.6 1.232 1)
(0.65 1.232 1)
(0.7 1.232 1)
(0.75 1.232 1)
(0.8 1.232 1)
(0.85 1.232 1)
(0.9 1.232 1)
(0.95 1.232 1)
(1 1.232 1)
(1.05 1.232 1)
(1.1 1.232 1)
(1.15 1.232 1)
(1.2 1.232 1)
(1.25 1.232 1)
(1.3 1.232 1)
(1.35 1.232 1)
(1.4 1.232 1)
(1.45 1.232 1)
(1.5 1.232 1)
(0 1.276 1)
(0.05 1.276 1)
(0.1 1.276 1)
(0.15 1.276 1)
(0.2 1.276 1)
(0.25 1.276 1)
(0.3 1.276 1)
(0.35 1.276 1)
(0.4 1.276 1)
(0.45 1.276 1)
(0.5 1.276 1)
(0.55 1.276 1)
(0.6 1.276 1)
(0.65 1.276 1)
(0.7 1.276 1)
(0.75 1.276 1)
(0.8 1.276 1)
(0.85 1.276 1)
(0.9 1.276 1)
(0.95 1.276 1)
(1 1.276 1)
(1.05 1.276 1)
(1.1 1.276 1)
(1.15 1.276 1)
(1.2 1.276 1)
(1.25 1.276 1)
(1.3 1.276 1)
(1.35 1.276 1)
(1.4 1.276 1)
(1.45 1.276 1)
(1.5 1.276 1)
(0 1.32 1)
(0.05 1.32 1)
(0.1 1.32 1)
(0.15 1.32 1)
(0.2 1.32 1)
(0.25 1.32 1)
(0.3 1.32 1)
(0.35 1.32 1)
(0.4 1.32 1)
(0.45 1.32 1)
(0.5 1.32 1)
(0.55 1.32 1)
(0.6 1.32 1)
(0.65 1.32 1)
(0.7 1.32 1)
(0.75 1.32 1)
(0.8 1.32 1)
(0.85 1.32 1)
(0.9 1.32 1)
(0.95 1.32 1)
(1 1.32 1)
(1.05 1.32 1)
(1.1 1.32 1)
(1.15 1.32 1)
(1.2 1.32 1)
(1.25 1.32 1)
(1.3 1.32 1)
(1.35 1.32 1)
(1.4 1.32 1)
(1.45 1.32 1)
(1.5 1.32 1)
(0 1.364 1)
(0.05 1.364 1)
(0.1 1.364 1)
(0.15 1.364 1)
(0.2 1.364 1)
(0.25 1.364 1)
(0.3 1.364 1)
(0.35 1.364 1)
(0.4 1.364 1)
(0.45 1.364 1)
(0.5 1.364 1)
(0.55 1.364 1)
(0.6 1.364 1)
(0.65 1.364 1)
(0.7 1.364 1)
(0.75 1.364 1)
(0.8 1.364 1)
(0.85 1.364 1)
(0.9 1.364 1)
(0.95 1.364 1)
(1 1.364 1)
(1.05 1.364 1)
(1.1 1.364 1)
(1.15 1.364 1)
(1.2 1.364 1)
(1.25 1.364 1)
(1.3 1.364 1)
(1.35 1.364 1)
(1.4 1.364 1)
(1.45 1.364 1)
(1.5 1.364 1)
(0 1.408 1)
(0.05 1.408 1)
(0.1 1.408 1)
(0.15 1.408 1)
(0.2 1.408 1)
(0.25 1.408 1)
(0.3 1.408 1)
(0.35 1.408 1)
(0.4 1.408 1)
(0.45 1.408 1)
(0.5 1.408 1)
(0.55 1.408 1)
(0.6 1.408 1)
(0.65 1.408 1)
(0.7 1.408 1)
(0.75 1.408 1)
(0.8 1.408 1)
(0.85 1.408 1)
(0.9 1.408 1)
(0.95 1.408 1)
(1 1.408 1)
(1.05 1.408 1)
(1.1 1.408 1)
(1.15 1.408 1)
(1.2 1.408 1)
(1.25 1.408 1)
(1.3 1.408 1)
(1.35 1.408 1)
(1.4 1.408 1)
(1.45 1.408 1)
(1.5 1.408 1)
(0 1.452 1)
(0.05 1.452 1)
(0.1 1.452 1)
(0.15 1.452 1)
(0.2 1.452 1)
(0.25 1.452 1)
(0.3 1.452 1)
(0.35 1.452 1)
(0.4 1.452 1)
(0.45 1.452 1)
(0.5 1.452 1)
(0.55 1.452 1)
(0.6 1.452 1)
(0.65 1.452 1)
(0.7 1.452 1)
(0.75 1.452 1)
(0.8 1.452 1)
(0.85 1.452 1)
(0.9 1.452 1)
(0.95 1.452 1)
(1 1.452 1)
(1.05 1.452 1)
(1.1 1.452 1)
(1.15 1.452 1)
(1.2 1.452 1)
(1.25 1.452 1)
(1.3 1.452 1)
(1.35 1.452 1)
(1.4 1.452 1)
(1.45 1.452 1)
(1.5 1.452 1)
(0 1.496 1)
(0.05 1.496 1)
(0.1 1.496 1)
(0.15 1.496 1)
(0.2 1.496 1)
(0.25 1.496 1)
(0.3 1.496 1)
(0.35 1.496 1)
(0.4 1.496 1)
(0.45 1.496 1)
(0.5 1.496 1)
(0.55 1.496 1)
(0.6 1.496 1)
(0.65 1.496 1)
(0.7 1.496 1)
(0.75 1.496 1)
(0.8 1.496 1)
(0.85 1.496 1)
(0.9 1.496 1)
(0.95 1.496 1)
(1 1.496 1)
(1.05 1.496 1)
(1.1 1.496 1)
(1.15 1.496 1)
(1.2 1.496 1)
(1.25 1.496 1)
(1.3 1.496 1)
(1.35 1.496 1)
(1.4 1.496 1)
(1.45 1.496 1)
(1.5 1.496 1)
(0 1.54 1)
(0.05 1.54 1)
(0.1 1.54 1)
(0.15 1.54 1)
(0.2 1.54 1)
(0.25 1.54 1)
(0.3 1.54 1)
(0.35 1.54 1)
(0.4 1.54 1)
(0.45 1.54 1)
(0.5 1.54 1)
(0.55 1.54 1)
(0.6 1.54 1)
(0.65 1.54 1)
(0.7 1.54 1)
(0.75 1.54 1)
(0.8 1.54 1)
(0.85 1.54 1)
(0.9 1.54 1)
(0.95 1.54 1)
(1 1.54 1)
(1.05 1.54 1)
(1.1 1.54 1)
(1.15 1.54 1)
(1.2 1.54 1)
(1.25 1.54 1)
(1.3 1.54 1)
(1.35 1.54 1)
(1.4 1.54 1)
(1.45 1.54 1)
(1.5 1.54 1)
(0 1.584 1)
(0.05 1.584 1)
(0.1 1.584 1)
(0.15 1.584 1)
(0.2 1.584 1)
(0.25 1.584 1)
(0.3 1.584 1)
(0.35 1.584 1)
(0.4 1.584 1)
(0.45 1.584 1)
(0.5 1.584 1)
(0.55 1.584 1)
(0.6 1.584 1)
(0.65 1.584 1)
(0.7 1.584 1)
(0.75 1.584 1)
(0.8 1.584 1)
(0.85 1.584 1)
(0.9 1.584 1)
(0.95 1.584 1)
(1 1.584 1)
(1.05 1.584 1)
(1.1 1.584 1)
(1.15 1.584 1)
(1.2 1.584 1)
(1.25 1.584 1)
(1.3 1.584 1)
(1.35 1.584 1)
(1.4 1.584 1)
(1.45 1.584 1)
(1.5 1.584 1)
(0 1.628 1)
(0.05 1.628 1)
(0.1 1.628 1)
(0.15 1.628 1)
(0.2 1.628 1)
(0.25 1.628 1)
(0.3 1.628 1)
(0.35 1.628 1)
(0.4 1.628 1)
(0.45 1.628 1)
(0.5 1.628 1)
(0.55 1.628 1)
(0.6 1.628 1)
(0.65 1.628 1)
(0.7 1.628 1)
(0.75 1.628 1)
(0.8 1.628 1)
(0.85 1.628 1)
(0.9 1.628 1)
(0.95 1.628 1)
(1 1.628 1)
(1.05 1.628 1)
(1.1 1.628 1)
(1.15 1.628 1)
(1.2 1.628 1)
(1.25 1.628 1)
(1.3 1.628 1)
(1.35 1.628 1)
(1.4 1.628 1)
(1.45 1.628 1)
(1.5 1.628 1)
(0 1.672 1)
(0.05 1.672 1)
(0.1 1.672 1)
(0.15 1.672 1)
(0.2 1.672 1)
(0.25 1.672 1)
(0.3 1.672 1)
(0.35 1.672 1)
(0.4 1.672 1)
(0.45 1.672 1)
(0.5 1.672 1)
(0.55 1.672 1)
(0.6 1.672 1)
(0.65 1.672 1)
(0.7 1.672 1)
(0.75 1.672 1)
(0.8 1.672 1)
(0.85 1.672 1)
(0.9 1.672 1)
(0.95 1.672 1)
(1 1.672 1)
(1.05 1.672 1)
(1.1 1.672 1)
(1.15 1.672 1)
(1.2 1.672 1)
(1.25 1.672 1)
(1.3 1.672 1)
(1.35 1.672 1)
(1.4 1.672 1)
(1.45 1.672 1)
(1.5 1.672 1)
(0 1.716 1)
(0.05 1.716 1)
(0.1 1.716 1)
(0.15 1.716 1)
(0.2 1.716 1)
(0.25 1.716 1)
(0.3 1.716 1)
(0.35 1.716 1)
(0.4 1.716 1)
(0.45 1.716 1)
(0.5 1.716 1)
(0.55 1.716 1)
(0.6 1.716 1)
(0.65 1.716 1)
(0.7 1.716 1)
(0.75 1.716 1)
(0.8 1.716 1)
(0.85 1.716 1)
(0.9 1.716 1)
(0.95 1.716 1)
(1 1.716 1)
(1.05 1.716 1)
(1.1 1.716 1)
(1.15 1.716 1)
(1.2 1.716 1)
(1.25 1.716 1)
(1.3 1.716 1)
(1.35 1.716 1)
(1.4 1.716 1)
(1.45 1.716 1)
(1.5 1.716 1)
(0 1.76 1)
(0.05 1.76 1)
(0.1 1.76 1)
(0.15 1.76 1)
(0.2 1.76 1)
(0.25 1.76 1)
(0.3 1.76 1)
(0.35 1.76 1)
(0.4 1.76 1)
(0.45 1.76 1)
(0.5 1.76 1)
(0.55 1.76 1)
(0.6 1.76 1)
(0.65 1.76 1)
(0.7 1.76 1)
(0.75 1.76 1)
(0.8 1.76 1)
(0.85 1.76 1)
(0.9 1.76 1)
(0.95 1.76 1)
(1 1.76 1)
(1.05 1.76 1)
(1.1 1.76 1)
(1.15 1.76 1)
(1.2 1.76 1)
(1.25 1.76 1)
(1.3 1.76 1)
(1.35 1.76 1)
(1.4 1.76 1)
(1.45 1.76 1)
(1.5 1.76 1)
(0 1.804 1)
(0.05 1.804 1)
(0.1 1.804 1)
(0.15 1.804 1)
(0.2 1.804 1)
(0.25 1.804 1)
(0.3 1.804 1)
(0.35 1.804 1)
(0.4 1.804 1)
(0.45 1.804 1)
(0.5 1.804 1)
(0.55 1.804 1)
(0.6 1.804 1)
(0.65 1.804 1)
(0.7 1.804 1)
(0.75 1.804 1)
(0.8 1.804 1)
(0.85 1.804 1)
(0.9 1.804 1)
(0.95 1.804 1)
(1 1.804 1)
(1.05 1.804 1)
(1.1 1.804 1)
(1.15 1.804 1)
(1.2 1.804 1)
(1.25 1.804 1)
(1.3 1.804 1)
(1.35 1.804 1)
(1.4 1.804 1)
(1.45 1.804 1)
(1.5 1.804 1)
(0 1.848 1)
(0.05 1.848 1)
(0.1 1.848 1)
(0.15 1.848 1)
(0.2 1.848 1)
(0.25 1.848 1)
(0.3 1.848 1)
(0.35 1.848 1)
(0.4 1.848 1)
(0.45 1.848 1)
(0.5 1.848 1)
(0.55 1.848 1)
(0.6 1.848 1)
(0.65 1.848 1)
(0.7 1.848 1)
(0.75 1.848 1)
(0.8 1.848 1)
(0.85 1.848 1)
(0.9 1.848 1)
(0.95 1.848 1)
(1 1.848 1)
(1.05 1.848 1)
(1.1 1.848 1)
(1.15 1.848 1)
(1.2 1.848 1)
(1.25 1.848 1)
(1.3 1.848 1)
(1.35 1.848 1)
(1.4 1.848 1)
(1.45 1.848 1)
(1.5 1.848 1)
(0 1.892 1)
(0.05 1.892 1)
(0.1 1.892 1)
(0.15 1.892 1)
(0.2 1.892 1)
(0.25 1.892 1)
(0.3 1.892 1)
(0.35 1.892 1)
(0.4 1.892 1)
(0.45 1.892 1)
(0.5 1.892 1)
(0.55 1.892 1)
(0.6 1.892 1)
(0.65 1.892 1)
(0.7 1.892 1)
(0.75 1.892 1)
(0.8 1.892 1)
(0.85 1.892 1)
(0.9 1.892 1)
(0.95 1.892 1)
(1 1.892 1)
(1.05 1.892 1)
(1.1 1.892 1)
(1.15 1.892 1)
(1.2 1.892 1)
(1.25 1.892 1)
(1.3 1.892 1)
(1.35 1.892 1)
(1.4 1.892 1)
(1.45 1.892 1)
(1.5 1.892 1)
(0 1.936 1)
(0.05 1.936 1)
(0.1 1.936 1)
(0.15 1.936 1)
(0.2 1.936 1)
(0.25 1.936 1)
(0.3 1.936 1)
(0.35 1.936 1)
(0.4 1.936 1)
(0.45 1.936 1)
(0.5 1.936 1)
(0.55 1.936 1)
(0.6 1.936 1)
(0.65 1.936 1)
(0.7 1.936 1)
(0.75 1.936 1)
(0.8 1.936 1)
(0.85 1.936 1)
(0.9 1.936 1)
(0.95 1.936 1)
(1 1.936 1)
(1.05 1.936 1)
(1.1 1.936 1)
(1.15 1.936 1)
(1.2 1.936 1)
(1.25 1.936 1)
(1.3 1.936 1)
(1.35 1.936 1)
(1.4 1.936 1)
(1.45 1.936 1)
(1.5 1.936 1)
(0 1.98 1)
(0.05 1.98 1)
(0.1 1.98 1)
(0.15 1.98 1)
(0.2 1.98 1)
(0.25 1.98 1)
(0.3 1.98 1)
(0.35 1.98 1)
(0.4 1.98 1)
(0.45 1.98 1)
(0.5 1.98 1)
(0.55 1.98 1)
(0.6 1.98 1)
(0.65 1.98 1)
(0.7 1.98 1)
(0.75 1.98 1)
(0.8 1.98 1)
(0.85 1.98 1)
(0.9 1.98 1)
(0.95 1.98 1)
(1 1.98 1)
(1.05 1.98 1)
(1.1 1.98 1)
(1.15 1.98 1)
(1.2 1.98 1)
(1.25 1.98 1)
(1.3 1.98 1)
(1.35 1.98 1)
(1.4 1.98 1)
(1.45 1.98 1)
(1.5 1.98 1)
(0 2.024 1)
(0.05 2.024 1)
(0.1 2.024 1)
(0.15 2.024 1)
(0.2 2.024 1)
(0.25 2.024 1)
(0.3 2.024 1)
(0.35 2.024 1)
(0.4 2.024 1)
(0.45 2.024 1)
(0.5 2.024 1)
(0.55 2.024 1)
(0.6 2.024 1)
(0.65 2.024 1)
(0.7 2.024 1)
(0.75 2.024 1)
(0.8 2.024 1)
(0.85 2.024 1)
(0.9 2.024 1)
(0.95 2.024 1)
(1 2.024 1)
(1.05 2.024 1)
(1.1 2.024 1)
(1.15 2.024 1)
(1.2 2.024 1)
(1.25 2.024 1)
(1.3 2.024 1)
(1.35 2.024 1)
(1.4 2.024 1)
(1.45 2.024 1)
(1.5 2.024 1)
(0 2.068 1)
(0.05 2.068 1)
(0.1 2.068 1)
(0.15 2.068 1)
(0.2 2.068 1)
(0.25 2.068 1)
(0.3 2.068 1)
(0.35 2.068 1)
(0.4 2.068 1)
(0.45 2.068 1)
(0.5 2.068 1)
(0.55 2.068 1)
(0.6 2.068 1)
(0.65 2.068 1)
(0.7 2.068 1)
(0.75 2.068 1)
(0.8 2.068 1)
(0.85 2.068 1)
(0.9 2.068 1)
(0.95 2.068 1)
(1 2.068 1)
(1.05 2.068 1)
(1.1 2.068 1)
(1.15 2.068 1)
(1.2 2.068 1)
(1.25 2.068 1)
(1.3 2.068 1)
(1.35 2.068 1)
(1.4 2.068 1)
(1.45 2.068 1)
(1.5 2.068 1)
(0 2.112 1)
(0.05 2.112 1)
(0.1 2.112 1)
(0.15 2.112 1)
(0.2 2.112 1)
(0.25 2.112 1)
(0.3 2.112 1)
(0.35 2.112 1)
(0.4 2.112 1)
(0.45 2.112 1)
(0.5 2.112 1)
(0.55 2.112 1)
(0.6 2.112 1)
(0.65 2.112 1)
(0.7 2.112 1)
(0.75 2.112 1)
(0.8 2.112 1)
(0.85 2.112 1)
(0.9 2.112 1)
(0.95 2.112 1)
(1 2.112 1)
(1.05 2.112 1)
(1.1 2.112 1)
(1.15 2.112 1)
(1.2 2.112 1)
(1.25 2.112 1)
(1.3 2.112 1)
(1.35 2.112 1)
(1.4 2.112 1)
(1.45 2.112 1)
(1.5 2.112 1)
(0 2.156 1)
(0.05 2.156 1)
(0.1 2.156 1)
(0.15 2.156 1)
(0.2 2.156 1)
(0.25 2.156 1)
(0.3 2.156 1)
(0.35 2.156 1)
(0.4 2.156 1)
(0.45 2.156 1)
(0.5 2.156 1)
(0.55 2.156 1)
(0.6 2.156 1)
(0.65 2.156 1)
(0.7 2.156 1)
(0.75 2.156 1)
(0.8 2.156 1)
(0.85 2.156 1)
(0.9 2.156 1)
(0.95 2.156 1)
(1 2.156 1)
(1.05 2.156 1)
(1.1 2.156 1)
(1.15 2.156 1)
(1.2 2.156 1)
(1.25 2.156 1)
(1.3 2.156 1)
(1.35 2.156 1)
(1.4 2.156 1)
(1.45 2.156 1)
(1.5 2.156 1)
(0 2.2 1)
(0.05 2.2 1)
(0.1 2.2 1)
(0.15 2.2 1)
(0.2 2.2 1)
(0.25 2.2 1)
(0.3 2.2 1)
(0.35 2.2 1)
(0.4 2.2 1)
(0.45 2.2 1)
(0.5 2.2 1)
(0.55 2.2 1)
(0.6 2.2 1)
(0.65 2.2 1)
(0.7 2.2 1)
(0.75 2.2 1)
(0.8 2.2 1)
(0.85 2.2 1)
(0.9 2.2 1)
(0.95 2.2 1)
(1 2.2 1)
(1.05 2.2 1)
(1.1 2.2 1)
(1.15 2.2 1)
(1.2 2.2 1)
(1.25 2.2 1)
(1.3 2.2 1)
(1.35 2.2 1)
(1.4 2.2 1)
(1.45 2.2 1)
(1.5 2.2 1)
(1.55 0.02113091309 0)
(1.6 0.04226182617 0)
(1.65 0.06339273926 0)
(1.7 0.08452365235 0)
(1.75 0.1056545654 0)
(1.8 0.1267854785 0)
(1.85 0.1479163916 0)
(1.9 0.1690473047 0)
(1.95 0.1901782178 0)
(2 0.2113091309 0)
(2.05 0.232440044 0)
(2.1 0.253570957 0)
(2.15 0.2747018701 0)
(2.2 0.2958327832 0)
(2.25 0.3169636963 0)
(2.3 0.3380946094 0)
(2.35 0.3592255225 0)
(2.4 0.3803564356 0)
(2.45 0.4014873487 0)
(2.5 0.4226182617 0)
(1.55 0.06470829483 0)
(1.6 0.08541658965 0)
(1.65 0.1061248845 0)
(1.7 0.1268331793 0)
(1.75 0.1475414741 0)
(1.8 0.168249769 0)
(1.85 0.1889580638 0)
(1.9 0.2096663586 0)
(1.95 0.2303746534 0)
(2 0.2510829483 0)
(2.05 0.2717912431 0)
(2.1 0.2924995379 0)
(2.15 0.3132078327 0)
(2.2 0.3339161276 0)
(2.25 0.3546244224 0)
(2.3 0.3753327172 0)
(2.35 0.396041012 0)
(2.4 0.4167493069 0)
(2.45 0.4374576017 0)
(2.5 0.4581658965 0)
(1.55 0.1082856766 0)
(1.6 0.1285713531 0)
(1.65 0.1488570297 0)
(1.7 0.1691427063 0)
(1.75 0.1894283828 0)
(1.8 0.2097140594 0)
(1.85 0.2299997359 0)
(1.9 0.2502854125 0)
(1.95 0.2705710891 0)
(2 0.2908567656 0)
(2.05 0.3111424422 0)
(2.1 0.3314281188 0)
(2.15 0.3517137953 0)
(2.2 0.3719994719 0)
(2.25 0.3922851485 0)
(2.3 0.412570825 0)
(2.35 0.4328565016 0)
(2.4 0.4531421781 0)
(2.45 0.4734278547 0)
(2.5 0.4937135313 0)
(1.55 0.1518630583 0)
(1.6 0.1717261166 0)
(1.65 0.1915891749 0)
(1.7 0.2114522332 0)
(1.75 0.2313152915 0)
(1.8 0.2511783498 0)
(1.85 0.2710414081 0)
(1.9 0.2909044664 0)
(1.95 0.3107675247 0)
(2 0.330630583 0)
(2.05 0.3504936413 0)
(2.1 0.3703566996 0)
(2.15 0.3902197579 0)
(2.2 0.4100828162 0)
(2.25 0.4299458745 0)
(2.3 0.4498089328 0)
(2.35 0.4696719911 0)
(2.4 0.4895350494 0)
(2.45 0.5093981077 0)
(2.5 0.529261166 0)
(1.55 0.19544044 0)
(1.6 0.2148808801 0)
(1.65 0.2343213201 0)
(1.7 0.2537617602 0)
(1.75 0.2732022002 0)
(1.8 0.2926426402 0)
(1.85 0.3120830803 0)
(1.9 0.3315235203 0)
(1.95 0.3509639604 0)
(2 0.3704044004 0)
(2.05 0.3898448404 0)
(2.1 0.4092852805 0)
(2.15 0.4287257205 0)
(2.2 0.4481661606 0)
(2.25 0.4676066006 0)
(2.3 0.4870470406 0)
(2.35 0.5064874807 0)
(2.4 0.5259279207 0)
(2.45 0.5453683608 0)
(2.5 0.5648088008 0)
(1.55 0.2390178218 0)
(1.6 0.2580356436 0)
(1.65 0.2770534653 0)
(1.7 0.2960712871 0)
(1.75 0.3150891089 0)
(1.8 0.3341069307 0)
(1.85 0.3531247524 0)
(1.9 0.3721425742 0)
(1.95 0.391160396 0)
(2 0.4101782178 0)
(2.05 0.4291960396 0)
(2.1 0.4482138613 0)
(2.15 0.4672316831 0)
(2.2 0.4862495049 0)
(2.25 0.5052673267 0)
(2.3 0.5242851485 0)
(2.35 0.5433029702 0)
(2.4 0.562320792 0)
(2.45 0.5813386138 0)
(2.5 0.6003564356 0)
(1.55 0.2825952035 0)
(1.6 0.301190407 0)
(1.65 0.3197856105 0)
(1.7 0.3383808141 0)
(1.75 0.3569760176 0)
(1.8 0.3755712211 0)
(1.85 0.3941664246 0)
(1.9 0.4127616281 0)
(1.95 0.4313568316 0)
(2 0.4499520352 0)
(2.05 0.4685472387 0)
(2.1 0.4871424422 0)
(2.15 0.5057376457 0)
(2.2 0.5243328492 0)
(2.25 0.5429280527 0)
(2.3 0.5615232563 0)
(2.35 0.5801184598 0)
(2.4 0.5987136633 0)
(2.45 0.6173088668 0)
(2.5 0.6359040703 0)
(1.55 0.3261725853 0)
(1.6 0.3443451705 0)
(1.65 0.3625177558 0)
(1.7 0.380690341 0)
(1.75 0.3988629263 0)
(1.8 0.4170355115 0)
(1.85 0.4352080968 0)
(1.9 0.453380682 0)
(1.95 0.4715532673 0)
(2 0.4897258525 0)
(2.05 0.5078984378 0)
(2.1 0.5260710231 0)
(2.15 0.5442436083 0)
(2.2 0.5624161936 0)
(2.25 0.5805887788 0)
(2.3 0.5987613641 0)
(2.35 0.6169339493 0)
(2.4 0.6351065346 0)
(2.45 0.6532791198 0)
(2.5 0.6714517051 0)
(1.55 0.369749967 0)
(1.6 0.387499934 0)
(1.65 0.405249901 0)
(1.7 0.422999868 0)
(1.75 0.440749835 0)
(1.8 0.458499802 0)
(1.85 0.476249769 0)
(1.9 0.4939997359 0)
(1.95 0.5117497029 0)
(2 0.5294996699 0)
(2.05 0.5472496369 0)
(2.1 0.5649996039 0)
(2.15 0.5827495709 0)
(2.2 0.6004995379 0)
(2.25 0.6182495049 0)
(2.3 0.6359994719 0)
(2.35 0.6537494389 0)
(2.4 0.6714994059 0)
(2.45 0.6892493729 0)
(2.5 0.7069993399 0)
(1.55 0.4133273487 0)
(1.6 0.4306546975 0)
(1.65 0.4479820462 0)
(1.7 0.4653093949 0)
(1.75 0.4826367437 0)
(1.8 0.4999640924 0)
(1.85 0.5172914411 0)
(1.9 0.5346187899 0)
(1.95 0.5519461386 0)
(2 0.5692734873 0)
(2.05 0.586600836 0)
(2.1 0.6039281848 0)
(2.15 0.6212555335 0)
(2.2 0.6385828822 0)
(2.25 0.655910231 0)
(2.3 0.6732375797 0)
(2.35 0.6905649284 0)
(2.4 0.7078922772 0)
(2.45 0.7252196259 0)
(2.5 0.7425469746 0)
(1.55 0.4569047305 0)
(1.6 0.4738094609 0)
(1.65 0.4907141914 0)
(1.7 0.5076189219 0)
(1.75 0.5245236523 0)
(1.8 0.5414283828 0)
(1.85 0.5583331133 0)
(1.9 0.5752378438 0)
(1.95 0.5921425742 0)
(2 0.6090473047 0)
(2.05 0.6259520352 0)
(2.1 0.6428567656 0)
(2.15 0.6597614961 0)
(2.2 0.6766662266 0)
(2.25 0.693570957 0)
(2.3 0.7104756875 0)
(2.35 0.727380418 0)
(2.4 0.7442851485 0)
(2.45 0.7611898789 0)
(2.5 0.7780946094 0)
(1.55 0.5004821122 0)
(1.6 0.5169642244 0)
(1.65 0.5334463366 0)
(1.7 0.5499284488 0)
(1.75 0.566410561 0)
(1.8 0.5828926732 0)
(1.85 0.5993747855 0)
(1.9 0.6158568977 0)
(1.95 0.6323390099 0)
(2 0.6488211221 0)
(2.05 0.6653032343 0)
(2.1 0.6817853465 0)
(2.15 0.6982674587 0)
(2.2 0.7147495709 0)
(2.25 0.7312316831 0)
(2.3 0.7477137953 0)
(2.35 0.7641959075 0)
(2.4 0.7806780197 0)
(2.45 0.7971601319 0)
(2.5 0.8136422442 0)
(1.55 0.5440594939 0)
(1.6 0.5601189879 0)
(1.65 0.5761784818 0)
(1.7 0.5922379758 0)
(1.75 0.6082974697 0)
(1.8 0.6243569637 0)
(1.85 0.6404164576 0)
(1.9 0.6564759516 0)
(1.95 0.6725354455 0)
(2 0.6885949395 0)
(2.05 0.7046544334 0)
(2.1 0.7207139274 0)
(2.15 0.7367734213 0)
(2.2 0.7528329152 0)
(2.25 0.7688924092 0)
(2.3 0.7849519031 0)
(2.35 0.8010113971 0)
(2.4 0.817070891 0)
(2.45 0.833130385 0)
(2.5 0.8491898789 0)
(1.55 0.5876368757 0)
(1.6 0.6032737514 0)
(1.65 0.6189106271 0)
(1.7 0.6345475027 0)
(1.75 0.6501843784 0)
(1.8 0.6658212541 0)
(1.85 0.6814581298 0)
(1.9 0.6970950055 0)
(1.95 0.7127318812 0)
(2 0.7283687568 0)
(2.05 0.7440056325 0)
(2.1 0.7596425082 0)
(2.15 0.7752793839 0)
(2.2 0.7909162596 0)
(2.25 0.8065531353 0)
(2.3 0.822190011 0)
(2.35 0.8378268866 0)
(2.4 0.8534637623 0)
(2.45 0.869100638 0)
(2.5 0.8847375137 0)
(1.55 0.6312142574 0)
(1.6 0.6464285148 0)
(1.65 0.6616427723 0)
(1.7 0.6768570297 0)
(1.75 0.6920712871 0)
(1.8 0.7072855445 0)
(1.85 0.722499802 0)
(1.9 0.7377140594 0)
(1.95 0.7529283168 0)
(2 0.7681425742 0)
(2.05 0.7833568316 0)
(2.1 0.7985710891 0)
(2.15 0.8137853465 0)
(2.2 0.8289996039 0)
(2.25 0.8442138613 0)
(2.3 0.8594281188 0)
(2.35 0.8746423762 0)
(2.4 0.8898566336 0)
(2.45 0.905070891 0)
(2.5 0.9202851485 0)
(1.55 0.6747916392 0)
(1.6 0.6895832783 0)
(1.65 0.7043749175 0)
(1.7 0.7191665566 0)
(1.75 0.7339581958 0)
(1.8 0.748749835 0)
(1.85 0.7635414741 0)
(1.9 0.7783331133 0)
(1.95 0.7931247524 0)
(2 0.8079163916 0)
(2.05 0.8227080308 0)
(2.1 0.8374996699 0)
(2.15 0.8522913091 0)
(2.2 0.8670829483 0)
(2.25 0.8818745874 0)
(2.3 0.8966662266 0)
(2.35 0.9114578657 0)
(2.4 0.9262495049 0)
(2.45 0.9410411441 0)
(2.5 0.9558327832 0)
(1.55 0.7183690209 0)
(1.6 0.7327380418 0)
(1.65 0.7471070627 0)
(1.7 0.7614760836 0)
(1.75 0.7758451045 0)
(1.8 0.7902141254 0)
(1.85 0.8045831463 0)
(1.9 0.8189521672 0)
(1.95 0.8333211881 0)
(2 0.847690209 0)
(2.05 0.8620592299 0)
(2.1 0.8764282508 0)
(2.15 0.8907972717 0)
(2.2 0.9051662926 0)
(2.25 0.9195353135 0)
(2.3 0.9339043344 0)
(2.35 0.9482733553 0)
(2.4 0.9626423762 0)
(2.45 0.9770113971 0)
(2.5 0.991380418 0)
(1.55 0.7619464026 0)
(1.6 0.7758928053 0)
(1.65 0.7898392079 0)
(1.7 0.8037856105 0)
(1.75 0.8177320132 0)
(1.8 0.8316784158 0)
(1.85 0.8456248185 0)
(1.9 0.8595712211 0)
(1.95 0.8735176237 0)
(2 0.8874640264 0)
(2.05 0.901410429 0)
(2.1 0.9153568316 0)
(2.15 0.9293032343 0)
(2.2 0.9432496369 0)
(2.25 0.9571960396 0)
(2.3 0.9711424422 0)
(2.35 0.9850888448 0)
(2.4 0.9990352475 0)
(2.45 1.01298165 0)
(2.5 1.026928053 0)
(1.55 0.8055237844 0)
(1.6 0.8190475688 0)
(1.65 0.8325713531 0)
(1.7 0.8460951375 0)
(1.75 0.8596189219 0)
(1.8 0.8731427063 0)
(1.85 0.8866664906 0)
(1.9 0.900190275 0)
(1.95 0.9137140594 0)
(2 0.9272378438 0)
(2.05 0.9407616281 0)
(2.1 0.9542854125 0)
(2.15 0.9678091969 0)
(2.2 0.9813329813 0)
(2.25 0.9948567656 0)
(2.3 1.00838055 0)
(2.35 1.021904334 0)
(2.4 1.035428119 0)
(2.45 1.048951903 0)
(2.5 1.062475688 0)
(1.55 0.8491011661 0)
(1.6 0.8622023322 0)
(1.65 0.8753034983 0)
(1.7 0.8884046645 0)
(1.75 0.9015058306 0)
(1.8 0.9146069967 0)
(1.85 0.9277081628 0)
(1.9 0.9408093289 0)
(1.95 0.953910495 0)
(2 0.9670116611 0)
(2.05 0.9801128273 0)
(2.1 0.9932139934 0)
(2.15 1.006315159 0)
(2.2 1.019416326 0)
(2.25 1.032517492 0)
(2.3 1.045618658 0)
(2.35 1.058719824 0)
(2.4 1.07182099 0)
(2.45 1.084922156 0)
(2.5 1.098023322 0)
(1.55 0.8926785479 0)
(1.6 0.9053570957 0)
(1.65 0.9180356436 0)
(1.7 0.9307141914 0)
(1.75 0.9433927393 0)
(1.8 0.9560712871 0)
(1.85 0.968749835 0)
(1.9 0.9814283828 0)
(1.95 0.9941069307 0)
(2 1.006785479 0)
(2.05 1.019464026 0)
(2.1 1.032142574 0)
(2.15 1.044821122 0)
(2.2 1.05749967 0)
(2.25 1.070178218 0)
(2.3 1.082856766 0)
(2.35 1.095535313 0)
(2.4 1.108213861 0)
(2.45 1.120892409 0)
(2.5 1.133570957 0)
(1.55 0.9362559296 0)
(1.6 0.9485118592 0)
(1.65 0.9607677888 0)
(1.7 0.9730237184 0)
(1.75 0.985279648 0)
(1.8 0.9975355775 0)
(1.85 1.009791507 0)
(1.9 1.022047437 0)
(1.95 1.034303366 0)
(2 1.046559296 0)
(2.05 1.058815225 0)
(2.1 1.071071155 0)
(2.15 1.083327085 0)
(2.2 1.095583014 0)
(2.25 1.107838944 0)
(2.3 1.120094873 0)
(2.35 1.132350803 0)
(2.4 1.144606733 0)
(2.45 1.156862662 0)
(2.5 1.169118592 0)
(1.55 0.9798333113 0)
(1.6 0.9916666227 0)
(1.65 1.003499934 0)
(1.7 1.015333245 0)
(1.75 1.027166557 0)
(1.8 1.038999868 0)
(1.85 1.050833179 0)
(1.9 1.062666491 0)
(1.95 1.074499802 0)
(2 1.086333113 0)
(2.05 1.098166425 0)
(2.1 1.109999736 0)
(2.15 1.121833047 0)
(2.2 1.133666359 0)
(2.25 1.14549967 0)
(2.3 1.157332981 0)
(2.35 1.169166293 0)
(2.4 1.180999604 0)
(2.45 1.192832915 0)
(2.5 1.204666227 0)
(1.55 1.023410693 0)
(1.6 1.034821386 0)
(1.65 1.046232079 0)
(1.7 1.057642772 0)
(1.75 1.069053465 0)
(1.8 1.080464158 0)
(1.85 1.091874851 0)
(1.9 1.103285545 0)
(1.95 1.114696238 0)
(2 1.126106931 0)
(2.05 1.137517624 0)
(2.1 1.148928317 0)
(2.15 1.16033901 0)
(2.2 1.171749703 0)
(2.25 1.183160396 0)
(2.3 1.194571089 0)
(2.35 1.205981782 0)
(2.4 1.217392475 0)
(2.45 1.228803168 0)
(2.5 1.240213861 0)
(1.55 1.066988075 0)
(1.6 1.07797615 0)
(1.65 1.088964224 0)
(1.7 1.099952299 0)
(1.75 1.110940374 0)
(1.8 1.121928449 0)
(1.85 1.132916524 0)
(1.9 1.143904598 0)
(1.95 1.154892673 0)
(2 1.165880748 0)
(2.05 1.176868823 0)
(2.1 1.187856898 0)
(2.15 1.198844972 0)
(2.2 1.209833047 0)
(2.25 1.220821122 0)
(2.3 1.231809197 0)
(2.35 1.242797272 0)
(2.4 1.253785346 0)
(2.45 1.264773421 0)
(2.5 1.275761496 0)
(1.55 1.110565457 0)
(1.6 1.121130913 0)
(1.65 1.13169637 0)
(1.7 1.142261826 0)
(1.75 1.152827283 0)
(1.8 1.163392739 0)
(1.85 1.173958196 0)
(1.9 1.184523652 0)
(1.95 1.195089109 0)
(2 1.205654565 0)
(2.05 1.216220022 0)
(2.1 1.226785479 0)
(2.15 1.237350935 0)
(2.2 1.247916392 0)
(2.25 1.258481848 0)
(2.3 1.269047305 0)
(2.35 1.279612761 0)
(2.4 1.290178218 0)
(2.45 1.300743674 0)
(2.5 1.311309131 0)
(1.55 1.154142838 0)
(1.6 1.164285677 0)
(1.65 1.174428515 0)
(1.7 1.184571353 0)
(1.75 1.194714191 0)
(1.8 1.20485703 0)
(1.85 1.214999868 0)
(1.9 1.225142706 0)
(1.95 1.235285545 0)
(2 1.245428383 0)
(2.05 1.255571221 0)
(2.1 1.265714059 0)
(2.15 1.275856898 0)
(2.2 1.285999736 0)
(2.25 1.296142574 0)
(2.3 1.306285413 0)
(2.35 1.316428251 0)
(2.4 1.326571089 0)
(2.45 1.336713927 0)
(2.5 1.346856766 0)
(1.55 1.19772022 0)
(1.6 1.20744044 0)
(1.65 1.21716066 0)
(1.7 1.22688088 0)
(1.75 1.2366011 0)
(1.8 1.24632132 0)
(1.85 1.25604154 0)
(1.9 1.26576176 0)
(1.95 1.27548198 0)
(2 1.2852022 0)
(2.05 1.29492242 0)
(2.1 1.30464264 0)
(2.15 1.31436286 0)
(2.2 1.32408308 0)
(2.25 1.3338033 0)
(2.3 1.34352352 0)
(2.35 1.35324374 0)
(2.4 1.36296396 0)
(2.45 1.37268418 0)
(2.5 1.3824044 0)
(1.55 1.241297602 0)
(1.6 1.250595204 0)
(1.65 1.259892805 0)
(1.7 1.269190407 0)
(1.75 1.278488009 0)
(1.8 1.287785611 0)
(1.85 1.297083212 0)
(1.9 1.306380814 0)
(1.95 1.315678416 0)
(2 1.324976018 0)
(2.05 1.334273619 0)
(2.1 1.343571221 0)
(2.15 1.352868823 0)
(2.2 1.362166425 0)
(2.25 1.371464026 0)
(2.3 1.380761628 0)
(2.35 1.39005923 0)
(2.4 1.399356832 0)
(2.45 1.408654433 0)
(2.5 1.417952035 0)
(1.55 1.284874983 0)
(1.6 1.293749967 0)
(1.65 1.30262495 0)
(1.7 1.311499934 0)
(1.75 1.320374917 0)
(1.8 1.329249901 0)
(1.85 1.338124884 0)
(1.9 1.346999868 0)
(1.95 1.355874851 0)
(2 1.364749835 0)
(2.05 1.373624818 0)
(2.1 1.382499802 0)
(2.15 1.391374785 0)
(2.2 1.400249769 0)
(2.25 1.409124752 0)
(2.3 1.417999736 0)
(2.35 1.426874719 0)
(2.4 1.435749703 0)
(2.45 1.444624686 0)
(2.5 1.45349967 0)
(1.55 1.328452365 0)
(1.6 1.33690473 0)
(1.65 1.345357096 0)
(1.7 1.353809461 0)
(1.75 1.362261826 0)
(1.8 1.370714191 0)
(1.85 1.379166557 0)
(1.9 1.387618922 0)
(1.95 1.396071287 0)
(2 1.404523652 0)
(2.05 1.412976018 0)
(2.1 1.421428383 0)
(2.15 1.429880748 0)
(2.2 1.438333113 0)
(2.25 1.446785479 0)
(2.3 1.455237844 0)
(2.35 1.463690209 0)
(2.4 1.472142574 0)
(2.45 1.480594939 0)
(2.5 1.489047305 0)
(1.55 1.372029747 0)
(1.6 1.380059494 0)
(1.65 1.388089241 0)
(1.7 1.396118988 0)
(1.75 1.404148735 0)
(1.8 1.412178482 0)
(1.85 1.420208229 0)
(1.9 1.428237976 0)
(1.95 1.436267723 0)
(2 1.44429747 0)
(2.05 1.452327217 0)
(2.1 1.460356964 0)
(2.15 1.468386711 0)
(2.2 1.476416458 0)
(2.25 1.484446205 0)
(2.3 1.492475952 0)
(2.35 1.500505699 0)
(2.4 1.508535446 0)
(2.45 1.516565192 0)
(2.5 1.524594939 0)
(1.55 1.415607129 0)
(1.6 1.423214257 0)
(1.65 1.430821386 0)
(1.7 1.438428515 0)
(1.75 1.446035644 0)
(1.8 1.453642772 0)
(1.85 1.461249901 0)
(1.9 1.46885703 0)
(1.95 1.476464158 0)
(2 1.484071287 0)
(2.05 1.491678416 0)
(2.1 1.499285545 0)
(2.15 1.506892673 0)
(2.2 1.514499802 0)
(2.25 1.522106931 0)
(2.3 1.529714059 0)
(2.35 1.537321188 0)
(2.4 1.544928317 0)
(2.45 1.552535446 0)
(2.5 1.560142574 0)
(1.55 1.45918451 0)
(1.6 1.466369021 0)
(1.65 1.473553531 0)
(1.7 1.480738042 0)
(1.75 1.487922552 0)
(1.8 1.495107063 0)
(1.85 1.502291573 0)
(1.9 1.509476084 0)
(1.95 1.516660594 0)
(2 1.523845104 0)
(2.05 1.531029615 0)
(2.1 1.538214125 0)
(2.15 1.545398636 0)
(2.2 1.552583146 0)
(2.25 1.559767657 0)
(2.3 1.566952167 0)
(2.35 1.574136678 0)
(2.4 1.581321188 0)
(2.45 1.588505699 0)
(2.5 1.595690209 0)
(1.55 1.502761892 0)
(1.6 1.509523784 0)
(1.65 1.516285677 0)
(1.7 1.523047569 0)
(1.75 1.529809461 0)
(1.8 1.536571353 0)
(1.85 1.543333245 0)
(1.9 1.550095138 0)
(1.95 1.55685703 0)
(2 1.563618922 0)
(2.05 1.570380814 0)
(2.1 1.577142706 0)
(2.15 1.583904598 0)
(2.2 1.590666491 0)
(2.25 1.597428383 0)
(2.3 1.604190275 0)
(2.35 1.610952167 0)
(2.4 1.617714059 0)
(2.45 1.624475952 0)
(2.5 1.631237844 0)
(1.55 1.546339274 0)
(1.6 1.552678548 0)
(1.65 1.559017822 0)
(1.7 1.565357096 0)
(1.75 1.57169637 0)
(1.8 1.578035644 0)
(1.85 1.584374917 0)
(1.9 1.590714191 0)
(1.95 1.597053465 0)
(2 1.603392739 0)
(2.05 1.609732013 0)
(2.1 1.616071287 0)
(2.15 1.622410561 0)
(2.2 1.628749835 0)
(2.25 1.635089109 0)
(2.3 1.641428383 0)
(2.35 1.647767657 0)
(2.4 1.654106931 0)
(2.45 1.660446205 0)
(2.5 1.666785479 0)
(1.55 1.589916656 0)
(1.6 1.595833311 0)
(1.65 1.601749967 0)
(1.7 1.607666623 0)
(1.75 1.613583278 0)
(1.8 1.619499934 0)
(1.85 1.62541659 0)
(1.9 1.631333245 0)
(1.95 1.637249901 0)
(2 1.643166557 0)
(2.05 1.649083212 0)
(2.1 1.654999868 0)
(2.15 1.660916524 0)
(2.2 1.666833179 0)
(2.25 1.672749835 0)
(2.3 1.678666491 0)
(2.35 1.684583146 0)
(2.4 1.690499802 0)
(2.45 1.696416458 0)
(2.5 1.702333113 0)
(1.55 1.633494037 0)
(1.6 1.638988075 0)
(1.65 1.644482112 0)
(1.7 1.64997615 0)
(1.75 1.655470187 0)
(1.8 1.660964224 0)
(1.85 1.666458262 0)
(1.9 1.671952299 0)
(1.95 1.677446337 0)
(2 1.682940374 0)
(2.05 1.688434411 0)
(2.1 1.693928449 0)
(2.15 1.699422486 0)
(2.2 1.704916524 0)
(2.25 1.710410561 0)
(2.3 1.715904598 0)
(2.35 1.721398636 0)
(2.4 1.726892673 0)
(2.45 1.732386711 0)
(2.5 1.737880748 0)
(1.55 1.677071419 0)
(1.6 1.682142838 0)
(1.65 1.687214257 0)
(1.7 1.692285677 0)
(1.75 1.697357096 0)
(1.8 1.702428515 0)
(1.85 1.707499934 0)
(1.9 1.712571353 0)
(1.95 1.717642772 0)
(2 1.722714191 0)
(2.05 1.727785611 0)
(2.1 1.73285703 0)
(2.15 1.737928449 0)
(2.2 1.742999868 0)
(2.25 1.748071287 0)
(2.3 1.753142706 0)
(2.35 1.758214125 0)
(2.4 1.763285545 0)
(2.45 1.768356964 0)
(2.5 1.773428383 0)
(1.55 1.720648801 0)
(1.6 1.725297602 0)
(1.65 1.729946403 0)
(1.7 1.734595204 0)
(1.75 1.739244004 0)
(1.8 1.743892805 0)
(1.85 1.748541606 0)
(1.9 1.753190407 0)
(1.95 1.757839208 0)
(2 1.762488009 0)
(2.05 1.76713681 0)
(2.1 1.771785611 0)
(2.15 1.776434411 0)
(2.2 1.781083212 0)
(2.25 1.785732013 0)
(2.3 1.790380814 0)
(2.35 1.795029615 0)
(2.4 1.799678416 0)
(2.45 1.804327217 0)
(2.5 1.808976018 0)
(1.55 1.764226183 0)
(1.6 1.768452365 0)
(1.65 1.772678548 0)
(1.7 1.77690473 0)
(1.75 1.781130913 0)
(1.8 1.785357096 0)
(1.85 1.789583278 0)
(1.9 1.793809461 0)
(1.95 1.798035644 0)
(2 1.802261826 0)
(2.05 1.806488009 0)
(2.1 1.810714191 0)
(2.15 1.814940374 0)
(2.2 1.819166557 0)
(2.25 1.823392739 0)
(2.3 1.827618922 0)
(2.35 1.831845104 0)
(2.4 1.836071287 0)
(2.45 1.84029747 0)
(2.5 1.844523652 0)
(1.55 1.807803564 0)
(1.6 1.811607129 0)
(1.65 1.815410693 0)
(1.7 1.819214257 0)
(1.75 1.823017822 0)
(1.8 1.826821386 0)
(1.85 1.83062495 0)
(1.9 1.834428515 0)
(1.95 1.838232079 0)
(2 1.842035644 0)
(2.05 1.845839208 0)
(2.1 1.849642772 0)
(2.15 1.853446337 0)
(2.2 1.857249901 0)
(2.25 1.861053465 0)
(2.3 1.86485703 0)
(2.35 1.868660594 0)
(2.4 1.872464158 0)
(2.45 1.876267723 0)
(2.5 1.880071287 0)
(1.55 1.851380946 0)
(1.6 1.854761892 0)
(1.65 1.858142838 0)
(1.7 1.861523784 0)
(1.75 1.86490473 0)
(1.8 1.868285677 0)
(1.85 1.871666623 0)
(1.9 1.875047569 0)
(1.95 1.878428515 0)
(2 1.881809461 0)
(2.05 1.885190407 0)
(2.1 1.888571353 0)
(2.15 1.891952299 0)
(2.2 1.895333245 0)
(2.25 1.898714191 0)
(2.3 1.902095138 0)
(2.35 1.905476084 0)
(2.4 1.90885703 0)
(2.45 1.912237976 0)
(2.5 1.915618922 0)
(1.55 1.894958328 0)
(1.6 1.897916656 0)
(1.65 1.900874983 0)
(1.7 1.903833311 0)
(1.75 1.906791639 0)
(1.8 1.909749967 0)
(1.85 1.912708295 0)
(1.9 1.915666623 0)
(1.95 1.91862495 0)
(2 1.921583278 0)
(2.05 1.924541606 0)
(2.1 1.927499934 0)
(2.15 1.930458262 0)
(2.2 1.93341659 0)
(2.25 1.936374917 0)
(2.3 1.939333245 0)
(2.35 1.942291573 0)
(2.4 1.945249901 0)
(2.45 1.948208229 0)
(2.5 1.951166557 0)
(1.55 1.93853571 0)
(1.6 1.941071419 0)
(1.65 1.943607129 0)
(1.7 1.946142838 0)
(1.75 1.948678548 0)
(1.8 1.951214257 0)
(1.85 1.953749967 0)
(1.9 1.956285677 0)
(1.95 1.958821386 0)
(2 1.961357096 0)
(2.05 1.963892805 0)
(2.1 1.966428515 0)
(2.15 1.968964224 0)
(2.2 1.971499934 0)
(2.25 1.974035644 0)
(2.3 1.976571353 0)
(2.35 1.979107063 0)
(2.4 1.981642772 0)
(2.45 1.984178482 0)
(2.5 1.986714191 0)
(1.55 1.982113091 0)
(1.6 1.984226183 0)
(1.65 1.986339274 0)
(1.7 1.988452365 0)
(1.75 1.990565457 0)
(1.8 1.992678548 0)
(1.85 1.994791639 0)
(1.9 1.99690473 0)
(1.95 1.999017822 0)
(2 2.001130913 0)
(2.05 2.003244004 0)
(2.1 2.005357096 0)
(2.15 2.007470187 0)
(2.2 2.009583278 0)
(2.25 2.01169637 0)
(2.3 2.013809461 0)
(2.35 2.015922552 0)
(2.4 2.018035644 0)
(2.45 2.020148735 0)
(2.5 2.022261826 0)
(1.55 2.025690473 0)
(1.6 2.027380946 0)
(1.65 2.029071419 0)
(1.7 2.030761892 0)
(1.75 2.032452365 0)
(1.8 2.034142838 0)
(1.85 2.035833311 0)
(1.9 2.037523784 0)
(1.95 2.039214257 0)
(2 2.04090473 0)
(2.05 2.042595204 0)
(2.1 2.044285677 0)
(2.15 2.04597615 0)
(2.2 2.047666623 0)
(2.25 2.049357096 0)
(2.3 2.051047569 0)
(2.35 2.052738042 0)
(2.4 2.054428515 0)
(2.45 2.056118988 0)
(2.5 2.057809461 0)
(1.55 2.069267855 0)
(1.6 2.07053571 0)
(1.65 2.071803564 0)
(1.7 2.073071419 0)
(1.75 2.074339274 0)
(1.8 2.075607129 0)
(1.85 2.076874983 0)
(1.9 2.078142838 0)
(1.95 2.079410693 0)
(2 2.080678548 0)
(2.05 2.081946403 0)
(2.1 2.083214257 0)
(2.15 2.084482112 0)
(2.2 2.085749967 0)
(2.25 2.087017822 0)
(2.3 2.088285677 0)
(2.35 2.089553531 0)
(2.4 2.090821386 0)
(2.45 2.092089241 0)
(2.5 2.093357096 0)
(1.55 2.112845237 0)
(1.6 2.113690473 0)
(1.65 2.11453571 0)
(1.7 2.115380946 0)
(1.75 2.116226183 0)
(1.8 2.117071419 0)
(1.85 2.117916656 0)
(1.9 2.118761892 0)
(1.95 2.119607129 0)
(2 2.120452365 0)
(2.05 2.121297602 0)
(2.1 2.122142838 0)
(2.15 2.122988075 0)
(2.2 2.123833311 0)
(2.25 2.124678548 0)
(2.3 2.125523784 0)
(2.35 2.126369021 0)
(2.4 2.127214257 0)
(2.45 2.128059494 0)
(2.5 2.12890473 0)
(1.55 2.156422618 0)
(1.6 2.156845237 0)
(1.65 2.157267855 0)
(1.7 2.157690473 0)
(1.75 2.158113091 0)
(1.8 2.15853571 0)
(1.85 2.158958328 0)
(1.9 2.159380946 0)
(1.95 2.159803564 0)
(2 2.160226183 0)
(2.05 2.160648801 0)
(2.1 2.161071419 0)
(2.15 2.161494037 0)
(2.2 2.161916656 0)
(2.25 2.162339274 0)
(2.3 2.162761892 0)
(2.35 2.16318451 0)
(2.4 2.163607129 0)
(2.45 2.164029747 0)
(2.5 2.164452365 0)
(1.55 2.2 0)
(1.6 2.2 0)
(1.65 2.2 0)
(1.7 2.2 0)
(1.75 2.2 0)
(1.8 2.2 0)
(1.85 2.2 0)
(1.9 2.2 0)
(1.95 2.2 0)
(2 2.2 0)
(2.05 2.2 0)
(2.1 2.2 0)
(2.15 2.2 0)
(2.2 2.2 0)
(2.25 2.2 0)
(2.3 2.2 0)
(2.35 2.2 0)
(2.4 2.2 0)
(2.45 2.2 0)
(2.5 2.2 0)
(1.55 0.02113091309 1)
(1.6 0.04226182617 1)
(1.65 0.06339273926 1)
(1.7 0.08452365235 1)
(1.75 0.1056545654 1)
(1.8 0.1267854785 1)
(1.85 0.1479163916 1)
(1.9 0.1690473047 1)
(1.95 0.1901782178 1)
(2 0.2113091309 1)
(2.05 0.232440044 1)
(2.1 0.253570957 1)
(2.15 0.2747018701 1)
(2.2 0.2958327832 1)
(2.25 0.3169636963 1)
(2.3 0.3380946094 1)
(2.35 0.3592255225 1)
(2.4 0.3803564356 1)
(2.45 0.4014873487 1)
(2.5 0.4226182617 1)
(1.55 0.06470829483 1)
(1.6 0.08541658965 1)
(1.65 0.1061248845 1)
(1.7 0.1268331793 1)
(1.75 0.1475414741 1)
(1.8 0.168249769 1)
(1.85 0.1889580638 1)
(1.9 0.2096663586 1)
(1.95 0.2303746534 1)
(2 0.2510829483 1)
(2.05 0.2717912431 1)
(2.1 0.2924995379 1)
(2.15 0.3132078327 1)
(2.2 0.3339161276 1)
(2.25 0.3546244224 1)
(2.3 0.3753327172 1)
(2.35 0.396041012 1)
(2.4 0.4167493069 1)
(2.45 0.4374576017 1)
(2.5 0.4581658965 1)
(1.55 0.1082856766 1)
(1.6 0.1285713531 1)
(1.65 0.1488570297 1)
(1.7 0.1691427063 1)
(1.75 0.1894283828 1)
(1.8 0.2097140594 1)
(1.85 0.2299997359 1)
(1.9 0.2502854125 1)
(1.95 0.2705710891 1)
(2 0.2908567656 1)
(2.05 0.3111424422 1)
(2.1 0.3314281188 1)
(2.15 0.3517137953 1)
(2.2 0.3719994719 1)
(2.25 0.3922851485 1)
(2.3 0.412570825 1)
(2.35 0.4328565016 1)
(2.4 0.4531421781 1)
(2.45 0.4734278547 1)
(2.5 0.4937135313 1)
(1.55 0.1518630583 1)
(1.6 0.1717261166 1)
(1.65 0.1915891749 1)
(1.7 0.2114522332 1)
(1.75 0.2313152915 1)
(1.8 0.2511783498 1)
(1.85 0.2710414081 1)
(1.9 0.2909044664 1)
(1.95 0.3107675247 1)
(2 0.330630583 1)
(2.05 0.3504936413 1)
(2.1 0.3703566996 1)
(2.15 0.3902197579 1)
(2.2 0.4100828162 1)
(2.25 0.4299458745 1)
(2.3 0.4498089328 1)
(2.35 0.4696719911 1)
(2.4 0.4895350494 1)
(2.45 0.5093981077 1)
(2.5 0.529261166 1)
(1.55 0.19544044 1)
(1.6 0.2148808801 1)
(1.65 0.2343213201 1)
(1.7 0.2537617602 1)
(1.75 0.2732022002 1)
(1.8 0.2926426402 1)
(1.85 0.3120830803 1)
(1.9 0.3315235203 1)
(1.95 0.3509639604 1)
(2 0.3704044004 1)
(2.05 0.3898448404 1)
(2.1 0.4092852805 1)
(2.15 0.4287257205 1)
(2.2 0.4481661606 1)
(2.25 0.4676066006 1)
(2.3 0.4870470406 1)
(2.35 0.5064874807 1)
(2.4 0.5259279207 1)
(2.45 0.5453683608 1)
(2.5 0.5648088008 1)
(1.55 0.2390178218 1)
(1.6 0.2580356436 1)
(1.65 0.2770534653 1)
(1.7 0.2960712871 1)
(1.75 0.3150891089 1)
(1.8 0.3341069307 1)
(1.85 0.3531247524 1)
(1.9 0.3721425742 1)
(1.95 0.391160396 1)
(2 0.4101782178 1)
(2.05 0.4291960396 1)
(2.1 0.4482138613 1)
(2.15 0.4672316831 1)
(2.2 0.4862495049 1)
(2.25 0.5052673267 1)
(2.3 0.5242851485 1)
(2.35 0.5433029702 1)
(2.4 0.562320792 1)
(2.45 0.5813386138 1)
(2.5 0.6003564356 1)
(1.55 0.2825952035 1)
(1.6 0.301190407 1)
(1.65 0.3197856105 1)
(1.7 0.3383808141 1)
(1.75 0.3569760176 1)
(1.8 0.3755712211 1)
(1.85 0.3941664246 1)
(1.9 0.4127616281 1)
(1.95 0.4313568316 1)
(2 0.4499520352 1)
(2.05 0.4685472387 1)
(2.1 0.4871424422 1)
(2.15 0.5057376457 1)
(2.2 0.5243328492 1)
(2.25 0.5429280527 1)
(2.3 0.5615232563 1)
(2.35 0.5801184598 1)
(2.4 0.5987136633 1)
(2.45 0.6173088668 1)
(2.5 0.6359040703 1)
(1.55 0.3261725853 1)
(1.6 0.3443451705 1)
(1.65 0.3625177558 1)
(1.7 0.380690341 1)
(1.75 0.3988629263 1)
(1.8 0.4170355115 1)
(1.85 0.4352080968 1)
(1.9 0.453380682 1)
(1.95 0.4715532673 1)
(2 0.4897258525 1)
(2.05 0.5078984378 1)
(2.1 0.5260710231 1)
(2.15 0.5442436083 1)
(2.2 0.5624161936 1)
(2.25 0.5805887788 1)
(2.3 0.5987613641 1)
(2.35 0.6169339493 1)
(2.4 0.6351065346 1)
(2.45 0.6532791198 1)
(2.5 0.6714517051 1)
(1.55 0.369749967 1)
(1.6 0.387499934 1)
(1.65 0.405249901 1)
(1.7 0.422999868 1)
(1.75 0.440749835 1)
(1.8 0.458499802 1)
(1.85 0.476249769 1)
(1.9 0.4939997359 1)
(1.95 0.5117497029 1)
(2 0.5294996699 1)
(2.05 0.5472496369 1)
(2.1 0.5649996039 1)
(2.15 0.5827495709 1)
(2.2 0.6004995379 1)
(2.25 0.6182495049 1)
(2.3 0.6359994719 1)
(2.35 0.6537494389 1)
(2.4 0.6714994059 1)
(2.45 0.6892493729 1)
(2.5 0.7069993399 1)
(1.55 0.4133273487 1)
(1.6 0.4306546975 1)
(1.65 0.4479820462 1)
(1.7 0.4653093949 1)
(1.75 0.4826367437 1)
(1.8 0.4999640924 1)
(1.85 0.5172914411 1)
(1.9 0.5346187899 1)
(1.95 0.5519461386 1)
(2 0.5692734873 1)
(2.05 0.586600836 1)
(2.1 0.6039281848 1)
(2.15 0.6212555335 1)
(2.2 0.6385828822 1)
(2.25 0.655910231 1)
(2.3 0.6732375797 1)
(2.35 0.6905649284 1)
(2.4 0.7078922772 1)
(2.45 0.7252196259 1)
(2.5 0.7425469746 1)
(1.55 0.4569047305 1)
(1.6 0.4738094609 1)
(1.65 0.4907141914 1)
(1.7 0.5076189219 1)
(1.75 0.5245236523 1)
(1.8 0.5414283828 1)
(1.85 0.5583331133 1)
(1.9 0.5752378438 1)
(1.95 0.5921425742 1)
(2 0.6090473047 1)
(2.05 0.6259520352 1)
(2.1 0.6428567656 1)
(2.15 0.6597614961 1)
(2.2 0.6766662266 1)
(2.25 0.693570957 1)
(2.3 0.7104756875 1)
(2.35 0.727380418 1)
(2.4 0.7442851485 1)
(2.45 0.7611898789 1)
(2.5 0.7780946094 1)
(1.55 0.5004821122 1)
(1.6 0.5169642244 1)
(1.65 0.5334463366 1)
(1.7 0.5499284488 1)
(1.75 0.566410561 1)
(1.8 0.5828926732 1)
(1.85 0.5993747855 1)
(1.9 0.6158568977 1)
(1.95 0.6323390099 1)
(2 0.6488211221 1)
(2.05 0.6653032343 1)
(2.1 0.6817853465 1)
(2.15 0.6982674587 1)
(2.2 0.7147495709 1)
(2.25 0.7312316831 1)
(2.3 0.7477137953 1)
(2.35 0.7641959075 1)
(2.4 0.7806780197 1)
(2.45 0.7971601319 1)
(2.5 0.8136422442 1)
(1.55 0.5440594939 1)
(1.6 0.5601189879 1)
(1.65 0.5761784818 1)
(1.7 0.5922379758 1)
(1.75 0.6082974697 1)
(1.8 0.6243569637 1)
(1.85 0.6404164576 1)
(1.9 0.6564759516 1)
(1.95 0.6725354455 1)
(2 0.6885949395 1)
(2.05 0.7046544334 1)
(2.1 0.7207139274 1)
(2.15 0.7367734213 1)
(2.2 0.7528329152 1)
(2.25 0.7688924092 1)
(2.3 0.7849519031 1)
(2.35 0.8010113971 1)
(2.4 0.817070891 1)
(2.45 0.833130385 1)
(2.5 0.8491898789 1)
(1.55 0.5876368757 1)
(1.6 0.6032737514 1)
(1.65 0.6189106271 1)
(1.7 0.6345475027 1)
(1.75 0.6501843784 1)
(1.8 0.6658212541 1)
(1.85 0.6814581298 1)
(1.9 0.6970950055 1)
(1.95 0.7127318812 1)
(2 0.7283687568 1)
(2.05 0.7440056325 1)
(2.1 0.7596425082 1)
(2.15 0.7752793839 1)
(2.2 0.7909162596 1)
(2.25 0.8065531353 1)
(2.3 0.822190011 1)
(2.35 0.8378268866 1)
(2.4 0.8534637623 1)
(2.45 0.869100638 1)
(2.5 0.8847375137 1)
(1.55 0.6312142574 1)
(1.6 0.6464285148 1)
(1.65 0.6616427723 1)
(1.7 0.6768570297 1)
(1.75 0.6920712871 1)
(1.8 0.7072855445 1)
(1.85 0.722499802 1)
(1.9 0.7377140594 1)
(1.95 0.7529283168 1)
(2 0.7681425742 1)
(2.05 0.7833568316 1)
(2.1 0.7985710891 1)
(2.15 0.8137853465 1)
(2.2 0.8289996039 1)
(2.25 0.8442138613 1)
(2.3 0.8594281188 1)
(2.35 0.8746423762 1)
(2.4 0.8898566336 1)
(2.45 0.905070891 1)
(2.5 0.9202851485 1)
(1.55 0.6747916392 1)
(1.6 0.6895832783 1)
(1.65 0.7043749175 1)
(1.7 0.7191665566 1)
(1.75 0.7339581958 1)
(1.8 0.748749835 1)
(1.85 0.7635414741 1)
(1.9 0.7783331133 1)
(1.95 0.7931247524 1)
(2 0.8079163916 1)
(2.05 0.8227080308 1)
(2.1 0.8374996699 1)
(2.15 0.8522913091 1)
(2.2 0.8670829483 1)
(2.25 0.8818745874 1)
(2.3 0.8966662266 1)
(2.35 0.9114578657 1)
(2.4 0.9262495049 1)
(2.45 0.9410411441 1)
(2.5 0.9558327832 1)
(1.55 0.7183690209 1)
(1.6 0.7327380418 1)
(1.65 0.7471070627 1)
(1.7 0.7614760836 1)
(1.75 0.7758451045 1)
(1.8 0.7902141254 1)
(1.85 0.8045831463 1)
(1.9 0.8189521672 1)
(1.95 0.8333211881 1)
(2 0.847690209 1)
(2.05 0.8620592299 1)
(2.1 0.8764282508 1)
(2.15 0.8907972717 1)
(2.2 0.9051662926 1)
(2.25 0.9195353135 1)
(2.3 0.9339043344 1)
(2.35 0.9482733553 1)
(2.4 0.9626423762 1)
(2.45 0.9770113971 1)
(2.5 0.991380418 1)
(1.55 0.7619464026 1)
(1.6 0.7758928053 1)
(1.65 0.7898392079 1)
(1.7 0.8037856105 1)
(1.75 0.8177320132 1)
(1.8 0.8316784158 1)
(1.85 0.8456248185 1)
(1.9 0.8595712211 1)
(1.95 0.8735176237 1)
(2 0.8874640264 1)
(2.05 0.901410429 1)
(2.1 0.9153568316 1)
(2.15 0.9293032343 1)
(2.2 0.9432496369 1)
(2.25 0.9571960396 1)
(2.3 0.9711424422 1)
(2.35 0.9850888448 1)
(2.4 0.9990352475 1)
(2.45 1.01298165 1)
(2.5 1.026928053 1)
(1.55 0.8055237844 1)
(1.6 0.8190475688 1)
(1.65 0.8325713531 1)
(1.7 0.8460951375 1)
(1.75 0.8596189219 1)
(1.8 0.8731427063 1)
(1.85 0.8866664906 1)
(1.9 0.900190275 1)
(1.95 0.9137140594 1)
(2 0.9272378438 1)
(2.05 0.9407616281 1)
(2.1 0.9542854125 1)
(2.15 0.9678091969 1)
(2.2 0.9813329813 1)
(2.25 0.9948567656 1)
(2.3 1.00838055 1)
(2.35 1.021904334 1)
(2.4 1.035428119 1)
(2.45 1.048951903 1)
(2.5 1.062475688 1)
(1.55 0.8491011661 1)
(1.6 0.8622023322 1)
(1.65 0.8753034983 1)
(1.7 0.8884046645 1)
(1.75 0.9015058306 1)
(1.8 0.9146069967 1)
(1.85 0.9277081628 1)
(1.9 0.9408093289 1)
(1.95 0.953910495 1)
(2 0.9670116611 1)
(2.05 0.9801128273 1)
(2.1 0.9932139934 1)
(2.15 1.006315159 1)
(2.2 1.019416326 1)
(2.25 1.032517492 1)
(2.3 1.045618658 1)
(2.35 1.058719824 1)
(2.4 1.07182099 1)
(2.45 1.084922156 1)
(2.5 1.098023322 1)
(1.55 0.8926785479 1)
(1.6 0.9053570957 1)
(1.65 0.9180356436 1)
(1.7 0.9307141914 1)
(1.75 0.9433927393 1)
(1.8 0.9560712871 1)
(1.85 0.968749835 1)
(1.9 0.9814283828 1)
(1.95 0.9941069307 1)
(2 1.006785479 1)
(2.05 1.019464026 1)
(2.1 1.032142574 1)
(2.15 1.044821122 1)
(2.2 1.05749967 1)
(2.25 1.070178218 1)
(2.3 1.082856766 1)
(2.35 1.095535313 1)
(2.4 1.108213861 1)
(2.45 1.120892409 1)
(2.5 1.133570957 1)
(1.55 0.9362559296 1)
(1.6 0.9485118592 1)
(1.65 0.9607677888 1)
(1.7 0.9730237184 1)
(1.75 0.985279648 1)
(1.8 0.9975355775 1)
(1.85 1.009791507 1)
(1.9 1.022047437 1)
(1.95 1.034303366 1)
(2 1.046559296 1)
(2.05 1.058815225 1)
(2.1 1.071071155 1)
(2.15 1.083327085 1)
(2.2 1.095583014 1)
(2.25 1.107838944 1)
(2.3 1.120094873 1)
(2.35 1.132350803 1)
(2.4 1.144606733 1)
(2.45 1.156862662 1)
(2.5 1.169118592 1)
(1.55 0.9798333113 1)
(1.6 0.9916666227 1)
(1.65 1.003499934 1)
(1.7 1.015333245 1)
(1.75 1.027166557 1)
(1.8 1.038999868 1)
(1.85 1.050833179 1)
(1.9 1.062666491 1)
(1.95 1.074499802 1)
(2 1.086333113 1)
(2.05 1.098166425 1)
(2.1 1.109999736 1)
(2.15 1.121833047 1)
(2.2 1.133666359 1)
(2.25 1.14549967 1)
(2.3 1.157332981 1)
(2.35 1.169166293 1)
(2.4 1.180999604 1)
(2.45 1.192832915 1)
(2.5 1.204666227 1)
(1.55 1.023410693 1)
(1.6 1.034821386 1)
(1.65 1.046232079 1)
(1.7 1.057642772 1)
(1.75 1.069053465 1)
(1.8 1.080464158 1)
(1.85 1.091874851 1)
(1.9 1.103285545 1)
(1.95 1.114696238 1)
(2 1.126106931 1)
(2.05 1.137517624 1)
(2.1 1.148928317 1)
(2.15 1.16033901 1)
(2.2 1.171749703 1)
(2.25 1.183160396 1)
(2.3 1.194571089 1)
(2.35 1.205981782 1)
(2.4 1.217392475 1)
(2.45 1.228803168 1)
(2.5 1.240213861 1)
(1.55 1.066988075 1)
(1.6 1.07797615 1)
(1.65 1.088964224 1)
(1.7 1.099952299 1)
(1.75 1.110940374 1)
(1.8 1.121928449 1)
(1.85 1.132916524 1)
(1.9 1.143904598 1)
(1.95 1.154892673 1)
(2 1.165880748 1)
(2.05 1.176868823 1)
(2.1 1.187856898 1)
(2.15 1.198844972 1)
(2.2 1.209833047 1)
(2.25 1.220821122 1)
(2.3 1.231809197 1)
(2.35 1.242797272 1)
(2.4 1.253785346 1)
(2.45 1.264773421 1)
(2.5 1.275761496 1)
(1.55 1.110565457 1)
(1.6 1.121130913 1)
(1.65 1.13169637 1)
(1.7 1.142261826 1)
(1.75 1.152827283 1)
(1.8 1.163392739 1)
(1.85 1.173958196 1)
(1.9 1.184523652 1)
(1.95 1.195089109 1)
(2 1.205654565 1)
(2.05 1.216220022 1)
(2.1 1.226785479 1)
(2.15 1.237350935 1)
(2.2 1.247916392 1)
(2.25 1.258481848 1)
(2.3 1.269047305 1)
(2.35 1.279612761 1)
(2.4 1.290178218 1)
(2.45 1.300743674 1)
(2.5 1.311309131 1)
(1.55 1.154142838 1)
(1.6 1.164285677 1)
(1.65 1.174428515 1)
(1.7 1.184571353 1)
(1.75 1.194714191 1)
(1.8 1.20485703 1)
(1.85 1.214999868 1)
(1.9 1.225142706 1)
(1.95 1.235285545 1)
(2 1.245428383 1)
(2.05 1.255571221 1)
(2.1 1.265714059 1)
(2.15 1.275856898 1)
(2.2 1.285999736 1)
(2.25 1.296142574 1)
(2.3 1.306285413 1)
(2.35 1.316428251 1)
(2.4 1.326571089 1)
(2.45 1.336713927 1)
(2.5 1.346856766 1)
(1.55 1.19772022 1)
(1.6 1.20744044 1)
(1.65 1.21716066 1)
(1.7 1.22688088 1)
(1.75 1.2366011 1)
(1.8 1.24632132 1)
(1.85 1.25604154 1)
(1.9 1.26576176 1)
(1.95 1.27548198 1)
(2 1.2852022 1)
(2.05 1.29492242 1)
(2.1 1.30464264 1)
(2.15 1.31436286 1)
(2.2 1.32408308 1)
(2.25 1.3338033 1)
(2.3 1.34352352 1)
(2.35 1.35324374 1)
(2.4 1.36296396 1)
(2.45 1.37268418 1)
(2.5 1.3824044 1)
(1.55 1.241297602 1)
(1.6 1.250595204 1)
(1.65 1.259892805 1)
(1.7 1.269190407 1)
(1.75 1.278488009 1)
(1.8 1.287785611 1)
(1.85 1.297083212 1)
(1.9 1.306380814 1)
(1.95 1.315678416 1)
(2 1.324976018 1)
(2.05 1.334273619 1)
(2.1 1.343571221 1)
(2.15 1.352868823 1)
(2.2 1.362166425 1)
(2.25 1.371464026 1)
(2.3 1.380761628 1)
(2.35 1.39005923 1)
(2.4 1.399356832 1)
(2.45 1.408654433 1)
(2.5 1.417952035 1)
(1.55 1.284874983 1)
(1.6 1.293749967 1)
(1.65 1.30262495 1)
(1.7 1.311499934 1)
(1.75 1.320374917 1)
(1.8 1.329249901 1)
(1.85 1.338124884 1)
(1.9 1.346999868 1)
(1.95 1.355874851 1)
(2 1.364749835 1)
(2.05 1.373624818 1)
(2.1 1.382499802 1)
(2.15 1.391374785 1)
(2.2 1.400249769 1)
(2.25 1.409124752 1)
(2.3 1.417999736 1)
(2.35 1.426874719 1)
(2.4 1.435749703 1)
(2.45 1.444624686 1)
(2.5 1.45349967 1)
(1.55 1.328452365 1)
(1.6 1.33690473 1)
(1.65 1.345357096 1)
(1.7 1.353809461 1)
(1.75 1.362261826 1)
(1.8 1.370714191 1)
(1.85 1.379166557 1)
(1.9 1.387618922 1)
(1.95 1.396071287 1)
(2 1.404523652 1)
(2.05 1.412976018 1)
(2.1 1.421428383 1)
(2.15 1.429880748 1)
(2.2 1.438333113 1)
(2.25 1.446785479 1)
(2.3 1.455237844 1)
(2.35 1.463690209 1)
(2.4 1.472142574 1)
(2.45 1.480594939 1)
(2.5 1.489047305 1)
(1.55 1.372029747 1)
(1.6 1.380059494 1)
(1.65 1.388089241 1)
(1.7 1.396118988 1)
(1.75 1.404148735 1)
(1.8 1.412178482 1)
(1.85 1.420208229 1)
(1.9 1.428237976 1)
(1.95 1.436267723 1)
(2 1.44429747 1)
(2.05 1.452327217 1)
(2.1 1.460356964 1)
(2.15 1.468386711 1)
(2.2 1.476416458 1)
(2.25 1.484446205 1)
(2.3 1.492475952 1)
(2.35 1.500505699 1)
(2.4 1.508535446 1)
(2.45 1.516565192 1)
(2.5 1.524594939 1)
(1.55 1.415607129 1)
(1.6 1.423214257 1)
(1.65 1.430821386 1)
(1.7 1.438428515 1)
(1.75 1.446035644 1)
(1.8 1.453642772 1)
(1.85 1.461249901 1)
(1.9 1.46885703 1)
(1.95 1.476464158 1)
(2 1.484071287 1)
(2.05 1.491678416 1)
(2.1 1.499285545 1)
(2.15 1.506892673 1)
(2.2 1.514499802 1)
(2.25 1.522106931 1)
(2.3 1.529714059 1)
(2.35 1.537321188 1)
(2.4 1.544928317 1)
(2.45 1.552535446 1)
(2.5 1.560142574 1)
(1.55 1.45918451 1)
(1.6 1.466369021 1)
(1.65 1.473553531 1)
(1.7 1.480738042 1)
(1.75 1.487922552 1)
(1.8 1.495107063 1)
(1.85 1.502291573 1)
(1.9 1.509476084 1)
(1.95 1.516660594 1)
(2 1.523845104 1)
(2.05 1.531029615 1)
(2.1 1.538214125 1)
(2.15 1.545398636 1)
(2.2 1.552583146 1)
(2.25 1.559767657 1)
(2.3 1.566952167 1)
(2.35 1.574136678 1)
(2.4 1.581321188 1)
(2.45 1.588505699 1)
(2.5 1.595690209 1)
(1.55 1.502761892 1)
(1.6 1.509523784 1)
(1.65 1.516285677 1)
(1.7 1.523047569 1)
(1.75 1.529809461 1)
(1.8 1.536571353 1)
(1.85 1.543333245 1)
(1.9 1.550095138 1)
(1.95 1.55685703 1)
(2 1.563618922 1)
(2.05 1.570380814 1)
(2.1 1.577142706 1)
(2.15 1.583904598 1)
(2.2 1.590666491 1)
(2.25 1.597428383 1)
(2.3 1.604190275 1)
(2.35 1.610952167 1)
(2.4 1.617714059 1)
(2.45 1.624475952 1)
(2.5 1.631237844 1)
(1.55 1.546339274 1)
(1.6 1.552678548 1)
(1.65 1.559017822 1)
(1.7 1.565357096 1)
(1.75 1.57169637 1)
(1.8 1.578035644 1)
(1.85 1.584374917 1)
(1.9 1.590714191 1)
(1.95 1.597053465 1)
(2 1.603392739 1)
(2.05 1.609732013 1)
(2.1 1.616071287 1)
(2.15 1.622410561 1)
(2.2 1.628749835 1)
(2.25 1.635089109 1)
(2.3 1.641428383 1)
(2.35 1.647767657 1)
(2.4 1.654106931 1)
(2.45 1.660446205 1)
(2.5 1.666785479 1)
(1.55 1.589916656 1)
(1.6 1.595833311 1)
(1.65 1.601749967 1)
(1.7 1.607666623 1)
(1.75 1.613583278 1)
(1.8 1.619499934 1)
(1.85 1.62541659 1)
(1.9 1.631333245 1)
(1.95 1.637249901 1)
(2 1.643166557 1)
(2.05 1.649083212 1)
(2.1 1.654999868 1)
(2.15 1.660916524 1)
(2.2 1.666833179 1)
(2.25 1.672749835 1)
(2.3 1.678666491 1)
(2.35 1.684583146 1)
(2.4 1.690499802 1)
(2.45 1.696416458 1)
(2.5 1.702333113 1)
(1.55 1.633494037 1)
(1.6 1.638988075 1)
(1.65 1.644482112 1)
(1.7 1.64997615 1)
(1.75 1.655470187 1)
(1.8 1.660964224 1)
(1.85 1.666458262 1)
(1.9 1.671952299 1)
(1.95 1.677446337 1)
(2 1.682940374 1)
(2.05 1.688434411 1)
(2.1 1.693928449 1)
(2.15 1.699422486 1)
(2.2 1.704916524 1)
(2.25 1.710410561 1)
(2.3 1.715904598 1)
(2.35 1.721398636 1)
(2.4 1.726892673 1)
(2.45 1.732386711 1)
(2.5 1.737880748 1)
(1.55 1.677071419 1)
(1.6 1.682142838 1)
(1.65 1.687214257 1)
(1.7 1.692285677 1)
(1.75 1.697357096 1)
(1.8 1.702428515 1)
(1.85 1.707499934 1)
(1.9 1.712571353 1)
(1.95 1.717642772 1)
(2 1.722714191 1)
(2.05 1.727785611 1)
(2.1 1.73285703 1)
(2.15 1.737928449 1)
(2.2 1.742999868 1)
(2.25 1.748071287 1)
(2.3 1.753142706 1)
(2.35 1.758214125 1)
(2.4 1.763285545 1)
(2.45 1.768356964 1)
(2.5 1.773428383 1)
(1.55 1.720648801 1)
(1.6 1.725297602 1)
(1.65 1.729946403 1)
(1.7 1.734595204 1)
(1.75 1.739244004 1)
(1.8 1.743892805 1)
(1.85 1.748541606 1)
(1.9 1.753190407 1)
(1.95 1.757839208 1)
(2 1.762488009 1)
(2.05 1.76713681 1)
(2.1 1.771785611 1)
(2.15 1.776434411 1)
(2.2 1.781083212 1)
(2.25 1.785732013 1)
(2.3 1.790380814 1)
(2.35 1.795029615 1)
(2.4 1.799678416 1)
(2.45 1.804327217 1)
(2.5 1.808976018 1)
(1.55 1.764226183 1)
(1.6 1.768452365 1)
(1.65 1.772678548 1)
(1.7 1.77690473 1)
(1.75 1.781130913 1)
(1.8 1.785357096 1)
(1.85 1.789583278 1)
(1.9 1.793809461 1)
(1.95 1.798035644 1)
(2 1.802261826 1)
(2.05 1.806488009 1)
(2.1 1.810714191 1)
(2.15 1.814940374 1)
(2.2 1.819166557 1)
(2.25 1.823392739 1)
(2.3 1.827618922 1)
(2.35 1.831845104 1)
(2.4 1.836071287 1)
(2.45 1.84029747 1)
(2.5 1.844523652 1)
(1.55 1.807803564 1)
(1.6 1.811607129 1)
(1.65 1.815410693 1)
(1.7 1.819214257 1)
(1.75 1.823017822 1)
(1.8 1.826821386 1)
(1.85 1.83062495 1)
(1.9 1.834428515 1)
(1.95 1.838232079 1)
(2 1.842035644 1)
(2.05 1.845839208 1)
(2.1 1.849642772 1)
(2.15 1.853446337 1)
(2.2 1.857249901 1)
(2.25 1.861053465 1)
(2.3 1.86485703 1)
(2.35 1.868660594 1)
(2.4 1.872464158 1)
(2.45 1.876267723 1)
(2.5 1.880071287 1)
(1.55 1.851380946 1)
(1.6 1.854761892 1)
(1.65 1.858142838 1)
(1.7 1.861523784 1)
(1.75 1.86490473 1)
(1.8 1.868285677 1)
(1.85 1.871666623 1)
(1.9 1.875047569 1)
(1.95 1.878428515 1)
(2 1.881809461 1)
(2.05 1.885190407 1)
(2.1 1.888571353 1)
(2.15 1.891952299 1)
(2.2 1.895333245 1)
(2.25 1.898714191 1)
(2.3 1.902095138 1)
(2.35 1.905476084 1)
(2.4 1.90885703 1)
(2.45 1.912237976 1)
(2.5 1.915618922 1)
(1.55 1.894958328 1)
(1.6 1.897916656 1)
(1.65 1.900874983 1)
(1.7 1.903833311 1)
(1.75 1.906791639 1)
(1.8 1.909749967 1)
(1.85 1.912708295 1)
(1.9 1.915666623 1)
(1.95 1.91862495 1)
(2 1.921583278 1)
(2.05 1.924541606 1)
(2.1 1.927499934 1)
(2.15 1.930458262 1)
(2.2 1.93341659 1)
(2.25 1.936374917 1)
(2.3 1.939333245 1)
(2.35 1.942291573 1)
(2.4 1.945249901 1)
(2.45 1.948208229 1)
(2.5 1.951166557 1)
(1.55 1.93853571 1)
(1.6 1.941071419 1)
(1.65 1.943607129 1)
(1.7 1.946142838 1)
(1.75 1.948678548 1)
(1.8 1.951214257 1)
(1.85 1.953749967 1)
(1.9 1.956285677 1)
(1.95 1.958821386 1)
(2 1.961357096 1)
(2.05 1.963892805 1)
(2.1 1.966428515 1)
(2.15 1.968964224 1)
(2.2 1.971499934 1)
(2.25 1.974035644 1)
(2.3 1.976571353 1)
(2.35 1.979107063 1)
(2.4 1.981642772 1)
(2.45 1.984178482 1)
(2.5 1.986714191 1)
(1.55 1.982113091 1)
(1.6 1.984226183 1)
(1.65 1.986339274 1)
(1.7 1.988452365 1)
(1.75 1.990565457 1)
(1.8 1.992678548 1)
(1.85 1.994791639 1)
(1.9 1.99690473 1)
(1.95 1.999017822 1)
(2 2.001130913 1)
(2.05 2.003244004 1)
(2.1 2.005357096 1)
(2.15 2.007470187 1)
(2.2 2.009583278 1)
(2.25 2.01169637 1)
(2.3 2.013809461 1)
(2.35 2.015922552 1)
(2.4 2.018035644 1)
(2.45 2.020148735 1)
(2.5 2.022261826 1)
(1.55 2.025690473 1)
(1.6 2.027380946 1)
(1.65 2.029071419 1)
(1.7 2.030761892 1)
(1.75 2.032452365 1)
(1.8 2.034142838 1)
(1.85 2.035833311 1)
(1.9 2.037523784 1)
(1.95 2.039214257 1)
(2 2.04090473 1)
(2.05 2.042595204 1)
(2.1 2.044285677 1)
(2.15 2.04597615 1)
(2.2 2.047666623 1)
(2.25 2.049357096 1)
(2.3 2.051047569 1)
(2.35 2.052738042 1)
(2.4 2.054428515 1)
(2.45 2.056118988 1)
(2.5 2.057809461 1)
(1.55 2.069267855 1)
(1.6 2.07053571 1)
(1.65 2.071803564 1)
(1.7 2.073071419 1)
(1.75 2.074339274 1)
(1.8 2.075607129 1)
(1.85 2.076874983 1)
(1.9 2.078142838 1)
(1.95 2.079410693 1)
(2 2.080678548 1)
(2.05 2.081946403 1)
(2.1 2.083214257 1)
(2.15 2.084482112 1)
(2.2 2.085749967 1)
(2.25 2.087017822 1)
(2.3 2.088285677 1)
(2.35 2.089553531 1)
(2.4 2.090821386 1)
(2.45 2.092089241 1)
(2.5 2.093357096 1)
(1.55 2.112845237 1)
(1.6 2.113690473 1)
(1.65 2.11453571 1)
(1.7 2.115380946 1)
(1.75 2.116226183 1)
(1.8 2.117071419 1)
(1.85 2.117916656 1)
(1.9 2.118761892 1)
(1.95 2.119607129 1)
(2 2.120452365 1)
(2.05 2.121297602 1)
(2.1 2.122142838 1)
(2.15 2.122988075 1)
(2.2 2.123833311 1)
(2.25 2.124678548 1)
(2.3 2.125523784 1)
(2.35 2.126369021 1)
(2.4 2.127214257 1)
(2.45 2.128059494 1)
(2.5 2.12890473 1)
(1.55 2.156422618 1)
(1.6 2.156845237 1)
(1.65 2.157267855 1)
(1.7 2.157690473 1)
(1.75 2.158113091 1)
(1.8 2.15853571 1)
(1.85 2.158958328 1)
(1.9 2.159380946 1)
(1.95 2.159803564 1)
(2 2.160226183 1)
(2.05 2.160648801 1)
(2.1 2.161071419 1)
(2.15 2.161494037 1)
(2.2 2.161916656 1)
(2.25 2.162339274 1)
(2.3 2.162761892 1)
(2.35 2.16318451 1)
(2.4 2.163607129 1)
(2.45 2.164029747 1)
(2.5 2.164452365 1)
(1.55 2.2 1)
(1.6 2.2 1)
(1.65 2.2 1)
(1.7 2.2 1)
(1.75 2.2 1)
(1.8 2.2 1)
(1.85 2.2 1)
(1.9 2.2 1)
(1.95 2.2 1)
(2 2.2 1)
(2.05 2.2 1)
(2.1 2.2 1)
(2.15 2.2 1)
(2.2 2.2 1)
(2.25 2.2 1)
(2.3 2.2 1)
(2.35 2.2 1)
(2.4 2.2 1)
(2.45 2.2 1)
(2.5 2.2 1)
)


// ************************************************************************* //
