/*--------------------------------*- C++ -*----------------------------------*\
| =========                 |                                                 |
| \\      /  F ield         | OpenFOAM: The Open Source CFD Toolbox           |
|  \\    /   O peration     | Version:  2412                                  |
|   \\  /    A nd           | Website:  www.openfoam.com                      |
|    \\/     M anipulation  |                                                 |
\*---------------------------------------------------------------------------*/
FoamFile
{
    version     2.0;
    format      ascii;
    arch        "LSB;label=32;scalar=64";
    class       volScalarField;
    location    "0.0999";
    object      T;
}
// * * * * * * * * * * * * * * * * * * * * * * * * * * * * * * * * * * * * * //

dimensions      [0 0 0 1 0 0 0];

internalField   nonuniform List<scalar> 
15000
(
300
300
300
300
300
300
300
300
300
300
300
300
300
300
300
300
300
300
300
300
300
300
300
300
300
300
300
300
300
300.001
300.001
300.002
300.003
300.006
300.011
300.02
300.036
300.065
300.117
300.212
300.384
300.697
301.262
302.303
304.172
307.663
313.674
325.023
342.222
379.827
300
300
300
300
300
300
300
300
300
300
300
300
300
300
300
300
300
300
300
300
300
300
300
300
300
300
300
300
300
300.001
300.001
300.002
300.003
300.005
300.01
300.017
300.031
300.054
300.097
300.173
300.307
300.546
300.968
301.718
303.03
305.351
309.292
316.056
326.563
343.687
300
300
300
300
300
300
300
300
300
300
300
300
300
300
300
300
300
300
300
300
300
300
300
300
300
300
300
300
300
300
300.001
300.001
300.002
300.004
300.008
300.013
300.023
300.041
300.072
300.127
300.222
300.387
300.674
301.17
302.019
303.469
305.897
309.927
316.251
325.864
300
300
300
300
300
300
300
300
300
300
300
300
300
300
300
300
300
300
300
300
300
300
300
300
300
300
300
300
300
300
300.001
300.001
300.002
300.003
300.006
300.01
300.017
300.029
300.05
300.086
300.149
300.255
300.436
300.742
301.256
302.111
303.52
305.808
309.414
314.848
300
300
300
300
300
300
300
300
300
300
300
300
300
300
300
300
300
300
300
300
300
300
300
300
300
300
300
300
300
300
300
300.001
300.001
300.002
300.004
300.007
300.011
300.019
300.033
300.056
300.095
300.161
300.27
300.452
300.753
301.245
302.044
303.318
305.325
308.341
300
300
300
300
300
300
300
300
300
300
300
300
300
300
300
300
300
300
300
300
300
300
300
300
300
300
300
300
300
300
300
300.001
300.001
300.001
300.003
300.004
300.007
300.012
300.021
300.035
300.059
300.098
300.163
300.269
300.441
300.719
301.165
301.868
302.972
304.626
300
300
300
300
300
300
300
300
300
300
300
300
300
300
300
300
300
300
300
300
300
300
300
300
300
300
300
300
300
300
300
300
300.001
300.001
300.002
300.003
300.005
300.008
300.013
300.021
300.036
300.059
300.096
300.157
300.255
300.41
300.658
301.044
301.648
302.551
300
300
300
300
300
300
300
300
300
300
300
300
300
300
300
300
300
300
300
300
300
300
300
300
300
300
300
300
300
300
300
300
300
300.001
300.001
300.002
300.003
300.005
300.008
300.013
300.021
300.035
300.056
300.091
300.146
300.232
300.369
300.581
300.911
301.402
300
300
300
300
300
300
300
300
300
300
300
300
300
300
300
300
300
300
300
300
300
300
300
300
300
300
300
300
300
300
300
300
300
300
300.001
300.001
300.002
300.003
300.005
300.008
300.012
300.02
300.032
300.052
300.083
300.131
300.206
300.322
300.503
300.77
300
300
300
300
300
300
300
300
300
300
300
300
300
300
300
300
300
300
300
300
300
300
300
300
300
300
300
300
300
300
300
300
300
300
300
300.001
300.001
300.002
300.003
300.004
300.007
300.012
300.019
300.03
300.047
300.073
300.115
300.179
300.277
300.423
300
300
300
300
300
300
300
300
300
300
300
300
300
300
300
300
300
300
300
300
300
300
300
300
300
300
300
300
300
300
300
300
300
300
300
300
300.001
300.001
300.002
300.003
300.004
300.007
300.011
300.017
300.026
300.041
300.064
300.099
300.153
300.232
300
300
300
300
300
300
300
300
300
300
300
300
300
300
300
300
300
300
300
300
300
300
300
300
300
300
300
300
300
300
300
300
300
300
300
300
300
300.001
300.001
300.002
300.002
300.004
300.006
300.009
300.015
300.023
300.036
300.055
300.084
300.127
300
300
300
300
300
300
300
300
300
300
300
300
300
300
300
300
300
300
300
300
300
300
300
300
300
300
300
300
300
300
300
300
300
300
300
300
300
300
300.001
300.001
300.001
300.002
300.003
300.005
300.008
300.013
300.02
300.03
300.046
300.07
300
300
300
300
300
300
300
300
300
300
300
300
300
300
300
300
300
300
300
300
300
300
300
300
300
300
300
300
300
300
300
300
300
300
300
300
300
300
300
300
300.001
300.001
300.002
300.003
300.005
300.007
300.011
300.017
300.026
300.038
300
300
300
300
300
300
300
300
300
300
300
300
300
300
300
300
300
300
300
300
300
300
300
300
300
300
300
300
300
300
300
300
300
300
300
300
300
300
300
300
300
300.001
300.001
300.002
300.003
300.004
300.006
300.009
300.014
300.021
300
300
300
300
300
300
300
300
300
300
300
300
300
300
300
300
300
300
300
300
300
300
300
300
300
300
300
300
300
300
300
300
300
300
300
300
300
300
300
300
300
300
300.001
300.001
300.001
300.002
300.003
300.005
300.008
300.012
300
300
300
300
300
300
300
300
300
300
300
300
300
300
300
300
300
300
300
300
300
300
300
300
300
300
300
300
300
300
300
300
300
300
300
300
300
300
300
300
300
300
300
300.001
300.001
300.001
300.002
300.003
300.004
300.006
300
300
300
300
300
300
300
300
300
300
300
300
300
300
300
300
300
300
300
300
300
300
300
300
300
300
300
300
300
300
300
300
300
300
300
300
300
300
300
300
300
300
300
300
300
300.001
300.001
300.002
300.002
300.004
300
300
300
300
300
300
300
300
300
300
300
300
300
300
300
300
300
300
300
300
300
300
300
300
300
300
300
300
300
300
300
300
300
300
300
300
300
300
300
300
300
300
300
300
300
300
300.001
300.001
300.001
300.002
300
300
300
300
300
300
300
300
300
300
300
300
300
300
300
300
300
300
300
300
300
300
300
300
300
300
300
300
300
300
300
300
300
300
300
300
300
300
300
300
300
300
300
300
300
300
300
300
300.001
300.001
300
300
300
300
300
300
300
300
300
300
300
300
300
300
300
300
300
300
300
300
300
300
300
300
300
300
300
300
300
300
300
300
300
300
300
300
300
300
300
300
300
300
300
300
300
300
300
300
300
300.001
300
300
300
300
300
300
300
300
300
300
300
300
300
300
300
300
300
300
300
300
300
300
300
300
300
300
300
300
300
300
300
300
300
300
300
300
300
300
300
300
300
300
300
300
300
300
300
300
300
300
300
300
300
300
300
300
300
300
300
300
300
300
300
300
300
300
300
300
300
300
300
300
300
300
300
300
300
300
300
300
300
300
300
300
300
300
300
300
300
300
300
300
300
300
300
300
300
300
300
300
300
300
300
300
300
300
300
300
300
300
300
300
300
300
300
300
300
300
300
300
300
300
300
300
300
300
300
300
300
300
300
300
300
300
300
300
300
300
300
300
300
300
300
300
300
300
300
300
300
300
300
300
300
300
300
300
300
300
300
300
300
300
300
300
300
300
300
300
300
300
300
300
300
300
300
300
300
300
300
300
300
300
300
300
300
300
300
300
300
300
300
300
300
300
300
300
300
300
300
300
300
300
300
300
300
300
300
300
300
300
300
300
300
300
300
300
300
300
300
300
300
300
300
300
300
300
300
300
300
300
300
300
300
300
300
300
300
300
300
300
300
300
300
300
300
300
300
300
300
300
300
300
300
300
300
300
300
300
300
300
300
300
300
300
300
300
300
300
300
300
300
300
300
300
300
300
300
300
300
300
300
300
300
300
300
300
300
300
300
300
300
300
300
300
300
300
300
300
300
300
300
300
300
300
300
300
300
300
300
300
300
300
300
300
300
300
300
300
300
300
300
300
300
300
300
300
300
300
300
300
300
300
300
300
300
300
300
300
300
300
300
300
300
300
300
300
300
300
300
300
300
300
300
300
300
300
300
300
300
300
300
300
300
300
300
300
300
300
300
300
300
300
300
300
300
300
300
300
300
300
300
300
300
300
300
300
300
300
300
300
300
300
300
300
300
300
300
300
300
300
300
300
300
300
300
300
300
300
300
300
300
300
300
300
300
300
300
300
300
300
300
300
300
300
300
300
300
300
300
300
300
300
300
300
300
300
300
300
300
300
300
300
300
300
300
300
300
300
300
300
300
300
300
300
300
300
300
300
300
300
300
300
300
300
300
300
300
300
300
300
300
300
300
300
300
300
300
300
300
300
300
300
300
300
300
300
300
300
300
300
300
300
300
300
300
300
300
300
300
300
300
300
300
300
300
300
300
300
300
300
300
300
300
300
300
300
300
300
300
300
300
300
300
300
300
300
300
300
300
300
300
300
300
300
300
300
300
300
300
300
300
300
300
300
300
300
300
300
300
300
300
300
300
300
300
300
300
300
300
300
300
300
300
300
300
300
300
300
300
300
300
300
300
300
300
300
300
300
300
300
300
300
300
300
300
300
300
300
300
300
300
300
300
300
300
300
300
300
300
300
300
300
300
300
300
300
300
300
300
300
300
300
300
300
300
300
300
300
300
300
300
300
300
300
300
300
300
300
300
300
300
300
300
300
300
300
300
300
300
300
300
300
300
300
300
300
300
300
300
300
300
300
300
300
300
300
300
300
300
300
300
300
300
300
300
300
300
300
300
300
300
300
300
300
300
300
300
300
300
300
300
300
300
300
300
300
300
300
300
300
300
300
300
300
300
300
300
300
300
300
300
300
300
300
300
300
300
300
300
300
300
300
300
300
300
300
300
300
300
300
300
300
300
300
300
300
300
300
300
300
300
300
300
300
300
300
300
300
300
300
300
300
300
300
300
300
300
300
300
300
300
300
300
300
300
300
300
300
300
300
300
300
300
300
300
300
300
300
300
300
300
300
300
300
300
300
300
300
300
300
300
300
300
300
300
300
300
300
300
300
300
300
300
300
300
300
300
300
300
300
300
300
300
300
300
300
300
300
300
300
300
300
300
300
300
300
300
300
300
300
300
300
300
300
300
300
300
300
300
300
300
300
300
300
300
300
300
300
300
300
300
300
300
300
300
300
300
300
300
300
300
300
300
300
300
300
300
300
300
300
300
300
300
300
300
300
300
300
300
300
300
300
300
300
300
300
300
300
300
300
300
300
300
300
300
300
300
300
300
300
300
300
300
300
300
300
300
300
300
300
300
300
300
300
300
300
300
300
300
300
300
300
300
300
300
300
300
300
300
300
300
300
300
300
300
300
300
300
300
300
300
300
300
300
300
300
300
300
300
300
300
300
300
300
300
300
300
300
300
300
300
300
300
300
300
300
300
300
300
300
300
300
300
300
300
300
300
300
300
300
300
300
300
300
300
300
300
300
300
300
300
300
300
300
300
300
300
300
300
300
300
300
300
300
300
300
300
300
300
300
300
300
300
300
300
300
300
300
300
300
300
300
300
300
300
300
300
300
300
300
300
300
300
300
300
300
300
300
300
300
300
300
300
300
300
300
300
300
300
300
300
300
300
300
300
300
300
300
300
300
300
300
300
300
300
300
300
300
300
300
300
300
300
300
300
300
300
300
300
300
300
300
300
300
300
300
300
300
300
300
300
300
300
300
300
300
300
300
300
300
300
300
300
300
300
300
300
300
300
300
300
300
300
300
300
300
300
300
300
300
300
300
300
300
300
300
300
300
300
300
300
300
300
300
300
300
300
300
300
300
300
300
300
300
300
300
300
300
300
300
300
300
300
300
300
300
300
300
300
300
300
300
300
300
300
300
300
300
300
300
300
300
300
300
300
300
300
300
300
300
300
300
300
300
300
300
300
300
300
300
300
300
300
300
300
300
300
300
300
300
300
300
300
300
300
300
300
300
300
300
300
300
300
300
300
300
300
300
300
300
300
300
300
300
300
300
300
300
300
300
300
300
300
300
300
300
300
300
300
300
300
300
300
300
300
300
300
300
300
300
300
300
300
300
300
300
300
300
300
300
300
300
300
300
300
300
300
300
300
300
300
300
300
300
300
300
300
300
300
300
300
300
300
300
300
300
300
300
300
300
300
300
300
300
300
300
300
300
300
300
300
300
300
300
300
300
300
300
300
300
300
300
300
300
300
300
300
300
300
300
300
300
300
300
300
300
300
300
300
300
300
300
300
300
300
300
300
300
300
300
300
300
300
300
300
300
300
300
300
300
300
300
300
300
300
300
300
300
300
300
300
300
300
300
300
300
300
300
300
300
300
300
300
300
300
300
300
300
300
300
300
300
300
300
300
300
300
300
300
300
300
300
300
300
300
300
300
300
300
300
300
300
300
300
300
300
300
300
300
300
300
300
300
300
300
300
300
300
300
300
300
300
300
300
300
300
300
300
300
300
300
300
300
300
300
300
300
300
300
300
300
300
300
300
300
300
300
300
300
300
300
300
300
300
300
300
300
300
300
300
300
300
300
300
300
300
300
300
300
300
300
300
300
300
300
300
300
300
300
300
300
300
300
300
300
300
300
300
300
300
300
300
300
300
300
300
300
300
300
300
300
300
300
300
300
300
300
300
300
300
300
300
300
300
300
300
300
300
300
300
300
300
300
300
300
300
300
300
300
300
300
300
300
300
300
300
300
300
300
300
300
300
300
300
300
300
300
300
300
300
300
300
300
300
300
300
300
300
300
300
300
300
300
300
300
300
300
300
300
300
300
300
300
300
300
300
300
300
300
300
300
300
300
300
300
300
300
300
300
300
300
300
300
300
300
300
300
300
300
300
300
300
300
300
300
300
300
300
300
300
300
300
300
300
300
300
300
300
300
300
300
300
300
300
300
300
300
300
300
300
300
300
300
300
300
300
300
300
300
300
300
300
300
300
300
300
300
300
300
300
300
300
300
300
300
300
300
300
300
300
300
300
300
300
300
300
300
300
300
300
300
300
300
300
300
300
300
300
300
300
300
300
300
300
300
300
300
300
300
300
300
300
300
300
300
300
300
300
300
300
300
300
300
300
300
300
300
300
300
300
300
300
300
300
300
300
300
300
300
300
300
300
300
300
300
300
300
300
300
300
300
300
300
300
300
300
300
300
300
300
300
300
300
300
300
300
300
300
300
300
300
300
300
300
300
300
300
300
300
300
300
300
300
300
300
300
300
300
300
300
300
300
300
300
300
300
300
300
300
300
300
300
300
300
300
300
300
300
300
300
300
300
300
300
300
300
300
300
300
300
300
300
300
300
300
300
300
300
300
300
300
300
300
300
300
300
300
300
300
300
300
300
300
300
300
300
300
300
300
300
300
300
300
300
300
300
300
300
300
300
300
300
300
300
300
300
300
300
300
300
300
300
300
300
300
300
300
300
300
300
300
300
300
300
300
300
300
300
300
300
300
300
300
300
300
300
300
300
300
300
300
300
300
300
300
300
300
300
300
300
300
300
300
300
300
300
300
300
300
300
300
300
300
300
300
300
300
300
300
300
300
300
300
300
300
300
300
300
300
300
300
300
300
300
300
300
300
300
300
300
300
300
300
300
300
300
300
300
300
300
300
300
300
300
300
300
300
300
300
300
300
300
300
300
300
300
300
300
300
300
300
300
300
300
300
300
300
300
300
300
300
300
300
300
300
300
300
300
300
300
300
300
300
300
300
300
300
300
300
300
300
300
300
300
300
300
300
300
300
300
300
300
300
300
300
300
300
300
300
300
300
300
300
300
300
300
300
300
300
300
300
300
300
300
300
300
300
300
300
300
300
300
300
300
300
300
300
300
300
300
300
300
300
300
300
300
300
300
300
300
300
300
300
300
300
300
300
300
300
300
300
300
300
300
300
300
300
300
300
300
300
300
300
300
300
300
300
300
300
300
300
300
300
300
300
300
300
300
300
300
300
300
300
300
300
300
300
300
300
300
300
300
300
300
300
300
300
300
300
300
300
300
300
300
300
300
300
300
300
300
300
300
300
300
300
300
300
300
300
300
300
300
300
300
300
300
300
300
300
300
300
300
300
300
300
300
300
300
300
300
300
300
300
300
300
300
300
300
300
300
300
300
300
300
300
300
300
300
300
300
300
300
300
300
300
300
300
300
300
300
300
300
300
300
300
300
300
300
300
300
300
300
300
300
300
300
300
300
300
300
300
300
300
300
300
300
300
300
300
300
300
300
300
300
300
300
300
300
300
300
300
300
300
300
300
300
300
300
300
300
300
300
300
300
300
300
300
300
300
300
300
300
300
300
300
300
300
300
300
300
300
300
300
300
300
300
300
300
300
300
300
300
300
300
300
300
300
300
300
300
300
300
300
300
300
300
300
300
300
300
300
300
300
300
300
300
300
300
300
300
300
300
300
300
300
300
300
300
300
300
300
300
300
300
300
300
300
300
300
300
300
300
300
300
300
300
300
300
300
300
300
300
300
300
300
300
300
300
300
300
300
300
300
300
300
300
300
300
300
300
300
300
300
300
300
300
300
300
300
300
300
300
300
300
300
300
300
300
300
300
300
300
300
300
300
300
300
300
300
300
300
300
300
300
300
300
300
300
300
300
300
300
300
300
300
300
300
300
300
300
300
300
300
300
300
300
300
300
300
300
300
300
300
300
300
300
300
300
300
300
300
300
300
300
300
300
300
300
300
300
300
300
300
300
300
300
300
300
300
300
300
300
300
300
300
300
300
300
300
300
300
300
300
300
300
300
300
300
300
300
300
300
300
300
300
300
300
300
300
300
300
300
300
300
300
300
300
300
300
300
300
300
300
300
300
300
300
300
300
300
300
300
300
300
300
300
300
300
300
300
300
300
300
300
300
300
300
300
300
300
300
300
300
300
300
300
300
300
300
300
300
300
300
300
300
300
300
300
300
300
300
300
300
300
300
300
300
300
300
300
300
300
300
300
300
300
300
300
300
300
300
300
300
300
300
300
300
300
300
300
300
300
300
300
300
300
300
300
300
300
300
300
300
300
300
300
300
300
300
300
300
300
300
300
300
300
300
300
300
300
300
300
300
300
300
300
300
300
300
300
300
300
300
300
300
300
300
300
300
300
300
300
300
300
300
300
300
300
300
300
300
300
300
300
300
300
300
300
300
300
300
300
300
300
300
300
300
300
300
300
300
300
300
300
300
300
300
300
300
300
300
300
300
300
300
300
300
300
300
300
300
300
300
300
300
300
300
300
300
300
300
300
300
300
300
300
300
300
300
300
300
300
300
300
300
300
300
300
300
300
300
300
300
300
300
300
300
300
300
300
300
300
300
300
300
300
300
300
300
300
300
300
300
300
300
300
300
300
300
300
300
300
300
300
300
300
300
300
300
300
300
300
300
300
300
300
300
300
300
300
300
300
300
300
300
300
300
300
300
300
300
300
300
300
300
300
300
300
300
300
300
300
300
300
300
300
300
300
300
300
300
300
300
300
300
300
300
300
300
300
300
300
300
300
300
300
300
300
300
300
300
300
300
300
300
300
300
300
300
300
300
300
300
300
300
300
300
300
300
300
300
300
300
300
300
300
300
300
300
300
300
300
300
300
300
300
300
300
300
300
300
300
300
300
300
300
300
300
300
300
300
300
300
300
300
300
300
300
300
300
300
300
300
300
300
300
300
300
300
300
300
300
300
300
300
300
300
300
300
300
300
300
300
300
300
300
300
300
300
300
300
300
300
300
300
300
300
300
300
300
300
300
300
300
300
300
300
300
300
300
300
300
300
300
300
300
300
300
300
300
300
300
300
300
300
300
300
300
300
300
300
300
300
300
300
300
300
300
300
300
300
300
300
300
300
300
300
300
300
300
300
300
300
300
300
300
300
300
300
300
300
300
300
300
300
300
300
300
300
300
300
300
300
300
300
300
300
300
300
300
300
300
300
300
300
300
300
300
300
300
300
300
300
300
300
300
300
300
300
300
300
300
300
300
300
300
300
300
300
300
300
300
300
300
300
300
300
300
300
300
300
300
300
300
300
300
300
300
300
300
300
300
300
300
300
300
300
300
300
300
300
300
300
300
300
300
300
300
300
300
300
300
300
300
300
300
300
300
300
300
300
300
300
300
300
300
300
300
300
300
300
300
300
300
300
300
300
300
300
300
300
300
300
300
300
300
300
300
300
300
300
300
300
300
300
300
300
300
300
300
300
300
300
300
300
300
300
300
300
300
300
300
300
300
300
300
300
300
300
300
300
300
300
300
300
300
300
300
300
300
300
300
300
300
300
300
300
300
300
300
300
300
300
300
300
300
300
300
300
300
300
300
300
300
300
300
300
300
300
300
300
300
300
300
300
300
300
300
300
300
300
300
300
300
300
300
300
300
300
300
300
300
300
300
300
300
300
300
300
300
300
300
300
300
300
300
300
300
300
300
300
300
300
300
300
300
300
300
300
300
300
300
300
300
300
300
300
300
300
300
300
300
300
300
300
300
300
300
300
300
300
300
300
300
300
300
300
300
300
300
300
300
300
300
300
300
300
300
300
300
300
300
300
300
300
300
300
300
300
300
300
300
300
300
300
300
300
300
300
300
300
300
300
300
300
300
300
300
300
300
300
300
300
300
300
300
300
300
300
300
300
300
300
300
300
300
300
300
300
300
300
300
300
300
300
300
300
300
300
300
300
300
300
300
300
300
300
300
300
300
300
300
300
300
300
300
300
300
300
300
300
300
300
300
300
300
300
300
300
300
300
300
300
300
300
300
300
300
300
300
300
300
300
300
300
300
300
300
300
300
300
300
300
300
300
300
300
300
300
300
300
300
300
300
300
300
300
300
300
300
300
300
300
300
300
300
300
300
300
300
300
300
300
300
300
300
300
300
300
300
300
300
300
300
300
300
300
300
300
300
300
300
300
300
300
300
300
300
300
300
300
300
300
300
300
300
300
300
300
300
300
300
300
300
300
300
300
300
300
300
300
300
300
300
300
300
300
300
300
300
300
300
300
300
300
300
300
300
300
300
300
300
300
300
300
300
300
300
300
300
300
300
300
300
300
300
300
300
300
300
300
300
300
300
300
300
300
300
300
300
300
300
300
300
300
300
300
300
300
300
300
300
300
300
300
300
300
300
300
300
300
300
300
300
300
300
300
300
300
300
300
300
300
300
300
300
300
300
300
300
300
300
300
300
300
300
300
300
300
300
300
300
300
300
300
300
300
300
300
300
300
300
300
300
300
300
300
300
300
300
300
300
300
300
300
300
300
300
300
300
300
300
300
300
300
300
300
300
300
300
300
300
300
300
300
300
300
300
300
300
300
300
300
300
300
300
300
300
300
300
300
300
300
300
300
300
300
300
300
300
300
300
300
300
300
300
300
300
300
300
300
300
300
300
300
300
300
300
300
300
300
300
300
300
300
300
300
300
300
300
300
300
300
300
300
300
300
300
300
300
300
300
300
300
300
300
300
300
300
300
300
300
300
300
300
300
300
300
300
300
300
300
300
300
300
300
300
300
300
300
300
300
300
300
300
300
300
300
300
300
300
300
300
300
300
300
300
300
300
300
300
300
300
300
300
300
300
300
300
300
300
300
300
300
300
300
300
300
300
300
300
300
300
300
300
300
300
300
300
300
300
300
300
300
300
300
300
300
300
300
300
300
300
300
300
300
300
300
300
300
300
300
300
300
300
300
300
300
300
300
300
300
300
300
300
300
300
300
300
300
300
300
300
300
300
300
300
300
300
300
300
300
300
300
300
300
300
300
300
300
300
300
300
300
300
300
300
300
300
300
300
300
300
300
300
300
300
300
300
300
300
300
300
300
300
300
300
300
300
300
300
300
300
300
300
300
300
300
300
300
300
300
300
300
300
300
300
300
300
300
300
300
300
300
300
300
300
300
300
300
300
300
300
300
300
300
300
300
300
300
300
300
300
300
300
300
300
300
300
300
300
300
300
300
300
300
300
300
300
300
300
300
300
300
300
300
300
300
300
300
300
300
300
300
300
300
300
300
300
300
300
300
300
300
300
300
300
300
300
300
300
300
300
300
300
300
300
300
300
300
300
300
300
300
300
300
300
300
300
300
300
300
300
300
300
300
300
300
300
300
300
300
300
300
300
300
300
300
300
300
300
300
300
300
300
300
300
300
300
300
300
300
300
300
300
300
300
300
300
300
300
300
300
300
300
300
300
300
300
300
409.353
425.96
434.145
437.079
437.027
435.644
433.809
432.201
431.083
430.426
430.144
430.092
430.182
430.317
430.467
430.59
430.689
430.754
430.796
430.815
430.824
430.822
430.818
430.811
430.807
430.803
430.802
430.801
430.802
430.803
430.805
430.806
430.808
430.809
430.809
430.81
430.81
430.81
430.81
430.81
430.811
430.811
430.812
430.812
430.813
430.813
430.814
430.815
430.815
430.816
430.817
430.818
430.819
430.819
430.82
430.821
430.822
430.823
430.824
430.825
430.826
430.827
430.828
430.829
430.83
430.831
430.832
430.833
430.834
430.835
430.836
430.836
430.837
430.838
430.839
430.84
430.841
430.842
430.843
430.843
430.844
430.845
430.846
430.847
430.847
430.848
430.849
430.849
430.85
430.851
430.851
430.852
430.852
430.852
430.852
430.852
430.852
430.852
430.848
430.85
364.885
386.044
403.161
414.619
421.022
423.841
424.898
425.117
425.037
424.921
424.86
424.884
424.963
425.075
425.184
425.281
425.35
425.399
425.425
425.44
425.443
425.445
425.444
425.445
425.446
425.45
425.455
425.462
425.469
425.476
425.483
425.491
425.498
425.505
425.511
425.518
425.524
425.531
425.538
425.544
425.551
425.558
425.565
425.572
425.58
425.587
425.594
425.602
425.61
425.617
425.625
425.633
425.641
425.649
425.657
425.665
425.673
425.682
425.69
425.699
425.707
425.716
425.724
425.733
425.742
425.75
425.759
425.768
425.777
425.786
425.795
425.804
425.814
425.823
425.832
425.841
425.851
425.86
425.869
425.879
425.888
425.898
425.907
425.917
425.927
425.936
425.946
425.956
425.965
425.975
425.985
425.994
426.004
426.013
426.023
426.032
426.042
426.051
426.06
426.069
338.907
355.528
373.792
391.166
405.333
415.248
421.145
424.032
425.01
424.946
424.453
423.891
423.411
423.058
422.824
422.68
422.601
422.559
422.543
422.538
422.542
422.546
422.552
422.558
422.564
422.569
422.575
422.58
422.587
422.594
422.602
422.61
422.62
422.63
422.642
422.653
422.666
422.678
422.691
422.704
422.718
422.732
422.746
422.76
422.775
422.789
422.804
422.818
422.833
422.848
422.863
422.878
422.893
422.908
422.923
422.938
422.954
422.969
422.984
422.999
423.014
423.029
423.045
423.06
423.075
423.09
423.105
423.12
423.135
423.15
423.165
423.18
423.195
423.21
423.225
423.24
423.255
423.27
423.285
423.299
423.314
423.329
423.344
423.358
423.373
423.387
423.402
423.416
423.431
423.445
423.46
423.474
423.488
423.502
423.516
423.53
423.543
423.557
423.566
423.587
322.684
333.6
347.596
363.826
380.459
395.29
406.651
414.055
418.166
420.013
420.556
420.455
420.147
419.838
419.617
419.499
419.467
419.492
419.545
419.61
419.671
419.725
419.767
419.799
419.822
419.839
419.85
419.86
419.867
419.875
419.882
419.89
419.898
419.907
419.916
419.926
419.935
419.945
419.955
419.965
419.975
419.985
419.994
420.005
420.015
420.025
420.036
420.046
420.057
420.068
420.079
420.091
420.102
420.114
420.125
420.137
420.149
420.161
420.174
420.186
420.199
420.212
420.224
420.237
420.25
420.264
420.277
420.291
420.304
420.318
420.332
420.346
420.36
420.374
420.389
420.403
420.418
420.432
420.447
420.462
420.477
420.492
420.507
420.522
420.538
420.553
420.569
420.584
420.6
420.616
420.632
420.647
420.663
420.679
420.695
420.711
420.726
420.742
420.755
420.775
312.879
319.464
328.596
340.52
354.928
370.723
386.095
399.229
409.018
415.399
419.029
420.782
421.38
421.423
421.261
421.069
420.916
420.817
420.761
420.732
420.717
420.707
420.698
420.687
420.675
420.66
420.646
420.632
420.62
420.608
420.598
420.589
420.581
420.574
420.568
420.563
420.558
420.553
420.548
420.544
420.54
420.536
420.533
420.529
420.527
420.524
420.521
420.519
420.517
420.515
420.513
420.511
420.51
420.509
420.507
420.506
420.505
420.504
420.504
420.503
420.502
420.502
420.502
420.501
420.501
420.501
420.501
420.501
420.501
420.502
420.502
420.502
420.503
420.504
420.504
420.505
420.506
420.507
420.508
420.509
420.51
420.511
420.513
420.514
420.516
420.517
420.519
420.521
420.522
420.524
420.526
420.528
420.53
420.532
420.534
420.536
420.538
420.541
420.542
420.549
307.18
310.967
316.434
324.054
334.196
346.888
361.533
376.819
390.958
402.436
410.587
415.62
418.342
419.548
419.873
419.814
419.624
419.429
419.283
419.19
419.141
419.12
419.119
419.126
419.138
419.151
419.163
419.174
419.184
419.192
419.2
419.207
419.213
419.22
419.226
419.232
419.239
419.245
419.252
419.258
419.265
419.272
419.279
419.286
419.293
419.3
419.307
419.314
419.321
419.329
419.336
419.343
419.351
419.358
419.366
419.373
419.381
419.388
419.396
419.403
419.411
419.418
419.426
419.434
419.441
419.449
419.456
419.464
419.472
419.479
419.487
419.495
419.502
419.51
419.518
419.525
419.533
419.541
419.548
419.556
419.563
419.571
419.579
419.586
419.594
419.602
419.609
419.617
419.624
419.632
419.639
419.647
419.654
419.661
419.669
419.676
419.683
419.69
419.696
419.707
303.962
306.078
309.199
313.706
320.038
328.607
339.648
352.964
367.694
382.378
395.344
405.419
412.329
416.49
418.719
419.664
419.941
419.934
419.836
419.739
419.674
419.642
419.633
419.637
419.647
419.656
419.663
419.667
419.667
419.665
419.661
419.655
419.649
419.642
419.635
419.629
419.623
419.617
419.611
419.606
419.601
419.596
419.591
419.587
419.582
419.578
419.575
419.571
419.567
419.564
419.561
419.558
419.555
419.552
419.55
419.547
419.545
419.543
419.541
419.539
419.538
419.536
419.535
419.533
419.532
419.531
419.53
419.529
419.528
419.527
419.527
419.526
419.526
419.525
419.525
419.525
419.525
419.525
419.525
419.525
419.525
419.525
419.526
419.526
419.527
419.527
419.528
419.528
419.529
419.53
419.531
419.532
419.533
419.534
419.535
419.536
419.537
419.539
419.541
419.546
302.175
303.339
305.074
307.629
311.328
316.562
323.755
333.247
345.116
358.93
373.581
387.52
399.247
407.939
413.626
416.937
418.599
419.242
419.396
419.345
419.237
419.138
419.069
419.026
419.002
418.99
418.986
418.985
418.984
418.984
418.985
418.984
418.984
418.985
418.985
418.986
418.987
418.988
418.99
418.992
418.995
418.997
419
419.003
419.006
419.009
419.012
419.015
419.019
419.022
419.026
419.03
419.033
419.037
419.041
419.045
419.049
419.053
419.057
419.062
419.066
419.07
419.074
419.078
419.082
419.086
419.091
419.095
419.099
419.103
419.107
419.111
419.115
419.119
419.123
419.127
419.131
419.136
419.139
419.143
419.147
419.151
419.155
419.159
419.163
419.167
419.171
419.175
419.178
419.182
419.186
419.189
419.193
419.197
419.2
419.204
419.208
419.212
419.214
419.221
301.191
301.827
302.778
304.194
306.276
309.299
313.608
319.603
327.679
338.082
350.704
364.864
379.248
392.3
402.771
410.187
414.856
417.488
418.703
419.16
419.262
419.223
419.155
419.101
419.069
419.055
419.055
419.061
419.069
419.078
419.085
419.091
419.095
419.097
419.097
419.097
419.096
419.094
419.092
419.09
419.088
419.085
419.083
419.08
419.078
419.075
419.073
419.071
419.069
419.067
419.065
419.063
419.061
419.059
419.058
419.056
419.055
419.054
419.053
419.051
419.051
419.05
419.049
419.048
419.048
419.047
419.047
419.046
419.046
419.046
419.046
419.045
419.045
419.046
419.046
419.046
419.046
419.047
419.047
419.047
419.048
419.048
419.049
419.05
419.05
419.051
419.052
419.053
419.054
419.055
419.056
419.057
419.058
419.059
419.06
419.061
419.063
419.065
419.067
419.072
300.652
300.998
301.516
302.291
303.441
305.134
307.598
311.131
316.101
322.906
331.894
343.19
356.464
370.786
384.689
396.696
405.874
412.057
415.829
417.808
418.666
418.967
419.011
418.964
418.904
418.858
418.829
418.814
418.807
418.806
418.807
418.808
418.808
418.808
418.807
418.806
418.805
418.803
418.802
418.801
418.8
418.799
418.798
418.798
418.798
418.798
418.798
418.798
418.799
418.8
418.801
418.802
418.803
418.805
418.806
418.808
418.809
418.811
418.813
418.815
418.817
418.819
418.821
418.823
418.825
418.827
418.829
418.831
418.833
418.835
418.838
418.84
418.842
418.844
418.846
418.849
418.851
418.853
418.855
418.858
418.86
418.862
418.864
418.866
418.869
418.871
418.873
418.875
418.877
418.879
418.881
418.883
418.886
418.888
418.89
418.892
418.894
418.897
418.899
418.904
300.357
300.545
300.826
301.248
301.877
302.81
304.183
306.187
309.076
313.176
318.869
326.541
336.468
348.613
362.398
376.66
389.859
400.699
408.581
413.673
416.645
418.075
418.675
418.866
418.88
418.841
418.801
418.773
418.759
418.755
418.757
418.762
418.768
418.773
418.777
418.781
418.783
418.785
418.785
418.785
418.785
418.785
418.784
418.783
418.782
418.781
418.779
418.778
418.777
418.776
418.775
418.774
418.773
418.772
418.771
418.77
418.769
418.768
418.768
418.767
418.766
418.766
418.765
418.765
418.765
418.764
418.764
418.764
418.764
418.764
418.764
418.764
418.764
418.764
418.764
418.765
418.765
418.765
418.766
418.766
418.767
418.767
418.768
418.768
418.769
418.77
418.77
418.771
418.772
418.772
418.773
418.774
418.775
418.776
418.777
418.778
418.78
418.781
418.783
418.787
300.195
300.297
300.45
300.68
301.022
301.532
302.287
303.4
305.027
307.384
310.754
315.487
321.976
330.574
341.449
354.362
368.469
382.415
394.688
404.26
410.862
414.986
417.197
418.214
418.619
418.731
418.727
418.694
418.664
418.645
418.636
418.634
418.635
418.638
418.642
418.644
418.646
418.647
418.647
418.646
418.645
418.644
418.643
418.642
418.64
418.639
418.638
418.637
418.636
418.635
418.635
418.634
418.634
418.634
418.634
418.634
418.634
418.634
418.634
418.635
418.635
418.636
418.636
418.637
418.638
418.638
418.639
418.64
418.641
418.642
418.643
418.644
418.645
418.646
418.647
418.648
418.649
418.65
418.652
418.653
418.654
418.655
418.656
418.657
418.659
418.66
418.661
418.662
418.663
418.664
418.666
418.667
418.668
418.67
418.671
418.672
418.674
418.676
418.677
418.682
300.107
300.162
300.246
300.37
300.556
300.834
301.247
301.858
302.759
304.08
306
308.763
312.681
318.126
325.488
335.059
346.859
360.407
374.598
387.956
399.119
407.358
412.814
416.043
417.631
418.34
418.601
418.659
418.647
418.622
418.603
418.592
418.588
418.589
418.593
418.597
418.601
418.604
418.607
418.608
418.609
418.609
418.609
418.609
418.608
418.607
418.606
418.605
418.604
418.602
418.601
418.6
418.599
418.598
418.597
418.596
418.595
418.594
418.593
418.592
418.591
418.591
418.59
418.589
418.589
418.588
418.588
418.588
418.587
418.587
418.587
418.586
418.586
418.586
418.586
418.586
418.586
418.586
418.586
418.586
418.586
418.586
418.586
418.587
418.587
418.587
418.587
418.588
418.588
418.588
418.589
418.589
418.59
418.59
418.591
418.592
418.593
418.594
418.596
418.599
300.059
300.089
300.134
300.202
300.303
300.454
300.679
301.013
301.508
302.238
303.309
304.872
307.133
310.365
314.909
321.153
329.463
340.037
352.694
366.685
380.677
393.173
403.069
409.97
414.38
416.746
417.871
418.353
418.515
418.544
418.532
418.515
418.503
418.498
418.499
418.502
418.506
418.511
418.514
418.517
418.519
418.521
418.521
418.521
418.521
418.52
418.52
418.519
418.518
418.517
418.516
418.515
418.514
418.513
418.512
418.512
418.511
418.511
418.51
418.51
418.509
418.509
418.509
418.509
418.509
418.509
418.509
418.509
418.509
418.509
418.509
418.51
418.51
418.51
418.511
418.511
418.511
418.512
418.512
418.512
418.513
418.513
418.514
418.514
418.514
418.515
418.515
418.516
418.516
418.517
418.517
418.518
418.519
418.519
418.52
418.521
418.522
418.523
418.524
418.528
300.032
300.049
300.073
300.11
300.165
300.247
300.37
300.552
300.823
301.223
301.815
302.685
303.957
305.805
308.465
312.241
317.501
324.634
333.957
345.525
358.91
373.09
386.571
397.977
406.487
412.202
415.594
417.29
418.074
418.388
418.481
418.493
418.482
418.47
418.464
418.462
418.465
418.468
418.473
418.477
418.48
418.483
418.484
418.485
418.485
418.485
418.484
418.484
418.482
418.481
418.48
418.479
418.477
418.476
418.475
418.473
418.472
418.471
418.47
418.469
418.468
418.467
418.466
418.466
418.465
418.464
418.464
418.463
418.463
418.462
418.462
418.462
418.461
418.461
418.461
418.46
418.46
418.46
418.46
418.46
418.459
418.459
418.459
418.459
418.459
418.459
418.459
418.459
418.459
418.459
418.46
418.46
418.46
418.46
418.461
418.461
418.462
418.463
418.464
418.467
300.018
300.027
300.04
300.06
300.09
300.135
300.201
300.301
300.449
300.668
300.993
301.472
302.179
303.215
304.725
306.911
310.039
314.445
320.519
328.631
339.008
351.512
365.43
379.487
392.151
402.259
409.406
413.989
416.44
417.638
418.17
418.367
418.42
418.424
418.417
418.41
418.408
418.41
418.414
418.419
418.424
418.428
418.431
418.433
418.435
418.435
418.436
418.435
418.435
418.434
418.433
418.432
418.431
418.429
418.428
418.427
418.426
418.425
418.423
418.422
418.421
418.42
418.42
418.419
418.418
418.417
418.417
418.416
418.416
418.415
418.415
418.414
418.414
418.413
418.413
418.413
418.412
418.412
418.412
418.412
418.411
418.411
418.411
418.411
418.411
418.411
418.411
418.41
418.41
418.41
418.41
418.411
418.411
418.411
418.411
418.412
418.412
418.413
418.414
418.417
300.01
300.015
300.022
300.033
300.049
300.074
300.11
300.164
300.245
300.365
300.542
300.806
301.196
301.77
302.614
303.849
305.644
308.23
311.908
317.044
324.034
333.202
344.635
357.948
372.126
385.711
397.28
405.937
411.84
415.284
417.032
417.865
418.215
418.336
418.367
418.37
418.366
418.365
418.366
418.37
418.375
418.38
418.384
418.388
418.39
418.392
418.393
418.394
418.394
418.393
418.392
418.391
418.39
418.389
418.388
418.387
418.385
418.384
418.383
418.382
418.381
418.38
418.379
418.378
418.377
418.376
418.376
418.375
418.374
418.374
418.373
418.373
418.372
418.371
418.371
418.371
418.37
418.37
418.369
418.369
418.368
418.368
418.368
418.368
418.367
418.367
418.367
418.367
418.366
418.366
418.366
418.366
418.366
418.366
418.367
418.367
418.367
418.368
418.369
418.371
300.005
300.008
300.012
300.018
300.027
300.04
300.06
300.09
300.134
300.199
300.296
300.441
300.655
300.972
301.44
302.128
303.138
304.612
306.748
309.81
314.133
320.106
328.113
338.39
350.823
364.739
378.84
391.619
401.843
409.121
413.785
416.255
417.484
418.042
418.262
418.335
418.354
418.355
418.355
418.355
418.358
418.363
418.367
418.372
418.375
418.378
418.38
418.38
418.381
418.38
418.379
418.378
418.377
418.375
418.373
418.372
418.37
418.368
418.366
418.364
418.363
418.361
418.359
418.358
418.356
418.355
418.354
418.352
418.351
418.35
418.349
418.347
418.346
418.345
418.344
418.343
418.342
418.341
418.341
418.34
418.339
418.338
418.337
418.337
418.336
418.335
418.335
418.334
418.334
418.333
418.333
418.333
418.332
418.332
418.332
418.332
418.332
418.333
418.333
418.335
300.003
300.004
300.007
300.01
300.015
300.022
300.033
300.049
300.073
300.109
300.162
300.241
300.359
300.533
300.791
301.173
301.735
302.562
303.773
305.536
308.081
311.707
316.784
323.707
332.818
344.212
357.513
371.733
385.374
397.015
405.736
411.699
415.112
416.867
417.718
418.087
418.227
418.274
418.287
418.291
418.293
418.298
418.303
418.309
418.315
418.321
418.325
418.329
418.331
418.333
418.334
418.334
418.335
418.334
418.334
418.333
418.332
418.331
418.33
418.329
418.328
418.327
418.326
418.325
418.324
418.323
418.322
418.321
418.32
418.319
418.318
418.317
418.316
418.316
418.315
418.314
418.313
418.312
418.311
418.311
418.31
418.309
418.308
418.308
418.307
418.306
418.306
418.305
418.305
418.304
418.304
418.303
418.303
418.303
418.302
418.302
418.303
418.303
418.303
418.305
300.002
300.002
300.004
300.005
300.008
300.012
300.018
300.027
300.04
300.059
300.089
300.132
300.197
300.292
300.434
300.645
300.957
301.417
302.095
303.091
304.547
306.66
309.695
313.989
319.936
327.921
338.195
350.649
364.593
378.746
391.562
401.765
409.098
413.686
416.119
417.347
417.916
418.151
418.239
418.269
418.278
418.282
418.286
418.29
418.296
418.301
418.306
418.31
418.313
418.315
418.316
418.316
418.316
418.316
418.315
418.314
418.313
418.311
418.31
418.308
418.307
418.305
418.304
418.302
418.301
418.299
418.298
418.297
418.296
418.294
418.293
418.292
418.291
418.29
418.289
418.288
418.287
418.286
418.285
418.284
418.283
418.283
418.282
418.281
418.28
418.279
418.279
418.278
418.277
418.277
418.276
418.276
418.275
418.275
418.275
418.275
418.275
418.275
418.276
418.277
300.001
300.001
300.002
300.003
300.004
300.007
300.01
300.015
300.022
300.033
300.049
300.072
300.108
300.16
300.239
300.355
300.527
300.782
301.159
301.716
302.537
303.74
305.494
308.03
311.652
316.731
323.672
332.815
344.261
357.631
371.895
385.576
397.19
405.888
411.796
415.094
416.808
417.645
418.017
418.168
418.226
418.248
418.256
418.261
418.267
418.273
418.279
418.284
418.289
418.293
418.296
418.298
418.299
418.299
418.299
418.299
418.298
418.297
418.295
418.294
418.292
418.291
418.289
418.288
418.286
418.284
418.283
418.281
418.28
418.278
418.277
418.275
418.274
418.273
418.271
418.27
418.269
418.268
418.267
418.265
418.264
418.263
418.262
418.261
418.26
418.259
418.258
418.257
418.257
418.256
418.255
418.254
418.254
418.253
418.253
418.253
418.253
418.253
418.253
418.255
300
300.001
300.001
300.002
300.002
300.004
300.005
300.008
300.012
300.018
300.027
300.04
300.059
300.088
300.131
300.195
300.29
300.431
300.64
300.95
301.409
302.085
303.081
304.538
306.656
309.705
314.026
320.017
328.073
338.438
350.99
365.025
379.198
391.982
402.076
409.326
413.717
416.058
417.253
417.814
418.057
418.156
418.196
418.212
418.221
418.228
418.234
418.241
418.247
418.253
418.258
418.261
418.264
418.266
418.267
418.268
418.268
418.268
418.267
418.266
418.266
418.264
418.263
418.262
418.261
418.26
418.258
418.257
418.256
418.254
418.253
418.252
418.251
418.25
418.249
418.248
418.246
418.245
418.244
418.243
418.242
418.241
418.24
418.239
418.239
418.238
418.237
418.236
418.235
418.234
418.234
418.233
418.232
418.232
418.232
418.231
418.231
418.232
418.232
418.233
300
300
300.001
300.001
300.001
300.002
300.003
300.004
300.007
300.01
300.015
300.022
300.032
300.048
300.072
300.107
300.16
300.238
300.354
300.526
300.781
301.159
301.718
302.543
303.754
305.524
308.087
311.753
316.9
323.938
333.211
344.801
358.294
372.632
386.286
397.742
406.35
412.034
415.157
416.796
417.6
417.965
418.122
418.188
418.215
418.228
418.235
418.242
418.248
418.254
418.259
418.263
418.266
418.268
418.269
418.27
418.269
418.269
418.267
418.266
418.264
418.262
418.26
418.258
418.256
418.254
418.252
418.25
418.248
418.246
418.245
418.243
418.241
418.239
418.238
418.236
418.234
418.233
418.232
418.23
418.229
418.227
418.226
418.225
418.224
418.222
418.221
418.22
418.219
418.218
418.217
418.216
418.215
418.215
418.214
418.214
418.214
418.214
418.214
418.215
300
300
300
300
300.001
300.001
300.002
300.002
300.004
300.005
300.008
300.012
300.018
300.027
300.04
300.059
300.088
300.131
300.195
300.291
300.433
300.643
300.956
301.418
302.103
303.111
304.59
306.745
309.85
314.255
320.368
328.582
339.134
351.871
366.017
380.214
392.866
402.756
409.806
413.903
416.102
417.229
417.765
418.004
418.111
418.157
418.179
418.191
418.201
418.209
418.217
418.225
418.231
418.236
418.24
418.243
418.246
418.247
418.247
418.248
418.247
418.246
418.245
418.244
418.243
418.241
418.24
418.238
418.237
418.235
418.233
418.232
418.23
418.229
418.227
418.226
418.224
418.223
418.221
418.22
418.218
418.217
418.215
418.214
418.213
418.211
418.21
418.209
418.207
418.206
418.205
418.204
418.203
418.202
418.202
418.201
418.201
418.201
418.201
418.202
300
300
300
300
300
300.001
300.001
300.001
300.002
300.003
300.004
300.007
300.01
300.015
300.022
300.033
300.049
300.072
300.108
300.161
300.24
300.357
300.531
300.79
301.174
301.743
302.584
303.821
305.633
308.26
312.022
317.305
324.528
334.023
345.846
359.53
373.918
387.487
398.672
407.046
412.336
415.239
416.771
417.529
417.88
418.039
418.111
418.144
418.16
418.171
418.18
418.188
418.196
418.202
418.207
418.212
418.215
418.217
418.219
418.22
418.22
418.22
418.22
418.219
418.218
418.217
418.216
418.215
418.214
418.213
418.212
418.211
418.209
418.208
418.207
418.206
418.205
418.203
418.202
418.201
418.2
418.199
418.198
418.197
418.196
418.195
418.194
418.193
418.192
418.191
418.19
418.189
418.188
418.187
418.187
418.186
418.186
418.186
418.186
418.187
300
300
300
300
300
300
300
300.001
300.001
300.002
300.002
300.004
300.005
300.008
300.012
300.018
300.027
300.04
300.06
300.089
300.133
300.198
300.295
300.439
300.654
300.974
301.448
302.15
303.187
304.711
306.934
310.141
314.693
321.005
329.473
340.306
353.293
367.589
381.753
394.145
403.811
410.449
414.203
416.231
417.267
417.764
417.995
418.102
418.151
418.175
418.189
418.198
418.206
418.212
418.217
418.221
418.224
418.226
418.227
418.228
418.227
418.227
418.225
418.224
418.222
418.22
418.218
418.216
418.214
418.212
418.21
418.208
418.206
418.204
418.202
418.2
418.198
418.196
418.194
418.193
418.191
418.19
418.188
418.187
418.185
418.184
418.182
418.181
418.18
418.179
418.178
418.177
418.176
418.175
418.174
418.174
418.173
418.173
418.173
418.174
300
300
300
300
300
300
300
300
300.001
300.001
300.001
300.002
300.003
300.004
300.007
300.01
300.015
300.022
300.033
300.049
300.074
300.11
300.164
300.244
300.364
300.543
300.81
301.206
301.794
302.664
303.948
305.829
308.561
312.474
317.968
325.462
335.28
347.424
361.33
375.781
389.155
399.987
407.996
412.788
415.426
416.821
417.515
417.846
418.003
418.079
418.116
418.138
418.152
418.163
418.173
418.181
418.188
418.194
418.199
418.203
418.205
418.207
418.208
418.208
418.208
418.207
418.206
418.205
418.204
418.202
418.201
418.199
418.198
418.196
418.194
418.193
418.191
418.189
418.187
418.186
418.184
418.183
418.181
418.179
418.178
418.176
418.175
418.173
418.172
418.171
418.17
418.168
418.167
418.166
418.165
418.165
418.164
418.164
418.164
418.165
300
300
300
300
300
300
300
300
300
300
300.001
300.001
300.002
300.002
300.004
300.005
300.008
300.012
300.018
300.027
300.041
300.061
300.091
300.136
300.203
300.303
300.452
300.675
301.007
301.5
302.232
303.315
304.908
307.235
310.594
315.36
321.959
330.775
341.982
355.29
369.714
383.787
395.778
405.062
411.087
414.473
416.307
417.246
417.702
417.922
418.028
418.079
418.106
418.122
418.134
418.144
418.152
418.16
418.166
418.171
418.175
418.178
418.18
418.181
418.182
418.182
418.182
418.182
418.182
418.181
418.18
418.179
418.178
418.177
418.176
418.175
418.174
418.172
418.171
418.17
418.169
418.168
418.166
418.165
418.164
418.163
418.162
418.161
418.16
418.159
418.158
418.157
418.156
418.155
418.154
418.154
418.153
418.153
418.153
418.154
300
300
300
300
300
300
300
300
300
300
300
300.001
300.001
300.001
300.002
300.003
300.005
300.007
300.01
300.015
300.023
300.034
300.051
300.076
300.113
300.169
300.253
300.378
300.564
300.843
301.257
301.874
302.789
304.141
306.124
309.005
313.132
318.916
326.78
337.014
349.552
363.715
378.171
391.206
401.694
409.071
413.341
415.7
416.94
417.559
417.862
418.01
418.082
418.119
418.139
418.152
418.161
418.168
418.173
418.178
418.181
418.183
418.184
418.185
418.185
418.185
418.184
418.183
418.181
418.179
418.178
418.176
418.174
418.172
418.17
418.168
418.167
418.165
418.163
418.161
418.16
418.158
418.157
418.155
418.154
418.152
418.151
418.15
418.149
418.147
418.146
418.145
418.144
418.144
418.143
418.142
418.142
418.142
418.142
418.143
300
300
300
300
300
300
300
300
300
300
300
300
300.001
300.001
300.001
300.002
300.003
300.004
300.006
300.008
300.013
300.019
300.028
300.042
300.063
300.094
300.141
300.211
300.316
300.473
300.707
301.057
301.578
302.353
303.5
305.192
307.664
311.232
316.288
323.263
332.531
344.204
357.865
372.432
386.281
397.815
406.545
411.859
414.85
416.464
417.294
417.708
417.915
418.019
418.073
418.103
418.121
418.135
418.145
418.154
418.161
418.167
418.171
418.174
418.176
418.178
418.178
418.178
418.178
418.177
418.175
418.174
418.172
418.17
418.168
418.166
418.164
418.162
418.161
418.159
418.157
418.155
418.153
418.151
418.15
418.148
418.146
418.145
418.143
418.142
418.14
418.139
418.138
418.137
418.136
418.135
418.134
418.134
418.134
418.135
300
300
300
300
300
300
300
300
300
300
300
300
300
300
300.001
300.001
300.001
300.002
300.003
300.005
300.007
300.01
300.016
300.024
300.035
300.053
300.079
300.118
300.177
300.266
300.398
300.595
300.891
301.332
301.989
302.966
304.411
306.533
309.616
314.025
320.19
328.522
339.273
352.272
366.667
381.055
393.594
403.557
410.087
413.83
415.9
416.986
417.534
417.81
417.949
418.019
418.057
418.08
418.096
418.108
418.119
418.128
418.135
418.141
418.146
418.15
418.152
418.154
418.155
418.156
418.156
418.155
418.155
418.154
418.153
418.152
418.151
418.15
418.149
418.147
418.146
418.145
418.143
418.142
418.141
418.139
418.138
418.137
418.135
418.134
418.133
418.131
418.13
418.129
418.128
418.128
418.127
418.127
418.127
418.127
300
300
300
300
300
300
300
300
300
300
300
300
300
300
300
300.001
300.001
300.001
300.002
300.003
300.004
300.006
300.009
300.013
300.02
300.03
300.044
300.066
300.099
300.149
300.224
300.335
300.502
300.753
301.127
301.686
302.519
303.755
305.578
308.242
312.084
317.513
324.969
334.788
347
361.039
375.666
389.097
400.179
408.026
412.645
415.246
416.642
417.361
417.725
417.911
418.005
418.054
418.081
418.099
418.11
418.12
418.127
418.132
418.137
418.14
418.142
418.144
418.144
418.145
418.145
418.144
418.143
418.142
418.141
418.14
418.139
418.137
418.136
418.135
418.133
418.132
418.131
418.129
418.128
418.127
418.126
418.125
418.123
418.122
418.121
418.12
418.119
418.119
418.118
418.117
418.117
418.117
418.117
418.118
300
300
300
300
300
300
300
300
300
300
300
300
300
300
300
300
300
300.001
300.001
300.001
300.002
300.003
300.005
300.007
300.011
300.017
300.025
300.037
300.056
300.084
300.126
300.189
300.283
300.425
300.638
300.956
301.433
302.145
303.204
304.772
307.076
310.421
315.195
321.836
330.748
342.109
355.599
370.234
384.372
396.403
405.595
411.213
414.431
416.196
417.126
417.606
417.855
417.984
418.052
418.089
418.111
418.125
418.135
418.142
418.148
418.152
418.154
418.156
418.157
418.157
418.156
418.155
418.153
418.152
418.15
418.148
418.145
418.143
418.141
418.138
418.136
418.134
418.132
418.129
418.127
418.125
418.123
418.122
418.12
418.118
418.117
418.115
418.114
418.113
418.112
418.111
418.11
418.11
418.11
418.11
300
300
300
300
300
300
300
300
300
300
300
300
300
300
300
300
300
300
300.001
300.001
300.001
300.002
300.003
300.004
300.006
300.009
300.014
300.021
300.031
300.047
300.071
300.106
300.16
300.24
300.361
300.542
300.814
301.221
301.831
302.741
304.092
306.086
308.999
313.19
319.09
327.132
337.61
350.424
364.803
379.381
392.248
402.648
409.415
413.359
415.575
416.764
417.384
417.708
417.88
417.971
418.022
418.053
418.074
418.09
418.102
418.111
418.119
418.126
418.131
418.135
418.138
418.139
418.14
418.141
418.14
418.14
418.139
418.138
418.136
418.135
418.133
418.131
418.13
418.128
418.126
418.124
418.122
418.12
418.118
418.117
418.115
418.113
418.112
418.11
418.109
418.108
418.107
418.107
418.106
418.106
300
300
300
300
300
300
300
300
300
300
300
300
300
300
300
300
300
300
300
300
300.001
300.001
300.002
300.002
300.003
300.005
300.008
300.012
300.018
300.027
300.04
300.06
300.09
300.136
300.204
300.307
300.462
300.695
301.044
301.567
302.35
303.517
305.244
307.782
311.461
316.69
323.92
333.515
345.559
359.542
374.286
387.921
399.386
407.409
412.185
414.914
416.403
417.186
417.597
417.812
417.925
417.986
418.022
418.045
418.061
418.073
418.084
418.092
418.099
418.105
418.109
418.112
418.115
418.117
418.118
418.118
418.119
418.118
418.118
418.118
418.117
418.116
418.115
418.114
418.113
418.112
418.111
418.11
418.109
418.108
418.106
418.105
418.104
418.103
418.102
418.102
418.101
418.101
418.101
418.101
300
300
300
300
300
300
300
300
300
300
300
300
300
300
300
300
300
300
300
300
300
300.001
300.001
300.001
300.002
300.003
300.004
300.007
300.01
300.015
300.022
300.034
300.051
300.077
300.116
300.174
300.262
300.395
300.594
300.895
301.345
302.021
303.029
304.529
306.742
309.971
314.601
321.078
329.825
341.054
354.484
369.19
383.45
395.792
405.111
410.824
414.14
415.983
416.97
417.492
417.767
417.913
417.991
418.034
418.059
418.075
418.086
418.095
418.101
418.105
418.109
418.111
418.112
418.113
418.113
418.113
418.113
418.112
418.111
418.11
418.109
418.107
418.106
418.105
418.103
418.102
418.101
418.099
418.098
418.097
418.096
418.095
418.094
418.093
418.093
418.092
418.092
418.092
418.092
418.092
300
300
300
300
300
300
300
300
300
300
300
300
300
300
300
300
300
300
300
300
300
300
300
300.001
300.001
300.002
300.002
300.004
300.006
300.008
300.013
300.019
300.029
300.043
300.066
300.099
300.149
300.225
300.338
300.51
300.769
301.158
301.742
302.617
303.921
305.853
308.688
312.784
318.579
326.514
336.911
349.695
364.136
378.82
391.904
402.422
409.172
413.162
415.416
416.646
417.307
417.663
417.854
417.958
418.016
418.051
418.072
418.086
418.096
418.103
418.108
418.112
418.115
418.116
418.117
418.117
418.117
418.116
418.115
418.113
418.111
418.109
418.107
418.105
418.103
418.101
418.099
418.097
418.095
418.094
418.092
418.091
418.089
418.088
418.087
418.086
418.085
418.085
418.085
418.085
300
300
300
300
300
300
300
300
300
300
300
300
300
300
300
300
300
300
300
300
300
300
300
300
300.001
300.001
300.001
300.002
300.003
300.005
300.007
300.011
300.016
300.025
300.037
300.056
300.085
300.128
300.193
300.291
300.439
300.663
300.999
301.506
302.266
303.402
305.092
307.583
311.208
316.382
323.563
333.131
345.184
359.222
374.062
387.77
399.382
407.255
411.993
414.732
416.249
417.066
417.51
417.751
417.883
417.958
418.002
418.03
418.05
418.064
418.075
418.084
418.091
418.096
418.1
418.103
418.105
418.106
418.106
418.106
418.106
418.105
418.103
418.102
418.1
418.099
418.097
418.095
418.093
418.092
418.09
418.088
418.087
418.085
418.084
418.083
418.082
418.082
418.081
418.081
300
300
300
300
300
300
300
300
300
300
300
300
300
300
300
300
300
300
300
300
300
300
300
300
300
300.001
300.001
300.001
300.002
300.003
300.004
300.006
300.009
300.014
300.021
300.032
300.048
300.073
300.11
300.166
300.251
300.379
300.573
300.865
301.305
301.967
302.96
304.44
306.632
309.841
314.458
320.937
329.709
340.996
354.505
369.32
383.564
396.04
405.133
410.721
413.996
415.834
416.833
417.375
417.669
417.828
417.916
417.967
417.999
418.021
418.036
418.049
418.059
418.066
418.073
418.078
418.082
418.084
418.086
418.087
418.088
418.088
418.088
418.088
418.087
418.086
418.086
418.085
418.084
418.083
418.082
418.081
418.08
418.079
418.078
418.077
418.076
418.076
418.076
418.076
300
300
300
300
300
300
300
300
300
300
300
300
300
300
300
300
300
300
300
300
300
300
300
300
300
300
300
300.001
300.001
300.002
300.002
300.003
300.005
300.008
300.012
300.018
300.027
300.041
300.063
300.095
300.144
300.217
300.328
300.497
300.751
301.135
301.713
302.582
303.881
305.813
308.655
312.775
318.615
326.628
337.137
350.046
364.626
379.294
392.495
402.762
409.269
413.148
415.358
416.575
417.24
417.603
417.8
417.908
417.968
418.004
418.026
418.041
418.052
418.06
418.066
418.07
418.073
418.075
418.076
418.077
418.077
418.077
418.076
418.076
418.075
418.074
418.073
418.072
418.072
418.071
418.07
418.069
418.068
418.067
418.067
418.066
418.066
418.066
418.066
418.067
300
300
300
300
300
300
300
300
300
300
300
300
300
300
300
300
300
300
300
300
300
300
300
300
300
300
300
300
300.001
300.001
300.001
300.002
300.003
300.005
300.007
300.01
300.016
300.024
300.036
300.054
300.082
300.124
300.188
300.285
300.432
300.654
300.989
301.496
302.258
303.401
305.107
307.627
311.305
316.563
323.87
333.608
345.85
360.085
374.983
388.726
400.134
407.616
412.154
414.782
416.253
417.065
417.514
417.761
417.898
417.975
418.019
418.046
418.063
418.073
418.081
418.086
418.089
418.09
418.091
418.091
418.09
418.089
418.087
418.085
418.083
418.081
418.079
418.077
418.075
418.073
418.071
418.069
418.067
418.065
418.064
418.062
418.061
418.061
418.06
418.06
300
300
300
300
300
300
300
300
300
300
300
300
300
300
300
300
300
300
300
300
300
300
300
300
300
300
300
300
300
300
300.001
300.001
300.002
300.003
300.004
300.006
300.009
300.014
300.02
300.031
300.047
300.071
300.108
300.164
300.249
300.377
300.571
300.865
301.31
301.98
302.989
304.497
306.736
310.02
314.754
321.401
330.393
341.931
355.666
370.607
384.762
397.098
405.643
410.92
414.026
415.788
416.77
417.318
417.625
417.798
417.898
417.957
417.994
418.018
418.035
418.048
418.057
418.064
418.069
418.073
418.076
418.078
418.079
418.079
418.079
418.079
418.078
418.076
418.075
418.073
418.071
418.069
418.067
418.065
418.064
418.062
418.06
418.059
418.058
418.058
300
300
300
300
300
300
300
300
300
300
300
300
300
300
300
300
300
300
300
300
300
300
300
300
300
300
300
300
300
300
300
300.001
300.001
300.001
300.002
300.003
300.005
300.008
300.012
300.018
300.027
300.041
300.062
300.094
300.143
300.217
300.33
300.5
300.759
301.15
301.742
302.633
303.97
305.962
308.899
313.16
319.203
327.479
338.297
351.493
366.281
380.843
393.976
403.588
409.643
413.271
415.354
416.517
417.167
417.531
417.735
417.851
417.919
417.96
417.988
418.007
418.021
418.032
418.04
418.047
418.053
418.057
418.06
418.063
418.064
418.065
418.066
418.066
418.065
418.065
418.063
418.062
418.061
418.06
418.058
418.057
418.056
418.055
418.054
418.054
300
300
300
300
300
300
300
300
300
300
300
300
300
300
300
300
300
300
300
300
300
300
300
300
300
300
300
300
300
300
300
300
300.001
300.001
300.001
300.002
300.003
300.004
300.007
300.01
300.015
300.024
300.036
300.054
300.082
300.125
300.19
300.289
300.44
300.668
301.013
301.536
302.326
303.514
305.289
307.918
311.757
317.245
324.855
334.959
347.553
362.074
376.883
390.605
401.31
408.221
412.423
414.863
416.237
417.007
417.438
417.678
417.814
417.892
417.939
417.969
417.989
418.004
418.015
418.024
418.031
418.037
418.041
418.044
418.047
418.048
418.049
418.05
418.05
418.05
418.049
418.049
418.048
418.047
418.046
418.046
418.045
418.045
418.045
418.046
300
300
300
300
300
300
300
300
300
300
300
300
300
300
300
300
300
300
300
300
300
300
300
300
300
300
300
300
300
300
300
300
300
300
300.001
300.001
300.002
300.003
300.004
300.006
300.009
300.014
300.021
300.031
300.048
300.072
300.11
300.167
300.255
300.387
300.589
300.895
301.359
302.061
303.118
304.704
307.062
310.523
315.51
322.494
331.905
343.873
357.993
372.962
387.146
398.848
406.644
411.465
414.302
415.918
416.83
417.343
417.631
417.792
417.884
417.938
417.971
417.992
418.007
418.017
418.025
418.03
418.034
418.037
418.038
418.039
418.04
418.04
418.039
418.038
418.037
418.036
418.035
418.034
418.033
418.032
418.032
418.032
418.032
418.033
300
300
300
300
300
300
300
300
300
300
300
300
300
300
300
300
300
300
300
300
300
300
300
300
300
300
300
300
300
300
300
300
300
300
300
300.001
300.001
300.001
300.002
300.003
300.005
300.008
300.012
300.018
300.027
300.042
300.064
300.097
300.148
300.225
300.342
300.521
300.793
301.206
301.831
302.775
304.194
306.312
309.437
313.969
320.38
329.123
340.447
354.114
369.085
383.573
396.227
404.92
410.393
413.661
415.548
416.622
417.232
417.577
417.773
417.885
417.95
417.989
418.013
418.029
418.039
418.045
418.05
418.052
418.053
418.052
418.051
418.05
418.048
418.045
418.043
418.04
418.038
418.035
418.033
418.031
418.029
418.028
418.027
418.028
300
300
300
300
300
300
300
300
300
300
300
300
300
300
300
300
300
300
300
300
300
300
300
300
300
300
300
300
300
300
300
300
300
300
300
300
300.001
300.001
300.001
300.002
300.003
300.004
300.007
300.01
300.016
300.024
300.037
300.056
300.086
300.131
300.199
300.304
300.463
300.705
301.073
301.631
302.476
303.75
305.656
308.482
312.604
318.482
326.592
337.264
350.382
365.227
379.894
393.27
402.916
409.101
412.847
415.034
416.291
417.012
417.426
417.665
417.804
417.888
417.94
417.973
417.995
418.011
418.022
418.03
418.035
418.039
418.041
418.042
418.042
418.042
418.041
418.039
418.037
418.035
418.033
418.031
418.029
418.028
418.026
418.026
300
300
300
300
300
300
300
300
300
300
300
300
300
300
300
300
300
300
300
300
300
300
300
300
300
300
300
300
300
300
300
300
300
300
300
300
300
300
300.001
300.001
300.002
300.003
300.004
300.006
300.009
300.014
300.021
300.033
300.05
300.076
300.116
300.177
300.27
300.412
300.628
300.957
301.458
302.216
303.362
305.081
307.64
311.392
316.785
324.296
334.327
346.896
361.471
376.355
390.348
400.9
407.8
412.054
414.563
416.007
416.838
417.316
417.592
417.752
417.848
417.906
417.943
417.968
417.985
417.997
418.006
418.013
418.018
418.022
418.024
418.026
418.026
418.027
418.026
418.026
418.025
418.024
418.023
418.022
418.021
418.021
300
300
300
300
300
300
300
300
300
300
300
300
300
300
300
300
300
300
300
300
300
300
300
300
300
300
300
300
300
300
300
300
300
300
300
300
300
300
300
300.001
300.001
300.001
300.002
300.003
300.005
300.008
300.012
300.019
300.029
300.044
300.068
300.103
300.158
300.241
300.368
300.562
300.857
301.306
301.989
303.022
304.576
306.897
310.318
315.266
322.225
331.632
343.625
357.866
372.821
387.253
398.729
406.392
411.187
414.046
415.702
416.659
417.209
417.526
417.71
417.818
417.883
417.923
417.949
417.967
417.979
417.989
417.995
418
418.004
418.007
418.009
418.01
418.011
418.011
418.011
418.01
418.01
418.009
418.009
418.01
300
300
300
300
300
300
300
300
300
300
300
300
300
300
300
300
300
300
300
300
300
300
300
300
300
300
300
300
300
300
300
300
300
300
300
300
300
300
300
300
300.001
300.001
300.001
300.002
300.003
300.005
300.007
300.011
300.017
300.026
300.039
300.06
300.092
300.141
300.216
300.33
300.504
300.769
301.174
301.79
302.724
304.133
306.242
309.366
313.911
320.355
329.171
340.588
354.398
369.373
384.124
396.431
404.874
410.24
413.476
415.366
416.461
417.093
417.457
417.667
417.79
417.863
417.908
417.936
417.955
417.968
417.978
417.985
417.989
417.993
417.995
417.997
417.998
417.998
417.998
417.997
417.996
417.996
417.995
417.997
300
300
300
300
300
300
300
300
300
300
300
300
300
300
300
300
300
300
300
300
300
300
300
300
300
300
300
300
300
300
300
300
300
300
300
300
300
300
300
300
300
300.001
300.001
300.001
300.002
300.003
300.004
300.006
300.01
300.015
300.023
300.035
300.054
300.083
300.126
300.194
300.296
300.453
300.693
301.059
301.616
302.462
303.742
305.664
308.521
312.701
318.674
326.924
337.77
351.135
366.024
380.961
394.033
403.252
409.211
412.846
414.989
416.237
416.961
417.379
417.621
417.762
417.845
417.896
417.927
417.948
417.962
417.971
417.978
417.983
417.986
417.987
417.988
417.988
417.987
417.986
417.985
417.984
417.983
417.984
300
300
300
300
300
300
300
300
300
300
300
300
300
300
300
300
300
300
300
300
300
300
300
300
300
300
300
300
300
300
300
300
300
300
300
300
300
300
300
300
300
300
300
300.001
300.001
300.002
300.002
300.004
300.006
300.009
300.013
300.021
300.032
300.048
300.074
300.114
300.174
300.267
300.409
300.626
300.957
301.463
302.232
303.398
305.153
307.771
311.621
317.159
324.883
335.168
348.034
362.784
377.824
391.561
401.537
408.099
412.156
414.571
415.989
416.815
417.295
417.573
417.736
417.832
417.89
417.925
417.948
417.962
417.972
417.978
417.981
417.983
417.984
417.983
417.982
417.98
417.977
417.975
417.973
417.974
300
300
300
300
300
300
300
300
300
300
300
300
300
300
300
300
300
300
300
300
300
300
300
300
300
300
300
300
300
300
300
300
300
300
300
300
300
300
300
300
300
300
300
300
300.001
300.001
300.001
300.002
300.003
300.005
300.008
300.012
300.019
300.028
300.044
300.067
300.103
300.157
300.241
300.37
300.567
300.868
301.329
302.03
303.094
304.701
307.105
310.656
315.798
323.022
332.765
345.133
359.64
374.686
388.994
399.71
406.89
411.387
414.092
415.693
416.633
417.183
417.505
417.694
417.806
417.874
417.916
417.942
417.959
417.97
417.976
417.98
417.981
417.981
417.979
417.977
417.974
417.971
417.968
417.967
300
300
300
300
300
300
300
300
300
300
300
300
300
300
300
300
300
300
300
300
300
300
300
300
300
300
300
300
300
300
300
300
300
300
300
300
300
300
300
300
300
300
300
300
300
300.001
300.001
300.001
300.002
300.003
300.005
300.007
300.011
300.017
300.026
300.039
300.061
300.093
300.143
300.219
300.336
300.515
300.79
301.21
301.851
302.825
304.299
306.512
309.794
314.569
321.332
330.545
342.388
356.604
371.616
386.324
397.771
405.582
410.54
413.552
415.345
416.405
417.029
417.397
417.616
417.747
417.827
417.877
417.909
417.93
417.944
417.952
417.958
417.96
417.961
417.96
417.958
417.955
417.952
417.952
300
300
300
300
300
300
300
300
300
300
300
300
300
300
300
300
300
300
300
300
300
300
300
300
300
300
300
300
300
300
300
300
300
300
300
300
300
300
300
300
300
300
300
300
300
300
300
300.001
300.001
300.002
300.003
300.004
300.006
300.01
300.015
300.023
300.036
300.055
300.084
300.13
300.199
300.306
300.47
300.721
301.105
301.693
302.587
303.943
305.984
309.021
313.464
319.795
328.508
339.856
353.706
368.696
383.725
395.841
404.27
409.704
413.035
415.025
416.205
416.902
417.313
417.557
417.703
417.792
417.846
417.881
417.903
417.917
417.925
417.93
417.932
417.932
417.93
417.927
417.925
417.926
300
300
300
300
300
300
300
300
300
300
300
300
300
300
300
300
300
300
300
300
300
300
300
300
300
300
300
300
300
300
300
300
300
300
300
300
300
300
300
300
300
300
300
300
300
300
300
300
300.001
300.001
300.002
300.002
300.004
300.006
300.009
300.014
300.021
300.033
300.05
300.077
300.118
300.182
300.28
300.43
300.66
301.013
301.553
302.376
303.627
305.513
308.33
312.469
318.407
326.643
337.5
350.979
365.867
381.119
393.866
402.901
408.82
412.485
414.688
415.999
416.776
417.236
417.508
417.67
417.768
417.826
417.862
417.884
417.896
417.902
417.905
417.904
417.901
417.897
417.893
417.895
300
300
300
300
300
300
300
300
300
300
300
300
300
300
300
300
300
300
300
300
300
300
300
300
300
300
300
300
300
300
300
300
300
300
300
300
300
300
300
300
300
300
300
300
300
300
300
300
300
300.001
300.001
300.001
300.002
300.003
300.005
300.008
300.013
300.019
300.03
300.046
300.07
300.108
300.167
300.256
300.394
300.606
300.931
301.428
302.188
303.345
305.093
307.711
311.575
317.146
324.942
335.325
348.378
363.121
378.51
391.829
401.47
407.88
411.894
414.321
415.773
416.636
417.148
417.451
417.631
417.738
417.802
417.84
417.861
417.872
417.875
417.875
417.87
417.865
417.86
417.86
300
300
300
300
300
300
300
300
300
300
300
300
300
300
300
300
300
300
300
300
300
300
300
300
300
300
300
300
300
300
300
300
300
300
300
300
300
300
300
300
300
300
300
300
300
300
300
300
300
300
300.001
300.001
300.001
300.002
300.003
300.005
300.007
300.011
300.018
300.027
300.042
300.064
300.099
300.153
300.235
300.363
300.558
300.858
301.318
302.021
303.093
304.718
307.157
310.769
316.009
323.387
333.316
345.961
360.513
375.944
389.77
400.001
406.904
411.27
413.93
415.528
416.481
417.047
417.383
417.582
417.699
417.767
417.806
417.827
417.835
417.836
417.831
417.825
417.818
417.818
300
300
300
300
300
300
300
300
300
300
300
300
300
300
300
300
300
300
300
300
300
300
300
300
300
300
300
300
300
300
300
300
300
300
300
300
300
300
300
300
300
300
300
300
300
300
300
300
300
300
300
300.001
300.001
300.001
300.002
300.003
300.004
300.007
300.01
300.016
300.025
300.038
300.059
300.091
300.141
300.217
300.335
300.515
300.793
301.22
301.873
302.869
304.382
306.66
310.045
314.978
321.972
331.465
343.685
358.043
373.468
387.713
398.5
405.89
410.617
413.517
415.267
416.314
416.937
417.306
417.523
417.65
417.722
417.761
417.779
417.784
417.78
417.772
417.762
417.762
300
300
300
300
300
300
300
300
300
300
300
300
300
300
300
300
300
300
300
300
300
300
300
300
300
300
300
300
300
300
300
300
300
300
300
300
300
300
300
300
300
300
300
300
300
300
300
300
300
300
300
300
300
300.001
300.001
300.002
300.003
300.004
300.006
300.01
300.015
300.023
300.035
300.055
300.084
300.13
300.201
300.31
300.477
300.735
301.132
301.74
302.669
304.082
306.214
309.393
314.047
320.679
329.764
341.584
355.693
371.056
385.67
396.979
404.848
409.934
413.08
414.988
416.133
416.814
417.217
417.453
417.588
417.662
417.699
417.712
417.71
417.702
417.689
417.688
300
300
300
300
300
300
300
300
300
300
300
300
300
300
300
300
300
300
300
300
300
300
300
300
300
300
300
300
300
300
300
300
300
300
300
300
300
300
300
300
300
300
300
300
300
300
300
300
300
300
300
300
300
300
300.001
300.001
300.002
300.002
300.004
300.006
300.009
300.014
300.021
300.033
300.051
300.078
300.121
300.186
300.288
300.444
300.684
301.054
301.622
302.49
303.813
305.814
308.806
313.202
319.505
328.198
339.61
353.475
368.746
383.654
395.446
403.779
409.227
412.621
414.69
415.934
416.675
417.111
417.364
417.505
417.579
417.61
417.615
417.607
417.591
417.588
300
300
300
300
300
300
300
300
300
300
300
300
300
300
300
300
300
300
300
300
300
300
300
300
300
300
300
300
300
300
300
300
300
300
300
300
300
300
300
300
300
300
300
300
300
300
300
300
300
300
300
300
300
300
300
300.001
300.001
300.001
300.002
300.003
300.005
300.008
300.013
300.02
300.03
300.047
300.073
300.112
300.173
300.268
300.414
300.638
300.984
301.516
302.33
303.572
305.455
308.277
312.44
318.432
326.763
337.794
351.373
366.514
381.67
393.906
402.688
408.491
412.136
414.367
415.711
416.511
416.979
417.246
417.39
417.458
417.479
417.475
417.454
417.449
300
300
300
300
300
300
300
300
300
300
300
300
300
300
300
300
300
300
300
300
300
300
300
300
300
300
300
300
300
300
300
300
300
300
300
300
300
300
300
300
300
300
300
300
300
300
300
300
300
300
300
300
300
300
300
300
300.001
300.001
300.001
300.002
300.003
300.005
300.008
300.012
300.018
300.028
300.044
300.068
300.105
300.162
300.25
300.387
300.597
300.922
301.421
302.186
303.356
305.131
307.799
311.747
317.458
325.442
336.093
349.401
364.393
379.731
392.368
401.574
407.729
411.621
414.014
415.456
416.312
416.808
417.083
417.222
417.277
417.284
417.26
417.251
300
300
300
300
300
300
300
300
300
300
300
300
300
300
300
300
300
300
300
300
300
300
300
300
300
300
300
300
300
300
300
300
300
300
300
300
300
300
300
300
300
300
300
300
300
300
300
300
300
300
300
300
300
300
300
300
300
300.001
300.001
300.001
300.002
300.003
300.005
300.007
300.011
300.017
300.026
300.041
300.063
300.098
300.152
300.235
300.363
300.561
300.866
301.336
302.058
303.162
304.84
307.368
311.121
316.567
324.233
334.532
347.539
362.36
377.838
390.832
400.442
406.933
411.068
413.618
415.154
416.059
416.573
416.846
416.968
417.003
416.978
416.962
300
300
300
300
300
300
300
300
300
300
300
300
300
300
300
300
300
300
300
300
300
300
300
300
300
300
300
300
300
300
300
300
300
300
300
300
300
300
300
300
300
300
300
300
300
300
300
300
300
300
300
300
300
300
300
300
300
300
300
300.001
300.001
300.002
300.003
300.004
300.007
300.01
300.016
300.025
300.038
300.059
300.092
300.142
300.22
300.341
300.528
300.816
301.26
301.942
302.986
304.578
306.978
310.551
315.758
323.119
333.072
345.799
360.435
375.997
389.3
399.282
406.097
410.464
413.161
414.78
415.72
416.237
416.488
416.579
416.562
416.534
300
300
300
300
300
300
300
300
300
300
300
300
300
300
300
300
300
300
300
300
300
300
300
300
300
300
300
300
300
300
300
300
300
300
300
300
300
300
300
300
300
300
300
300
300
300
300
300
300
300
300
300
300
300
300
300
300
300
300
300
300.001
300.001
300.002
300.003
300.004
300.006
300.01
300.015
300.023
300.036
300.056
300.087
300.134
300.208
300.322
300.498
300.771
301.191
301.837
302.829
304.34
306.625
310.034
315.016
322.099
331.73
344.152
358.591
374.198
387.764
398.084
405.196
409.779
412.607
414.288
415.239
415.727
415.931
415.937
415.891
300
300
300
300
300
300
300
300
300
300
300
300
300
300
300
300
300
300
300
300
300
300
300
300
300
300
300
300
300
300
300
300
300
300
300
300
300
300
300
300
300
300
300
300
300
300
300
300
300
300
300
300
300
300
300
300
300
300
300
300
300
300.001
300.001
300.002
300.002
300.004
300.006
300.009
300.014
300.022
300.034
300.053
300.082
300.127
300.196
300.305
300.472
300.73
301.129
301.743
302.686
304.125
306.304
309.562
314.339
321.152
330.469
342.604
356.831
372.431
386.205
396.82
404.2
408.968
411.894
413.598
414.511
414.926
414.993
414.919
300
300
300
300
300
300
300
300
300
300
300
300
300
300
300
300
300
300
300
300
300
300
300
300
300
300
300
300
300
300
300
300
300
300
300
300
300
300
300
300
300
300
300
300
300
300
300
300
300
300
300
300
300
300
300
300
300
300
300
300
300
300
300.001
300.001
300.001
300.002
300.004
300.006
300.009
300.013
300.021
300.032
300.05
300.077
300.12
300.186
300.289
300.448
300.694
301.073
301.658
302.557
303.929
306.011
309.129
313.711
320.276
329.295
341.119
355.116
370.661
384.586
395.441
403.036
407.938
410.903
412.556
413.357
413.555
413.442
300
300
300
300
300
300
300
300
300
300
300
300
300
300
300
300
300
300
300
300
300
300
300
300
300
300
300
300
300
300
300
300
300
300
300
300
300
300
300
300
300
300
300
300
300
300
300
300
300
300
300
300
300
300
300
300
300
300
300
300
300
300
300
300.001
300.001
300.001
300.002
300.003
300.005
300.008
300.013
300.02
300.03
300.047
300.073
300.114
300.177
300.275
300.426
300.66
301.022
301.581
302.438
303.75
305.741
308.728
313.127
319.445
328.163
339.684
353.419
368.841
382.832
393.846
401.579
406.524
409.414
410.895
411.36
411.203
300
300
300
300
300
300
300
300
300
300
300
300
300
300
300
300
300
300
300
300
300
300
300
300
300
300
300
300
300
300
300
300
300
300
300
300
300
300
300
300
300
300
300
300
300
300
300
300
300
300
300
300
300
300
300
300
300
300
300
300
300
300
300
300
300.001
300.001
300.001
300.002
300.003
300.005
300.008
300.012
300.019
300.029
300.045
300.07
300.109
300.169
300.262
300.406
300.63
300.976
301.509
302.329
303.583
305.488
308.349
312.567
318.647
327.061
338.23
351.655
366.868
380.816
391.867
399.595
404.412
407.037
408.009
407.82
300
300
300
300
300
300
300
300
300
300
300
300
300
300
300
300
300
300
300
300
300
300
300
300
300
300
300
300
300
300
300
300
300
300
300
300
300
300
300
300
300
300
300
300
300
300
300
300
300
300
300
300
300
300
300
300
300
300
300
300
300
300
300
300
300
300.001
300.001
300.001
300.002
300.003
300.005
300.007
300.011
300.018
300.028
300.043
300.067
300.104
300.161
300.25
300.388
300.602
300.932
301.442
302.225
303.424
305.244
307.979
312.017
317.837
325.917
336.694
349.718
364.583
378.309
389.187
396.657
401.056
402.928
402.768
300
300
300
300
300
300
300
300
300
300
300
300
300
300
300
300
300
300
300
300
300
300
300
300
300
300
300
300
300
300
300
300
300
300
300
300
300
300
300
300
300
300
300
300
300
300
300
300
300
300
300
300
300
300
300
300
300
300
300
300
300
300
300
300
300
300
300
300.001
300.001
300.002
300.003
300.004
300.007
300.011
300.017
300.026
300.041
300.064
300.099
300.154
300.239
300.371
300.575
300.891
301.377
302.124
303.266
304.999
307.602
311.44
316.979
324.669
334.939
347.404
361.697
374.911
385.249
392.028
395.335
395.352
300
300
300
300
300
300
300
300
300
300
300
300
300
300
300
300
300
300
300
300
300
300
300
300
300
300
300
300
300
300
300
300
300
300
300
300
300
300
300
300
300
300
300
300
300
300
300
300
300
300
300
300
300
300
300
300
300
300
300
300
300
300
300
300
300
300
300
300
300.001
300.001
300.002
300.003
300.004
300.007
300.01
300.016
300.025
300.039
300.061
300.095
300.147
300.229
300.355
300.549
300.85
301.312
302.021
303.102
304.74
307.193
310.802
315.992
323.185
332.788
344.424
357.757
369.954
379.129
384.343
384.784
300
300
300
300
300
300
300
300
300
300
300
300
300
300
300
300
300
300
300
300
300
300
300
300
300
300
300
300
300
300
300
300
300
300
300
300
300
300
300
300
300
300
300
300
300
300
300
300
300
300
300
300
300
300
300
300
300
300
300
300
300
300
300
300
300
300
300
300
300
300.001
300.001
300.002
300.003
300.004
300.006
300.01
300.016
300.024
300.038
300.058
300.091
300.141
300.218
300.338
300.523
300.807
301.243
301.909
302.922
304.447
306.72
310.042
314.793
321.319
329.963
340.312
352.088
362.436
369.403
370.475
300
300
300
300
300
300
300
300
300
300
300
300
300
300
300
300
300
300
300
300
300
300
300
300
300
300
300
300
300
300
300
300
300
300
300
300
300
300
300
300
300
300
300
300
300
300
300
300
300
300
300
300
300
300
300
300
300
300
300
300
300
300
300
300
300
300
300
300
300
300
300.001
300.001
300.002
300.003
300.004
300.006
300.01
300.015
300.023
300.036
300.056
300.086
300.134
300.207
300.32
300.494
300.76
301.166
301.783
302.712
304.101
306.148
309.105
313.264
318.875
326.139
334.571
343.754
351.228
352.746
300
300
300
300
300
300
300
300
300
300
300
300
300
300
300
300
300
300
300
300
300
300
300
300
300
300
300
300
300
300
300
300
300
300
300
300
300
300
300
300
300
300
300
300
300
300
300
300
300
300
300
300
300
300
300
300
300
300
300
300
300
300
300
300
300
300
300
300
300
300
300
300.001
300.001
300.002
300.002
300.004
300.006
300.009
300.014
300.022
300.034
300.053
300.082
300.127
300.196
300.301
300.462
300.707
301.078
301.635
302.464
303.685
305.452
307.944
311.356
315.753
321.21
326.937
332.708
333.965
300
300
300
300
300
300
300
300
300
300
300
300
300
300
300
300
300
300
300
300
300
300
300
300
300
300
300
300
300
300
300
300
300
300
300
300
300
300
300
300
300
300
300
300
300
300
300
300
300
300
300
300
300
300
300
300
300
300
300
300
300
300
300
300
300
300
300
300
300
300
300
300
300.001
300.001
300.001
300.002
300.004
300.006
300.009
300.014
300.021
300.032
300.05
300.077
300.119
300.182
300.279
300.426
300.646
300.976
301.463
302.176
303.201
304.64
306.603
309.133
312.234
315.523
318.684
318.834
300
300
300
300
300
300
300
300
300
300
300
300
300
300
300
300
300
300
300
300
300
300
300
300
300
300
300
300
300
300
300
300
300
300
300
300
300
300
300
300
300
300
300
300
300
300
300
300
300
300
300
300
300
300
300
300
300
300
300
300
300
300
300
300
300
300
300
300
300
300
300
300
300
300.001
300.001
300.001
300.002
300.003
300.005
300.008
300.013
300.02
300.031
300.047
300.072
300.11
300.168
300.255
300.385
300.578
300.862
301.273
301.859
302.674
303.778
305.192
306.924
308.735
310.546
310.611
300
300
300
300
300
300
300
300
300
300
300
300
300
300
300
300
300
300
300
300
300
300
300
300
300
300
300
300
300
300
300
300
300
300
300
300
300
300
300
300
300
300
300
300
300
300
300
300
300
300
300
300
300
300
300
300
300
300
300
300
300
300
300
300
300
300
300
300
300
300
300
300
300
300
300.001
300.001
300.001
300.002
300.003
300.005
300.008
300.012
300.019
300.028
300.044
300.066
300.101
300.152
300.229
300.341
300.505
300.741
301.074
301.533
302.148
302.931
303.883
304.88
305.872
305.945
300
300
300
300
300
300
300
300
300
300
300
300
300
300
300
300
300
300
300
300
300
300
300
300
300
300
300
300
300
300
300
300
300
300
300
300
300
300
300
300
300
300
300
300
300
300
300
300
300
300
300
300
300
300
300
300
300
300
300
300
300
300
300
300
300
300
300
300
300
300
300
300
300
300
300
300.001
300.001
300.001
300.002
300.003
300.005
300.007
300.011
300.017
300.026
300.04
300.06
300.09
300.135
300.201
300.295
300.43
300.619
300.877
301.221
301.654
302.177
302.723
303.267
303.316
300
300
300
300
300
300
300
300
300
300
300
300
300
300
300
300
300
300
300
300
300
300
300
300
300
300
300
300
300
300
300
300
300
300
300
300
300
300
300
300
300
300
300
300
300
300
300
300
300
300
300
300
300
300
300
300
300
300
300
300
300
300
300
300
300
300
300
300
300
300
300
300
300
300
300
300
300.001
300.001
300.001
300.002
300.003
300.004
300.007
300.01
300.016
300.024
300.036
300.054
300.08
300.118
300.172
300.25
300.357
300.503
300.695
300.936
301.225
301.525
301.824
301.852
300
300
300
300
300
300
300
300
300
300
300
300
300
300
300
300
300
300
300
300
300
300
300
300
300
300
300
300
300
300
300
300
300
300
300
300
300
300
300
300
300
300
300
300
300
300
300
300
300
300
300
300
300
300
300
300
300
300
300
300
300
300
300
300
300
300
300
300
300
300
300
300
300
300
300
300
300
300
300.001
300.001
300.002
300.003
300.004
300.006
300.009
300.014
300.021
300.032
300.047
300.069
300.101
300.145
300.206
300.289
300.397
300.532
300.692
300.859
301.024
301.039
300
300
300
300
300
300
300
300
300
300
300
300
300
300
300
300
300
300
300
300
300
300
300
300
300
300
300
300
300
300
300
300
300
300
300
300
300
300
300
300
300
300
300
300
300
300
300
300
300
300
300
300
300
300
300
300
300
300
300
300
300
300
300
300
300
300
300
300
300
300
300
300
300
300
300
300
300
300
300
300.001
300.001
300.002
300.002
300.004
300.006
300.009
300.013
300.019
300.028
300.041
300.059
300.084
300.12
300.166
300.228
300.303
300.394
300.486
300.578
300.587
300
300
300
300
300
300
300
300
300
300
300
300
300
300
300
300
300
300
300
300
300
300
300
300
300
300
300
300
300
300
300
300
300
300
300
300
300
300
300
300
300
300
300
300
300
300
300
300
300
300
300
300
300
300
300
300
300
300
300
300
300
300
300
300
300
300
300
300
300
300
300
300
300
300
300
300
300
300
300
300
300.001
300.001
300.001
300.002
300.003
300.005
300.008
300.011
300.016
300.024
300.035
300.049
300.069
300.096
300.131
300.174
300.225
300.277
300.329
300.333
300
300
300
300
300
300
300
300
300
300
300
300
300
300
300
300
300
300
300
300
300
300
300
300
300
300
300
300
300
300
300
300
300
300
300
300
300
300
300
300
300
300
300
300
300
300
300
300
300
300
300
300
300
300
300
300
300
300
300
300
300
300
300
300
300
300
300
300
300
300
300
300
300
300
300
300
300
300
300
300
300
300.001
300.001
300.001
300.002
300.003
300.004
300.007
300.01
300.014
300.02
300.029
300.04
300.056
300.076
300.1
300.129
300.159
300.188
300.19
300
300
300
300
300
300
300
300
300
300
300
300
300
300
300
300
300
300
300
300
300
300
300
300
300
300
300
300
300
300
300
300
300
300
300
300
300
300
300
300
300
300
300
300
300
300
300
300
300
300
300
300
300
300
300
300
300
300
300
300
300
300
300
300
300
300
300
300
300
300
300
300
300
300
300
300
300
300
300
300
300
300
300.001
300.001
300.001
300.002
300.003
300.004
300.006
300.008
300.012
300.017
300.024
300.032
300.044
300.058
300.075
300.091
300.108
300.109
300
300
300
300
300
300
300
300
300
300
300
300
300
300
300
300
300
300
300
300
300
300
300
300
300
300
300
300
300
300
300
300
300
300
300
300
300
300
300
300
300
300
300
300
300
300
300
300
300
300
300
300
300
300
300
300
300
300
300
300
300
300
300
300
300
300
300
300
300
300
300
300
300
300
300
300
300
300
300
300
300
300
300
300
300.001
300.001
300.002
300.002
300.003
300.005
300.007
300.01
300.014
300.019
300.026
300.034
300.043
300.053
300.062
300.063
300
300
300
300
300
300
300
300
300
300
300
300
300
300
300
300
300
300
300
300
300
300
300
300
300
300
300
300
300
300
300
300
300
300
300
300
300
300
300
300
300
300
300
300
300
300
300
300
300
300
300
300
300
300
300
300
300
300
300
300
300
300
300
300
300
300
300
300
300
300
300
300
300
300
300
300
300
300
300
300
300
300
300
300
300
300.001
300.001
300.001
300.002
300.003
300.004
300.006
300.008
300.011
300.015
300.02
300.025
300.031
300.036
300.037
300
300
300
300
300
300
300
300
300
300
300
300
300
300
300
300
300
300
300
300
300
300
300
300
300
300
300
300
300
300
300
300
300
300
300
300
300
300
300
300
300
300
300
300
300
300
300
300
300
300
300
300
300
300
300
300
300
300
300
300
300
300
300
300
300
300
300
300
300
300
300
300
300
300
300
300
300
300
300
300
300
300
300
300
300
300
300.001
300.001
300.001
300.002
300.002
300.003
300.005
300.007
300.009
300.011
300.015
300.018
300.021
300.021
300
300
300
300
300
300
300
300
300
300
300
300
300
300
300
300
300
300
300
300
300
300
300
300
300
300
300
300
300
300
300
300
300
300
300
300
300
300
300
300
300
300
300
300
300
300
300
300
300
300
300
300
300
300
300
300
300
300
300
300
300
300
300
300
300
300
300
300
300
300
300
300
300
300
300
300
300
300
300
300
300
300
300
300
300
300
300
300
300.001
300.001
300.001
300.002
300.003
300.004
300.005
300.007
300.009
300.01
300.012
300.012
300
300
300
300
300
300
300
300
300
300
300
300
300
300
300
300
300
300
300
300
300
300
300
300
300
300
300
300
300
300
300
300
300
300
300
300
300
300
300
300
300
300
300
300
300
300
300
300
300
300
300
300
300
300
300
300
300
300
300
300
300
300
300
300
300
300
300
300
300
300
300
300
300
300
300
300
300
300
300
300
300
300
300
300
300
300
300
300
300
300.001
300.001
300.001
300.002
300.002
300.003
300.004
300.005
300.006
300.007
300.007
300
300
300
300
300
300
300
300
300
300
300
300
300
300
300
300
300
300
300
300
300
300
300
300
300
300
300
300
300
300
300
300
300
300
300
300
300
300
300
300
300
300
300
300
300
300
300
300
300
300
300
300
300
300
300
300
300
300
300
300
300
300
300
300
300
300
300
300
300
300
300
300
300
300
300
300
300
300
300
300
300
300
300
300
300
300
300
300
300
300
300.001
300.001
300.001
300.001
300.002
300.002
300.003
300.004
300.004
300.004
300
300
300
300
300
300
300
300
300
300
300
300
300
300
300
300
300
300
300
300
300
300
300
300
300
300
300
300
300
300
300
300
300
300
300
300
300
300
300
300
300
300
300
300
300
300
300
300
300
300
300
300
300
300
300
300
300
300
300
300
300
300
300
300
300
300
300
300
300
300
300
300
300
300
300
300
300
300
300
300
300
300
300
300
300
300
300
300
300
300
300
300
300.001
300.001
300.001
300.001
300.002
300.002
300.003
300.003
300
300
300
300
300
300
300
300
300
300
300
300
300
300
300
300
300
300
300
300
300
300
300
300
300
300
300
300
300
300
300
300
300
300
300
300
300
300
300
300
300
300
300
300
300
300
300
300
300
300
300
300
300
300
300
300
300
300
300
300
300
300
300
300
300
300
300
300
300
300
300
300
300
300
300
300
300
300
300
300
300
300
300
300
300
300
300
300
300
300
300
300
300
300
300.001
300.001
300.001
300.001
300.001
300.001
300
300
300
300
300
300
300
300
300
300
300
300
300
300
300
300
300
300
300
300
300
300
300
300
300
300
300
300
300
300
300
300
300
300
300
300
300
300
300
300
300
300
300
300
300
300
300
300
300
300
300
300
300
300
300
300
300
300
300
300
300
300
300
300
300
300
300
300
300
300
300
300
300
300
300
300
300
300
300
300
300
300
300
300
300
300
300
300
300
300
300
300
300
300
300
300
300.001
300.001
300.001
300.001
300
300
300
300
300
300
300
300
300
300
300
300
300
300
300
300
300
300
300
300
300
300
300
300
300
300
300
300
300
300
300
300
300
300
300
300
300
300
300
300
300
300
300
300
300
300
300
300
300
300
300
300
300
300
300
300
300
300
300
300
300
300
300
300
300
300
300
300
300
300
300
300
300
300
300
300
300
300
300
300
300
300
300
300
300
300
300
300
300
300
300
300
300
300
300
300
300
300
300.001
300.001
300
300
300
300
300
300
300
300
300
300
300
300
300
300
300
300
300
300
300
300
300
300
300
300
300
300
300
300
300
300
300
300
300
300
300
300
300
300
300
300
300
300
300
300
300
300
300
300
300
300
300
300
300
300
300
300
300
300
300
300
300
300
300
300
300
300
300
300
300
300
300
300
300
300
300
300
300
300
300
300
300
300
300
300
300
300
300
300
300
300
300
300
300
300
300
300
300
300
300
300
300
300
300
300
300
300
300
300
300
300
300
300
300
300
300
300
300
300
300
300
300
300
300
300
300
300
300
300
300
300
300
300
300
300
300
300
300
300
300
300
300
300
300
300
300
300
300
300
300
300
300
300
300
300
300
300
300
300
300
300
300
300
300
300
300
300
300
300
300
300
300
300
300
300
300
300
300
300
300
300
300
300
300
300
300
300
300
300
300
300
300
300
300
300
300
300
300
300
300
300
300
300
300
300
300
300
300
300
300
300
300
300
300
300
300
300
300
300
300
300
300
300
300
300
300
300
300
300
300
300
300
300
300
300
300
300
300
300
300
300
300
300
300
300
300
300
300
300
300
300
300
300
300
300
300
300
300
300
300
300
300
300
300
300
300
300
300
300
300
300
300
300
300
300
300
300
300
300
300
300
300
300
300
300
300
300
300
300
300
300
300
300
300
300
300
300
300
300
300
300
300
300
300
300
300
300
300
300
300
300
300
300
300
300
300
300
300
300
300
300
300
300
300
300
300
300
300
300
300
300
300
300
300
300
300
300
300
300
300
300
300
300
300
300
300
300
300
300
300
300
300
300
300
300
300
300
300
300
300
300
300
300
300
300
300
300
300
300
300
300
300
300
300
300
300
300
300
300
300
300
300
300
300
300
300
300
300
300
300
300
300
300
300
300
300
300
300
300
300
300
)
;

boundaryField
{
    inlet
    {
        type            fixedValue;
        value           uniform 300;
    }
    sym
    {
        type            symmetry;
    }
    wedge
    {
        type            zeroGradient;
    }
    top
    {
        type            freestream;
        freestreamValue uniform 300;
        value           nonuniform List<scalar> 
150
(
300
300
300
300
300
300
300
300
300
300
300
300
300
300
300
300
300
300
300
300
300
300
300
300
300
300
300
300
300
300
300
300
300
300
300
300
300
300
300
300
300
300
300
300
300
300
300
300
300
300
300
300
300
300
300
300
300
300
300
300
300
300
300
300
300
300
300
300
300
300
300
300
300
300
300
300
300
300
300
300
300
300
300
300
300
300
300
300
300
300
300
300
300
300
300
300
300
300
300
300
300
300
300
300
300
300
300
300
300
300
300
300
300
300
300
300
300
300
300
300
300
300
300
300
300
300
300
300
300
300
300
300
300
300
300
300
300
300
300
300
300
300
300
300
300
300
300
300
300
300
)
;
    }
    back
    {
        type            empty;
    }
    front
    {
        type            empty;
    }
    outlet
    {
        type            inletOutlet;
        inletValue      uniform 300;
        value           nonuniform List<scalar> 
100
(
430.85
426.073
423.584
420.779
420.546
419.709
419.543
419.223
419.07
418.905
418.786
418.682
418.598
418.528
418.467
418.417
418.371
418.335
418.305
418.277
418.255
418.233
418.215
418.202
418.187
418.174
418.165
418.154
418.143
418.135
418.127
418.118
418.11
418.106
418.101
418.092
418.085
418.081
418.076
418.067
418.06
418.058
418.054
418.046
418.033
418.027
418.026
418.021
418.01
417.996
417.983
417.973
417.966
417.952
417.925
417.893
417.858
417.815
417.759
417.684
417.583
417.443
417.244
416.953
416.523
415.878
414.903
413.423
411.178
407.789
402.729
395.305
384.728
370.411
352.675
333.894
318.802
310.589
305.932
303.309
301.848
301.037
300.586
300.333
300.19
300.109
300.063
300.036
300.021
300.012
300.007
300.004
300.003
300.001
300.001
300.001
300
300
300
300
)
;
    }
}


// ************************************************************************* //
