/*--------------------------------*- C++ -*----------------------------------*\
| =========                 |                                                 |
| \\      /  F ield         | OpenFOAM: The Open Source CFD Toolbox           |
|  \\    /   O peration     | Version:  2412                                  |
|   \\  /    A nd           | Website:  www.openfoam.com                      |
|    \\/     M anipulation  |                                                 |
\*---------------------------------------------------------------------------*/
FoamFile
{
    version     2.0;
    format      ascii;
    arch        "LSB;label=32;scalar=64";
    class       volScalarField;
    location    "8.5";
    object      Ma;
}
// * * * * * * * * * * * * * * * * * * * * * * * * * * * * * * * * * * * * * //

dimensions      [0 0 0 0 0 0 0];

internalField   nonuniform List<scalar> 
5250
(
2.99998
2.99995
2.99982
2.99965
2.99893
2.99791
2.99394
2.98755
2.96606
2.91973
2.80458
2.49241
1.90569
0.892342
0.386235
0.34075
0.350219
0.340626
0.305915
0.252899
0.20428
0.163507
0.122217
0.0765347
0.0427742
2.99998
2.99995
2.99983
2.99965
2.99895
2.99794
2.99403
2.98772
2.96655
2.9206
2.80676
2.49693
1.91609
0.901415
0.393209
0.341544
0.350954
0.341669
0.307446
0.255375
0.208031
0.168719
0.129798
0.0896618
0.066102
2.99998
2.99995
2.99983
2.99967
2.99898
2.99801
2.99425
2.98806
2.96762
2.92242
2.81133
2.50655
1.93868
0.922376
0.409749
0.34442
0.354131
0.346145
0.313436
0.263908
0.219699
0.184016
0.15044
0.119313
0.104475
2.99999
2.99996
2.99984
2.99968
2.99903
2.99809
2.99452
2.98855
2.96905
2.92547
2.81844
2.52221
1.97427
0.957143
0.436159
0.348779
0.359651
0.354263
0.32385
0.278069
0.237966
0.207059
0.179561
0.156071
0.146236
2.99999
2.99996
2.99985
2.9997
2.99909
2.9982
2.99485
2.9892
2.9709
2.92961
2.8283
2.54485
2.02444
1.01021
0.474227
0.355457
0.368348
0.366676
0.338912
0.297458
0.261797
0.235664
0.213951
0.19658
0.190098
2.99999
2.99996
2.99986
2.99972
2.99915
2.99833
2.99521
2.98994
2.97291
2.93451
2.84006
2.57514
2.08592
1.08728
0.524739
0.36482
0.380724
0.383755
0.358797
0.32183
0.290887
0.269756
0.253481
0.241642
0.238671
2.99999
2.99997
2.99987
2.99974
2.99922
2.99847
2.9956
2.9908
2.97515
2.94022
2.85331
2.61145
2.1568
1.19212
0.587734
0.377913
0.397667
0.406134
0.383894
0.351374
0.324887
0.308813
0.298651
0.293241
0.295643
2.99999
2.99997
2.99989
2.99977
2.99929
2.99861
2.99596
2.99174
2.97741
2.94719
2.86858
2.65503
2.24268
1.32995
0.664232
0.399175
0.422572
0.43548
0.415076
0.387228
0.365006
0.354022
0.350312
0.353482
0.366269
2.99999
2.99997
2.9999
2.99979
2.99937
2.99877
2.99636
2.99273
2.97984
2.95465
2.88501
2.70243
2.33914
1.49564
0.755655
0.437669
0.460729
0.473632
0.454648
0.429908
0.411519
0.405589
0.410019
0.427058
0.462715
3
2.99998
2.99992
2.99983
2.99947
2.99895
2.99694
2.99382
2.98303
2.96176
2.90261
2.7506
2.4392
1.71969
0.853409
0.486222
0.508279
0.518744
0.503042
0.480908
0.465732
0.464033
0.480527
0.523594
0.622975
3
2.99998
2.99994
2.99981
2.99962
2.99889
2.99775
2.99373
2.98648
2.96422
2.91273
2.79021
2.46889
1.83073
0.914536
0.528465
0.537438
0.549049
0.546297
0.53102
0.522405
0.528759
0.562023
0.640623
0.803917
3
2.99999
2.99994
2.99987
2.99959
2.99918
2.9976
2.99522
2.98654
2.97135
2.92387
2.81388
2.56584
1.95222
1.08109
0.607087
0.560814
0.574383
0.581183
0.576437
0.576422
0.593125
0.639907
0.732593
0.892723
3
2.99999
2.99995
2.99988
2.99964
2.9993
2.9979
2.99591
2.98817
2.97573
2.93406
2.8426
2.628
2.08151
1.24645
0.692881
0.576343
0.592778
0.60964
0.616929
0.626603
0.651949
0.704261
0.791318
0.920661
3
2.99999
2.99995
2.9999
2.9997
2.99941
2.99824
2.99658
2.99019
2.9797
2.94529
2.8687
2.68809
2.21569
1.43624
0.79055
0.597292
0.614273
0.635819
0.653633
0.671467
0.702193
0.753709
0.829763
0.935684
3
2.99999
2.99996
2.99992
2.99975
2.9995
2.99851
2.99712
2.99155
2.98322
2.95311
2.89727
2.74184
2.37766
1.6625
0.908821
0.640327
0.649222
0.668314
0.689747
0.711699
0.74386
0.794515
0.860088
0.948661
3
3
2.99997
2.99994
2.9998
2.9996
2.9988
2.99767
2.99316
2.98648
2.96192
2.91852
2.79013
2.50654
1.87979
1.02938
0.696684
0.687038
0.704751
0.726326
0.748555
0.779422
0.826496
0.888128
0.961871
3
3
2.99998
2.99995
2.99984
2.99969
2.99907
2.99819
2.99474
2.98943
2.97109
2.93426
2.83707
2.58354
2.09556
1.18209
0.777356
0.71651
0.733765
0.754939
0.780979
0.81145
0.853207
0.909438
0.975969
3
3
2.99999
2.99996
2.99988
2.99976
2.99927
2.99858
2.99585
2.99171
2.97719
2.94878
2.87113
2.66874
2.27323
1.41494
0.898795
0.750089
0.758568
0.77832
0.80666
0.839598
0.87867
0.928377
0.987871
3.00001
3
2.99999
2.99997
2.99991
2.99981
2.99944
2.99891
2.99683
2.99369
2.98257
2.96185
2.90228
2.75293
2.44739
1.72858
1.06132
0.810787
0.796986
0.80955
0.834044
0.865198
0.90152
0.946085
0.998857
3.00001
3
3
2.99998
2.99994
2.99982
2.99965
2.99897
2.99796
2.99414
2.98813
2.96732
2.92842
2.81812
2.56898
2.00299
1.21195
0.88006
0.836266
0.845402
0.86547
0.893426
0.925039
0.962962
1.00892
3.00001
3
3
2.99998
2.99996
2.99987
2.99974
2.99923
2.9985
2.99565
2.99132
2.97619
2.94698
2.86688
2.66499
2.2517
1.45122
0.993182
0.873729
0.874985
0.891294
0.918163
0.948534
0.982344
1.0205
3.00001
3.00001
3
2.99999
2.99997
2.99992
2.99977
2.99954
2.99865
2.99731
2.99236
2.9843
2.95762
2.90387
2.76178
2.43452
1.74759
1.14468
0.931925
0.909462
0.918356
0.939668
0.968215
0.999423
1.03447
3.00001
3.00001
3
3
2.99998
2.99994
2.99987
2.99961
2.99922
2.99778
2.99552
2.98772
2.9734
2.93125
2.83125
2.61408
2.07227
1.32304
1.00302
0.94885
0.952021
0.966704
0.989049
1.01594
1.04651
3.00001
3.00001
3
3
2.99999
2.99997
2.99989
2.99978
2.99936
2.9987
2.99645
2.99233
2.98009
2.95188
2.88361
2.699
2.34153
1.58024
1.12115
0.987707
0.98153
0.99135
1.01214
1.03496
1.05954
3.00001
3.00001
3.00001
3
3
2.99997
2.99994
2.9998
2.9996
2.99885
2.99772
2.99354
2.98682
2.96427
2.92128
2.80304
2.53844
1.95313
1.28786
1.04381
1.0137
1.01801
1.0345
1.05756
1.07548
3.00001
3.00001
3.00001
3
3
2.99998
2.99996
2.99986
2.99972
2.99919
2.99841
2.99541
2.99091
2.97466
2.9459
2.86332
2.66992
2.24713
1.51181
1.13004
1.04413
1.04141
1.0517
1.07082
1.08774
3.00001
3.00001
3.00001
3.00001
3
2.99999
2.99997
2.99993
2.99977
2.99954
2.99868
2.99738
2.9926
2.98486
2.95929
2.90894
2.77451
2.47004
1.82476
1.28116
1.0936
1.06771
1.06996
1.08001
1.09046
3.00001
3.00001
3.00001
3.00001
3
3
2.99998
2.99994
2.99988
2.99964
2.99928
2.99796
2.9959
2.9888
2.97599
2.9382
2.84982
2.6585
2.16992
1.47852
1.16559
1.09926
1.09041
1.08691
1.08284
3.00001
3.00001
3.00001
3.00001
3
3
2.99999
2.99997
2.9999
2.9998
2.99941
2.99885
2.99672
2.9934
2.98219
2.96063
2.90112
2.75429
2.4548
1.781
1.30142
1.13375
1.10449
1.08843
1.06755
3.00001
3.00001
3.00001
3.00001
3.00001
3
2.99999
2.99998
2.99994
2.99987
2.9996
2.99923
2.99775
2.99563
2.98753
2.97485
2.93291
2.84634
2.63912
2.15523
1.4911
1.19341
1.1145
1.07484
1.0344
3.00001
3.00001
3.00001
3.00001
3.00001
3
3
2.99999
2.99997
2.9999
2.99979
2.99939
2.9988
2.99657
2.99315
2.98137
2.95967
2.89762
2.74962
2.43945
1.77896
1.31079
1.11948
1.03588
0.972682
3.00001
3.00001
3.00001
3.00001
3.00001
3.00001
3
2.99999
2.99998
2.99993
2.99986
2.99958
2.99918
2.99764
2.9954
2.98689
2.97361
2.92944
2.84076
2.62048
2.13144
1.45855
1.12323
0.966513
0.896483
3.00001
3.00001
3.00001
3.00001
3.00001
3.00001
3
3
2.99999
2.99997
2.99989
2.99977
2.99934
2.99869
2.99632
2.99252
2.97998
2.95529
2.88822
2.72253
2.38302
1.69389
1.12503
0.864688
0.814494
3.00001
3.00001
3.00001
3.00001
3.00001
3.00001
3.00001
3
2.99999
2.99997
2.99993
2.99979
2.99958
2.99877
2.99757
2.99304
2.98588
2.96124
2.91437
2.78507
2.48598
1.86392
1.07466
0.734641
0.704201
3.00001
3.00001
3.00001
3.00001
3.00001
3.00001
3.00001
3
3
2.99998
2.99995
2.99983
2.99966
2.99898
2.99803
2.99414
2.98836
2.96719
2.92719
2.81599
2.53337
1.97224
1.0496
0.598663
0.569603
3.00001
3.00001
3.00001
3.00001
3.00001
3.00001
3.00001
3
3
2.99998
2.99996
2.99987
2.99973
2.9992
2.99836
2.99543
2.98974
2.97277
2.93192
2.83327
2.55498
2.02047
1.0574
0.512522
0.445404
3.00001
3.00001
3.00001
3.00001
3.00001
3.00001
3.00001
3
3
2.99999
2.99995
2.9999
2.99969
2.99937
2.99816
2.99616
2.98934
2.97539
2.93536
2.83431
2.61072
2.00696
1.14107
0.485112
0.359093
3.00001
3.00001
3.00001
3.00001
3.00001
3.00001
3.00001
3
3
2.99999
2.99996
2.99991
2.99971
2.99942
2.9983
2.99642
2.99019
2.97686
2.93997
2.84375
2.63168
2.03804
1.18017
0.481414
0.305644
3.00001
3.00001
3.00001
3.00001
3.00001
3.00001
3.00001
3
3
2.99999
2.99997
2.9999
2.99979
2.99942
2.99867
2.99655
2.9913
2.97835
2.94219
2.86193
2.61141
2.14217
1.18565
0.511281
0.298642
3.00001
3.00001
3.00001
3.00001
3.00001
3.00001
3.00001
3
3
2.99999
2.99996
2.99991
2.99973
2.99946
2.99842
2.99673
2.99105
2.97911
2.94635
2.85956
2.67118
2.12314
1.30025
0.534547
0.288095
3.00001
3.00001
3.00001
3.00001
3.00001
3.00001
3.00001
3
3
2.99999
2.99996
2.99992
2.99974
2.99949
2.99848
2.99692
2.99131
2.98071
2.94905
2.8696
2.6906
2.18009
1.36646
0.555265
0.271611
3.00001
3.00001
3.00001
3.00001
3.00001
3.00001
3.00001
3
3
2.99999
2.99998
2.99991
2.99982
2.99948
2.99888
2.99703
2.99279
2.98187
2.95285
2.88634
2.68447
2.29568
1.42324
0.61132
0.290932
3.00001
3.00001
3.00001
3.00001
3.00001
3.00001
3.00001
3.00001
3
2.99999
2.99997
2.99993
2.99977
2.99954
2.99865
2.99724
2.99234
2.98289
2.95504
2.88622
2.728
2.29622
1.52335
0.625715
0.268062
3.00001
3.00001
3.00001
3.00001
3.00001
3.00001
3.00001
3
3
2.99999
2.99998
2.99991
2.99982
2.99947
2.99894
2.99696
2.9936
2.98276
2.95878
2.89705
2.72856
2.38978
1.60937
0.689248
0.287035
3.00001
3.00001
3.00001
3.00001
3.00001
3.00001
3.00001
3
3
2.99999
2.99998
2.99991
2.99982
2.99947
2.99895
2.99697
2.99378
2.98302
2.9608
2.90055
2.7415
2.41445
1.66696
0.717353
0.294337
3.00001
3.00001
3.00001
3.00001
3.00001
3.00001
3.00001
3.00001
3
2.99999
2.99997
2.99993
2.99978
2.99956
2.99868
2.9974
2.99242
2.9845
2.95728
2.90111
2.75489
2.38933
1.66774
0.699485
0.277242
3.00001
3.00001
3.00001
3.00001
3.00001
3.00001
3.00001
3.00001
3
2.99999
2.99997
2.99993
2.99978
2.99956
2.99867
2.99742
2.99236
2.98475
2.95696
2.90514
2.75829
2.40918
1.69101
0.71572
0.28359
3.00001
3.00001
3.00001
3.00001
3.00001
3.00001
3.00001
3.00001
3
2.99999
2.99997
2.99993
2.99978
2.99957
2.99871
2.99746
2.99259
2.98493
2.95834
2.90476
2.76292
2.40952
1.70303
0.725409
0.286905
3.00001
3.00001
3.00001
3.00001
3.00001
3.00001
3.00001
3
3
2.99999
2.99998
2.99992
2.99984
2.99952
2.99902
2.99727
2.99412
2.98451
2.96238
2.90705
2.75671
2.45051
1.73394
0.793245
0.335887
3.00001
3.00001
3.00001
3.00001
3.00001
3.00001
3.00001
3.00001
3
2.99999
2.99997
2.99993
2.99979
2.99958
2.99874
2.99751
2.99273
2.98519
2.95918
2.90606
2.76702
2.41778
1.72027
0.741427
0.298976
0.956177
0.750162
0.264555
0.234515
0.296461
0.390151
0.426666
0.45613
0.494017
0.532582
0.564141
0.590423
0.616046
0.636223
0.644776
0.645618
0.639567
0.624325
0.601046
0.571514
0.538849
0.504164
0.469581
0.4355
0.402286
0.369744
0.337788
0.306268
0.275062
0.244012
0.212398
0.181387
0.150847
0.121073
0.091972
0.0639564
0.0368324
0.0162827
0.0274408
0.0518441
0.0774431
0.102082
0.126195
0.149189
0.17095
0.192667
0.214989
0.23718
0.258507
0.279388
0.299578
0.319541
0.338944
0.358207
0.376879
0.395544
0.413599
0.431711
0.449229
0.46682
0.483907
0.500983
0.517627
0.534287
0.550498
0.566784
0.582625
0.598544
0.614053
0.629641
0.644819
0.660109
0.674937
0.68994
0.70441
0.719092
0.733223
0.747524
0.761354
0.77524
0.788771
0.802259
0.81546
0.828585
0.841418
0.854189
0.86665
0.879065
0.891128
0.903138
0.914773
0.926337
0.937417
0.948369
0.958615
0.968597
0.977372
0.985426
0.991171
0.995646
0.962486
0.83979
0.580415
0.416055
0.28756
0.150992
0.0528507
0.141905
0.220926
0.28044
0.32017
0.347558
0.373418
0.396846
0.406939
0.404897
0.394656
0.377783
0.352429
0.322121
0.289751
0.256032
0.223158
0.191416
0.160643
0.130932
0.10231
0.0753485
0.0514233
0.0372034
0.0418154
0.0613151
0.084667
0.109391
0.134004
0.158559
0.182486
0.20572
0.227618
0.249296
0.270866
0.292268
0.313118
0.333401
0.352664
0.371717
0.391207
0.410832
0.429613
0.447977
0.465811
0.483451
0.500699
0.517739
0.534517
0.550952
0.56731
0.583222
0.599172
0.614662
0.630233
0.64533
0.660577
0.675297
0.690246
0.704631
0.719287
0.733386
0.747742
0.761599
0.775639
0.789266
0.802989
0.81636
0.829789
0.842854
0.856021
0.868747
0.881661
0.894048
0.906696
0.918761
0.931116
0.942867
0.954891
0.96633
0.978023
0.989165
1.00048
1.01133
1.02228
1.03279
1.04325
1.05328
1.06296
1.07213
1.08042
1.08783
1.09326
1.09719
0.982589
0.954518
0.84651
0.744589
0.635594
0.519724
0.403238
0.300022
0.213104
0.135031
0.0711635
0.0527521
0.0866425
0.125841
0.14559
0.133172
0.115292
0.101195
0.0811059
0.0647945
0.0561973
0.0595059
0.0744327
0.0941045
0.116514
0.140129
0.164178
0.188382
0.212432
0.236175
0.25876
0.281212
0.30338
0.325295
0.346849
0.367804
0.388396
0.408115
0.427315
0.445887
0.464422
0.482534
0.500457
0.517736
0.534258
0.550321
0.566828
0.583638
0.599992
0.615678
0.631151
0.646192
0.661196
0.675875
0.690477
0.704825
0.719041
0.733074
0.746967
0.760695
0.774297
0.787724
0.801035
0.814182
0.827211
0.840124
0.852891
0.865617
0.878134
0.890691
0.902973
0.915344
0.927414
0.939558
0.951431
0.963307
0.974969
0.986568
0.997988
1.00933
1.02047
1.03157
1.04242
1.05329
1.06386
1.07455
1.08491
1.09539
1.10554
1.11575
1.12556
1.13542
1.14478
1.15418
1.16289
1.17151
1.17905
1.18607
1.19108
1.19472
1.00566
1.02781
0.994929
0.942838
0.872073
0.790048
0.700976
0.610796
0.529314
0.450955
0.380331
0.315584
0.263099
0.221575
0.19306
0.182634
0.19843
0.216285
0.236773
0.261639
0.285234
0.305893
0.325822
0.34549
0.365333
0.385354
0.405499
0.42559
0.445449
0.464807
0.483373
0.501673
0.519321
0.536925
0.553697
0.57043
0.586262
0.602014
0.616913
0.631821
0.646123
0.660556
0.674509
0.688304
0.701267
0.713923
0.726692
0.740113
0.753408
0.766358
0.778912
0.791381
0.803679
0.815935
0.828037
0.840111
0.852043
0.863959
0.875743
0.887527
0.899174
0.910838
0.922344
0.933891
0.945255
0.956692
0.967936
0.97927
0.990414
1.00163
1.01269
1.02375
1.03472
1.04559
1.05646
1.0671
1.07786
1.08829
1.09891
1.10914
1.11964
1.12975
1.14019
1.15017
1.16052
1.1703
1.18043
1.18993
1.19983
1.20906
1.21867
1.22758
1.23679
1.24527
1.25386
1.2616
1.26908
1.27532
1.2804
1.28336
1.02342
1.06411
1.07401
1.05472
1.02016
0.969574
0.910705
0.846263
0.78173
0.715344
0.64849
0.58721
0.536823
0.498907
0.47568
0.470244
0.481279
0.498017
0.514692
0.533016
0.550992
0.566332
0.580297
0.59396
0.607933
0.622105
0.636433
0.650641
0.664468
0.677812
0.690514
0.702805
0.714592
0.726147
0.737261
0.748204
0.758729
0.769111
0.779129
0.78906
0.798851
0.808713
0.818593
0.828392
0.837803
0.846874
0.85617
0.866124
0.876491
0.886652
0.896702
0.906579
0.916516
0.926344
0.936318
0.946188
0.95623
0.966168
0.976266
0.986285
0.996405
1.00651
1.0166
1.02678
1.03684
1.04709
1.05713
1.06742
1.07746
1.08774
1.09778
1.10798
1.11801
1.12808
1.13805
1.14796
1.15786
1.16768
1.17761
1.18742
1.19734
1.20704
1.2168
1.22635
1.23596
1.24537
1.25479
1.26403
1.27322
1.28229
1.2912
1.30005
1.30858
1.3171
1.32503
1.33296
1.33987
1.34651
1.35126
1.35483
1.0338
1.08615
1.1113
1.11959
1.10752
1.08257
1.04751
1.00537
0.958623
0.907434
0.854887
0.804207
0.760404
0.727308
0.708053
0.704928
0.716529
0.736472
0.758347
0.776433
0.792132
0.802603
0.809842
0.815771
0.821618
0.827565
0.833771
0.840032
0.84618
0.852091
0.857702
0.863154
0.868441
0.873831
0.879169
0.88466
0.890197
0.895863
0.90166
0.907597
0.913782
0.9202
0.926951
0.933881
0.9407
0.947321
0.954114
0.961669
0.969826
0.978216
0.986442
0.994803
1.00303
1.01151
1.0199
1.02861
1.03718
1.04609
1.05482
1.0639
1.07274
1.08199
1.09093
1.10032
1.10935
1.11887
1.12799
1.1376
1.14683
1.15649
1.16581
1.17548
1.18486
1.19446
1.20386
1.21342
1.22292
1.23247
1.24189
1.25129
1.26058
1.26984
1.279
1.28813
1.29714
1.30615
1.31498
1.32386
1.33248
1.3412
1.34956
1.35806
1.36605
1.37424
1.38168
1.38929
1.39579
1.40219
1.40674
1.41019
1.04131
1.09605
1.13416
1.15291
1.16068
1.15217
1.13387
1.10713
1.07353
1.03434
0.992585
0.951069
0.915624
0.889358
0.875676
0.878138
0.892047
0.913118
0.936113
0.955549
0.971298
0.977925
0.980314
0.977991
0.975968
0.974598
0.97423
0.974565
0.975378
0.976383
0.977515
0.978674
0.98004
0.981606
0.983441
0.985638
0.988179
0.991062
0.994374
0.997953
1.00206
1.00639
1.0113
1.01644
1.0218
1.02684
1.0322
1.03798
1.04475
1.05174
1.059
1.06617
1.07354
1.08091
1.08849
1.09617
1.104
1.11199
1.12005
1.12834
1.13659
1.14513
1.15355
1.16231
1.17086
1.17979
1.18848
1.19752
1.20637
1.21547
1.22445
1.23355
1.24261
1.25168
1.26089
1.26992
1.27907
1.28796
1.29705
1.30584
1.31485
1.32356
1.33247
1.34108
1.34986
1.35836
1.367
1.3754
1.38384
1.39211
1.40029
1.40837
1.41617
1.42395
1.43119
1.43843
1.44477
1.45087
1.45534
1.45864
1.04821
1.10131
1.14367
1.1726
1.18777
1.19353
1.18578
1.16891
1.14438
1.11124
1.07691
1.04223
1.01191
0.992079
0.982482
0.988312
1.007
1.03362
1.0582
1.07776
1.09149
1.10114
1.10332
1.09874
1.09221
1.08546
1.08049
1.07652
1.07401
1.07188
1.07053
1.06922
1.06838
1.06772
1.06747
1.06768
1.06841
1.06955
1.07119
1.07326
1.07585
1.0788
1.08229
1.08621
1.09042
1.09444
1.09862
1.10324
1.10871
1.11474
1.12104
1.12747
1.134
1.14069
1.14748
1.15449
1.1616
1.16895
1.1764
1.18407
1.19182
1.19974
1.20773
1.21585
1.22406
1.23234
1.24075
1.24921
1.25782
1.2664
1.27517
1.28386
1.29282
1.30154
1.3105
1.31913
1.32808
1.33664
1.34556
1.35405
1.36289
1.3713
1.38005
1.38837
1.39698
1.4052
1.41364
1.42176
1.42997
1.43797
1.44589
1.45371
1.46126
1.46877
1.47577
1.48272
1.48883
1.49465
1.49896
1.50212
1.0544
1.10576
1.14812
1.18164
1.20239
1.213
1.21226
1.19904
1.17677
1.14823
1.1179
1.08757
1.06211
1.04866
1.04429
1.05404
1.0782
1.10957
1.13775
1.15886
1.17215
1.18182
1.18673
1.18598
1.17922
1.17111
1.16262
1.15529
1.14948
1.1449
1.14144
1.13846
1.1361
1.13393
1.13237
1.13115
1.13056
1.13041
1.13078
1.13166
1.13299
1.13479
1.13706
1.1399
1.14309
1.14627
1.14951
1.15314
1.1575
1.16257
1.16801
1.17372
1.17959
1.18568
1.19186
1.19833
1.20486
1.21174
1.21863
1.2259
1.23313
1.24072
1.24823
1.25607
1.26383
1.27189
1.2799
1.28816
1.29643
1.30488
1.31342
1.32193
1.33054
1.33902
1.34766
1.35612
1.36478
1.37321
1.38186
1.39026
1.39885
1.40722
1.41572
1.42404
1.4324
1.44065
1.44884
1.45701
1.46497
1.473
1.48068
1.4885
1.49578
1.50324
1.50995
1.5168
1.52258
1.52831
1.53234
1.53557
1.05891
1.10754
1.15009
1.18405
1.20847
1.22019
1.22113
1.20673
1.18436
1.15931
1.12884
1.10058
1.08186
1.07433
1.0766
1.09334
1.12275
1.15612
1.18598
1.20884
1.22492
1.23448
1.24156
1.24482
1.24311
1.23699
1.22945
1.22059
1.21207
1.20499
1.19932
1.19474
1.19105
1.18787
1.18536
1.18313
1.18157
1.18025
1.1796
1.17925
1.17954
1.18028
1.18156
1.18338
1.1858
1.1883
1.19092
1.19379
1.19734
1.20162
1.20637
1.21148
1.21682
1.22243
1.22817
1.23422
1.24035
1.24687
1.2534
1.26034
1.26723
1.27452
1.28172
1.28928
1.29677
1.30458
1.31237
1.3204
1.32854
1.33672
1.345
1.35321
1.36159
1.36981
1.37824
1.38645
1.39489
1.40308
1.41151
1.41969
1.42806
1.43623
1.44453
1.45265
1.46083
1.46888
1.47688
1.48481
1.49255
1.50032
1.50774
1.51524
1.5222
1.52926
1.53557
1.54188
1.54723
1.55237
1.55585
1.55861
1.06414
1.1081
1.14824
1.18048
1.20401
1.21442
1.21085
1.19538
1.17467
1.14879
1.11851
1.09662
1.08701
1.0847
1.09462
1.11933
1.15289
1.18565
1.21438
1.2382
1.2563
1.26939
1.27758
1.2834
1.28661
1.28576
1.28132
1.275
1.26605
1.257
1.24872
1.24201
1.23644
1.23207
1.22846
1.22558
1.22321
1.22138
1.21991
1.21904
1.21854
1.2186
1.21924
1.2204
1.22226
1.22439
1.22667
1.22908
1.2321
1.23581
1.24017
1.24489
1.24995
1.25528
1.26085
1.26666
1.27267
1.27892
1.28534
1.29197
1.29877
1.30574
1.31287
1.32014
1.32762
1.33517
1.34302
1.35085
1.35892
1.36685
1.37506
1.38305
1.39135
1.39936
1.40772
1.41573
1.42411
1.43212
1.4405
1.44852
1.45687
1.46489
1.47317
1.48116
1.48933
1.49724
1.50522
1.51301
1.52073
1.52832
1.53566
1.54292
1.54974
1.55646
1.56251
1.56837
1.57334
1.57781
1.58057
1.58285
1.07158
1.1092
1.14487
1.17231
1.19107
1.19539
1.18644
1.17045
1.1483
1.11957
1.09542
1.08345
1.08048
1.08628
1.10613
1.13704
1.16951
1.19987
1.22724
1.25089
1.27096
1.28699
1.29934
1.3078
1.31347
1.31678
1.31734
1.31467
1.30914
1.30093
1.29158
1.28282
1.27536
1.26934
1.26457
1.26086
1.25793
1.25557
1.25371
1.25222
1.25129
1.25073
1.25084
1.25151
1.25281
1.25459
1.25654
1.25859
1.26104
1.26418
1.26799
1.27227
1.27689
1.2819
1.28712
1.29267
1.29835
1.30436
1.31045
1.31685
1.32333
1.3301
1.33698
1.34411
1.35138
1.35885
1.36648
1.37411
1.38193
1.38969
1.39767
1.4055
1.41358
1.42145
1.42959
1.43746
1.44564
1.45352
1.46172
1.46962
1.47779
1.4857
1.4938
1.50167
1.50965
1.51744
1.52519
1.53283
1.54027
1.54766
1.55468
1.56166
1.56806
1.57435
1.5799
1.58522
1.58941
1.593
1.59471
1.59653
1.07991
1.11078
1.13916
1.15969
1.16835
1.16445
1.15181
1.13424
1.10832
1.08399
1.07144
1.06789
1.07159
1.08717
1.11451
1.14576
1.176
1.20384
1.22975
1.25316
1.27445
1.29286
1.30853
1.32101
1.33027
1.33625
1.33977
1.34143
1.34029
1.33618
1.32962
1.32088
1.31229
1.30471
1.29846
1.29353
1.28967
1.28669
1.28434
1.28262
1.28133
1.28064
1.28036
1.28071
1.28167
1.28313
1.28497
1.28677
1.28891
1.29161
1.29508
1.29903
1.30339
1.30811
1.31312
1.31845
1.324
1.32984
1.33584
1.3421
1.34851
1.35515
1.36195
1.36894
1.37616
1.38345
1.3909
1.39834
1.40601
1.41359
1.42144
1.42911
1.43709
1.44481
1.45286
1.4606
1.46868
1.47643
1.4845
1.49225
1.50029
1.50801
1.51598
1.52364
1.53145
1.53899
1.54655
1.55389
1.56108
1.56808
1.57474
1.5812
1.58707
1.59269
1.5976
1.60189
1.60504
1.60721
1.60771
1.60903
1.08624
1.11023
1.12914
1.13892
1.13714
1.1267
1.11112
1.08773
1.06466
1.0525
1.04945
1.05267
1.06647
1.09085
1.11986
1.14844
1.1756
1.20116
1.22562
1.24878
1.27073
1.29082
1.30898
1.3246
1.3376
1.34785
1.35462
1.35912
1.36123
1.36176
1.35975
1.35473
1.34742
1.3392
1.33176
1.32525
1.32017
1.31608
1.31306
1.3108
1.30917
1.30816
1.3076
1.30766
1.3083
1.3095
1.31121
1.31288
1.31479
1.3171
1.32019
1.32385
1.32796
1.33241
1.3372
1.34232
1.34769
1.35334
1.35919
1.36525
1.37153
1.37799
1.38469
1.39155
1.39863
1.40568
1.41299
1.42023
1.42776
1.43517
1.44289
1.45042
1.45829
1.46587
1.47384
1.48141
1.48944
1.49697
1.50501
1.51252
1.5205
1.52798
1.53583
1.54327
1.5509
1.55823
1.56551
1.57263
1.57944
1.58611
1.59228
1.59816
1.60346
1.60831
1.61229
1.61527
1.61699
1.61739
1.61661
1.61816
1.09172
1.10479
1.11094
1.10808
1.09795
1.08283
1.06097
1.03985
1.02893
1.02665
1.0306
1.04453
1.06806
1.09457
1.12095
1.14616
1.17064
1.19466
1.21812
1.24129
1.26355
1.28497
1.30467
1.32284
1.33852
1.35215
1.36292
1.37124
1.37653
1.37961
1.38105
1.38084
1.37749
1.37179
1.36444
1.35735
1.35085
1.34541
1.34121
1.33801
1.33589
1.33442
1.33374
1.33356
1.33405
1.3351
1.33668
1.33833
1.34012
1.3422
1.34491
1.34827
1.35204
1.35621
1.36073
1.36559
1.37076
1.3762
1.38191
1.38782
1.39399
1.40032
1.40695
1.41364
1.42054
1.42741
1.43454
1.44156
1.44894
1.45611
1.46371
1.47101
1.47879
1.48617
1.49404
1.50146
1.50935
1.51677
1.52461
1.53201
1.53974
1.54712
1.55468
1.56199
1.56929
1.57643
1.58338
1.59013
1.5966
1.60265
1.60834
1.6134
1.61802
1.62176
1.6244
1.62564
1.62565
1.62475
1.62275
1.62377
1.09478
1.09416
1.08604
1.07321
1.05414
1.03064
1.0106
1.0013
1.00034
1.00596
1.02174
1.04569
1.07074
1.09521
1.11849
1.14141
1.164
1.18707
1.20992
1.23296
1.25544
1.27751
1.29829
1.31799
1.33567
1.35187
1.36544
1.37709
1.38586
1.39247
1.39643
1.39876
1.39977
1.39872
1.39476
1.3891
1.3826
1.37644
1.37099
1.36682
1.36375
1.36171
1.36061
1.36019
1.36045
1.36129
1.36269
1.36432
1.36601
1.36786
1.37027
1.37327
1.37678
1.38068
1.38497
1.38959
1.39458
1.39978
1.40536
1.41103
1.41712
1.42322
1.42976
1.43614
1.44291
1.44951
1.45646
1.46328
1.47039
1.47741
1.48469
1.4919
1.49932
1.50666
1.51415
1.52157
1.52906
1.53649
1.54392
1.5513
1.5586
1.56591
1.57301
1.58017
1.587
1.5939
1.6003
1.60668
1.61245
1.61793
1.62274
1.62711
1.63049
1.63289
1.63356
1.6332
1.63194
1.62972
1.62512
1.62432
1.08673
1.07499
1.05768
1.03201
1.00363
0.981824
0.973052
0.972505
0.980184
0.998197
1.02284
1.04773
1.07074
1.09258
1.11365
1.1349
1.1564
1.1785
1.20093
1.22354
1.24608
1.2682
1.28962
1.31007
1.32929
1.34716
1.36328
1.37785
1.39014
1.40042
1.40838
1.41401
1.41765
1.42014
1.42148
1.42
1.41599
1.41021
1.40454
1.39914
1.39479
1.39162
1.38948
1.38851
1.38823
1.38873
1.3899
1.39144
1.39307
1.39477
1.39682
1.39949
1.40265
1.4063
1.41025
1.41463
1.41931
1.42436
1.42968
1.43528
1.44117
1.44721
1.45351
1.45975
1.46629
1.47268
1.47942
1.48596
1.49286
1.49958
1.50664
1.51355
1.52072
1.52778
1.53499
1.54214
1.54935
1.55651
1.56365
1.57072
1.57776
1.58466
1.59153
1.59817
1.60472
1.61098
1.61697
1.62257
1.62765
1.63217
1.63616
1.63917
1.64105
1.6413
1.64044
1.63895
1.63615
1.63089
1.62202
1.61834
1.06842
1.04721
1.01635
0.982709
0.958304
0.949047
0.948159
0.957709
0.977628
1.00331
1.02783
1.05028
1.07089
1.09049
1.11005
1.12999
1.15062
1.17188
1.19374
1.21588
1.23821
1.26029
1.28209
1.30315
1.32358
1.34274
1.36103
1.37754
1.39289
1.40619
1.41787
1.42736
1.43451
1.4397
1.44374
1.44602
1.44681
1.44457
1.43993
1.43455
1.42911
1.42443
1.42099
1.41839
1.41724
1.41669
1.41731
1.41848
1.42007
1.42161
1.42343
1.42574
1.42865
1.43201
1.43574
1.43987
1.44434
1.44917
1.45429
1.45969
1.46535
1.4712
1.47714
1.48324
1.4894
1.4957
1.50206
1.50851
1.51507
1.52165
1.52842
1.53513
1.54206
1.5489
1.55591
1.5628
1.56983
1.57669
1.58364
1.59036
1.59716
1.60363
1.61018
1.61627
1.62238
1.62795
1.63327
1.63796
1.64215
1.64566
1.64837
1.64951
1.64944
1.64821
1.64629
1.64237
1.63586
1.62672
1.61517
1.61032
1.03881
1.00056
0.961331
0.935416
0.926047
0.926363
0.937855
0.959982
0.986939
1.01205
1.03416
1.05383
1.07229
1.09027
1.10878
1.12785
1.14776
1.1683
1.18957
1.21122
1.23319
1.25508
1.2769
1.29831
1.3192
1.33939
1.35872
1.37701
1.3942
1.41002
1.42441
1.43702
1.44778
1.45611
1.46281
1.4678
1.47158
1.47303
1.47293
1.46979
1.46505
1.45984
1.45486
1.45091
1.44788
1.44636
1.44566
1.44628
1.44758
1.44904
1.45073
1.45262
1.45523
1.45824
1.46176
1.46554
1.46977
1.47424
1.47913
1.48426
1.48968
1.49524
1.50095
1.5068
1.51271
1.51878
1.52486
1.53112
1.53736
1.54379
1.55017
1.55678
1.56328
1.57002
1.57657
1.5834
1.58991
1.59675
1.60311
1.6098
1.61598
1.62229
1.62817
1.63391
1.63918
1.64413
1.64833
1.65215
1.65509
1.65736
1.65785
1.65727
1.65585
1.65316
1.6484
1.6405
1.63009
1.61886
1.60669
1.60189
0.987964
0.945822
0.917078
0.906029
0.906044
0.919529
0.944213
0.972439
0.998104
1.02027
1.03982
1.05754
1.0748
1.09197
1.10974
1.12818
1.1474
1.16733
1.18788
1.20892
1.2303
1.25186
1.27344
1.2949
1.31606
1.33677
1.35693
1.37627
1.39483
1.41226
1.42866
1.44357
1.45707
1.46873
1.47833
1.48606
1.49252
1.49706
1.49971
1.50082
1.49997
1.49663
1.49146
1.48672
1.48226
1.47905
1.47698
1.47611
1.4765
1.47766
1.47903
1.48058
1.4826
1.48512
1.48826
1.49167
1.49556
1.49966
1.5042
1.50899
1.5141
1.51935
1.5248
1.53038
1.53609
1.54191
1.54785
1.55384
1.56
1.56611
1.57246
1.57864
1.5851
1.59132
1.5978
1.60402
1.61043
1.61662
1.62284
1.62889
1.63479
1.64049
1.64587
1.65091
1.6554
1.65932
1.66249
1.66516
1.66659
1.66665
1.66544
1.66364
1.66019
1.65402
1.64482
1.63364
1.62154
1.6101
1.59916
1.59546
0.924709
0.896196
0.886713
0.888071
0.904652
0.932315
0.960451
0.986299
1.00853
1.02754
1.04484
1.06119
1.07756
1.09429
1.11163
1.12973
1.14848
1.16796
1.188
1.20859
1.22948
1.25072
1.27194
1.29332
1.31438
1.33536
1.35576
1.37585
1.39513
1.41386
1.43152
1.44835
1.46383
1.47808
1.49052
1.50127
1.51003
1.51757
1.5235
1.52767
1.52945
1.53019
1.52829
1.52429
1.51973
1.51479
1.51111
1.50798
1.50666
1.50614
1.50698
1.5082
1.5095
1.51144
1.51385
1.51705
1.52051
1.5244
1.52859
1.53308
1.53788
1.54284
1.54807
1.55343
1.55895
1.56461
1.57032
1.57619
1.58206
1.58808
1.59411
1.60021
1.60636
1.61245
1.61867
1.62464
1.63081
1.63659
1.64254
1.64802
1.65354
1.65843
1.66326
1.66714
1.67073
1.67327
1.67552
1.67614
1.67572
1.67431
1.67159
1.6672
1.65957
1.64944
1.63761
1.62539
1.61361
1.60387
1.59548
1.59326
0.869584
0.863229
0.868517
0.890322
0.922527
0.952384
0.978214
0.999892
1.01844
1.0349
1.05058
1.06597
1.08172
1.09808
1.11502
1.13275
1.15105
1.17006
1.18958
1.20965
1.23005
1.25089
1.27179
1.29297
1.31393
1.33497
1.35561
1.37607
1.39594
1.41537
1.43407
1.45203
1.4691
1.48503
1.49982
1.51302
1.52469
1.5344
1.54296
1.55019
1.55524
1.55803
1.55907
1.55857
1.55568
1.55067
1.5458
1.54076
1.5371
1.5345
1.53328
1.53358
1.5344
1.53545
1.537
1.53944
1.54248
1.54613
1.54997
1.55423
1.55871
1.56348
1.56855
1.57375
1.57922
1.58474
1.59046
1.59623
1.60208
1.60806
1.61397
1.62008
1.62599
1.6321
1.63793
1.64391
1.64953
1.65527
1.66051
1.66579
1.67046
1.67487
1.67858
1.68156
1.68387
1.6854
1.68558
1.68452
1.68273
1.67954
1.67345
1.6647
1.65346
1.64145
1.62911
1.61791
1.60842
1.60155
1.59615
1.59541
0.818255
0.833552
0.866505
0.905894
0.939961
0.96795
0.990582
1.00916
1.02554
1.04082
1.05596
1.07136
1.08722
1.10349
1.12042
1.13775
1.15584
1.17428
1.1935
1.213
1.23305
1.2533
1.27397
1.2947
1.31558
1.33641
1.35707
1.37759
1.39769
1.4175
1.4367
1.45538
1.4733
1.4904
1.50648
1.52143
1.53497
1.54694
1.55711
1.56585
1.57372
1.57933
1.58261
1.58344
1.58339
1.58145
1.57702
1.57155
1.56575
1.56124
1.55738
1.55569
1.55487
1.55557
1.55645
1.55786
1.56019
1.56345
1.56714
1.57123
1.57558
1.5803
1.58522
1.59045
1.59585
1.60143
1.60718
1.61297
1.61892
1.62481
1.63087
1.63676
1.64283
1.64865
1.65459
1.66026
1.66584
1.67121
1.67618
1.68094
1.68495
1.68852
1.69106
1.69308
1.69395
1.69382
1.69249
1.6902
1.6856
1.67842
1.66824
1.6568
1.64433
1.63241
1.6215
1.61299
1.60643
1.60284
1.59974
1.60045
0.747902
0.800289
0.859419
0.906207
0.942038
0.969251
0.99047
1.00819
1.02456
1.0404
1.05641
1.0726
1.08921
1.1061
1.12339
1.14104
1.15912
1.17761
1.19654
1.21589
1.23566
1.25563
1.27586
1.29624
1.3167
1.33722
1.35758
1.37793
1.39789
1.41772
1.43698
1.45588
1.47409
1.49169
1.50841
1.52427
1.53891
1.55245
1.56435
1.57467
1.58334
1.59104
1.59689
1.60013
1.6011
1.6008
1.59944
1.59587
1.59049
1.58463
1.57909
1.57485
1.5721
1.57089
1.5712
1.57207
1.57343
1.57576
1.57899
1.583
1.58733
1.59204
1.59695
1.60218
1.6076
1.61327
1.61909
1.62503
1.63106
1.63715
1.64325
1.64936
1.65541
1.66138
1.66725
1.67286
1.67836
1.68334
1.6881
1.69205
1.69547
1.69774
1.69951
1.69988
1.69929
1.69785
1.69462
1.68888
1.68
1.66932
1.65724
1.64503
1.63328
1.62342
1.61536
1.61013
1.6065
1.60531
1.60398
1.60555
0.653099
0.743179
0.821556
0.877515
0.917064
0.946229
0.969556
0.99002
1.0094
1.02823
1.04689
1.06529
1.08367
1.10199
1.12034
1.13885
1.1575
1.17644
1.1956
1.21508
1.2348
1.25462
1.27461
1.29467
1.3148
1.33494
1.35493
1.37492
1.39452
1.41406
1.43304
1.45177
1.4699
1.48741
1.50436
1.52026
1.53555
1.54944
1.56252
1.57387
1.58411
1.59263
1.60063
1.60666
1.61106
1.61235
1.6122
1.61089
1.60828
1.6035
1.59791
1.59193
1.58732
1.58376
1.58217
1.58192
1.58299
1.5844
1.58657
1.58984
1.59395
1.59855
1.60335
1.6085
1.61377
1.61935
1.62506
1.63096
1.63702
1.64311
1.64935
1.65548
1.66168
1.66769
1.67355
1.6792
1.68436
1.68926
1.69322
1.69665
1.69883
1.70041
1.70079
1.70028
1.69843
1.69433
1.68705
1.67761
1.66623
1.65429
1.64216
1.63141
1.62217
1.61544
1.6107
1.60829
1.60718
1.6072
1.60717
1.60936
0.553655
0.670734
0.760533
0.821674
0.865331
0.898612
0.92733
0.953447
0.978104
1.00131
1.02364
1.04515
1.06595
1.08638
1.10637
1.12631
1.14606
1.16588
1.1857
1.20557
1.22559
1.24559
1.26553
1.28543
1.30525
1.32501
1.34468
1.36415
1.38344
1.40248
1.42117
1.43951
1.45735
1.47467
1.49135
1.50738
1.52259
1.53708
1.55053
1.56314
1.57444
1.58461
1.5934
1.60146
1.60813
1.61274
1.6154
1.61582
1.6149
1.61311
1.60999
1.60494
1.59893
1.5937
1.58944
1.58728
1.58647
1.58735
1.58876
1.59094
1.59409
1.59833
1.60309
1.6083
1.61367
1.61933
1.62513
1.63115
1.63734
1.64359
1.64999
1.65626
1.66257
1.6686
1.67447
1.67989
1.68487
1.68915
1.69245
1.6948
1.6962
1.69669
1.69604
1.69342
1.68794
1.67973
1.66957
1.65808
1.64619
1.63479
1.6248
1.61673
1.61096
1.60717
1.60557
1.60501
1.60559
1.60627
1.60676
1.60896
0.474109
0.598626
0.684509
0.744959
0.791318
0.830747
0.866107
0.898842
0.929166
0.95763
0.984216
1.00941
1.03331
1.05629
1.07849
1.10014
1.12142
1.14234
1.16313
1.18366
1.20419
1.22464
1.24481
1.26488
1.28465
1.30445
1.32386
1.34331
1.3623
1.38125
1.39964
1.41785
1.43544
1.45266
1.46931
1.48541
1.50098
1.51595
1.53024
1.54388
1.55658
1.5684
1.57888
1.58851
1.59694
1.6045
1.60972
1.61331
1.61422
1.61377
1.61197
1.60955
1.60486
1.59934
1.59355
1.58896
1.58606
1.58462
1.58528
1.58688
1.58905
1.59206
1.59626
1.60133
1.60678
1.61255
1.61851
1.6247
1.63104
1.6375
1.64405
1.65054
1.65693
1.66306
1.66882
1.67402
1.67838
1.6818
1.68398
1.68547
1.68601
1.68493
1.68112
1.67455
1.66575
1.65526
1.64368
1.63225
1.62148
1.6126
1.60546
1.60076
1.59785
1.59669
1.59698
1.59769
1.59864
1.60003
1.60112
1.60332
0.417381
0.531533
0.607504
0.664053
0.712385
0.756554
0.797337
0.834842
0.86965
0.901736
0.931915
0.960038
0.986829
1.01221
1.0366
1.0602
1.08301
1.10549
1.12739
1.14914
1.17057
1.19187
1.21305
1.23378
1.25428
1.27433
1.29426
1.31364
1.333
1.35161
1.37033
1.38812
1.40615
1.42319
1.44051
1.45689
1.47343
1.48905
1.50449
1.519
1.53299
1.54582
1.55798
1.56859
1.57859
1.58719
1.59511
1.60071
1.60472
1.60635
1.60629
1.60461
1.60214
1.59853
1.59329
1.58728
1.58228
1.57859
1.57697
1.57715
1.5787
1.58094
1.58419
1.58844
1.59388
1.59982
1.60618
1.61271
1.61941
1.6261
1.63281
1.63929
1.64555
1.65134
1.65646
1.6609
1.66413
1.66653
1.66816
1.66839
1.66628
1.66147
1.654
1.64472
1.63373
1.62234
1.61118
1.60133
1.5932
1.58733
1.58322
1.58141
1.58071
1.58147
1.58244
1.58378
1.58541
1.58776
1.58927
1.59169
0.399436
0.497655
0.557125
0.602073
0.645083
0.687818
0.729377
0.768482
0.805343
0.839666
0.872046
0.902511
0.931372
0.95886
0.984962
1.01022
1.03436
1.05803
1.08094
1.10349
1.1256
1.14734
1.16892
1.19003
1.21063
1.23103
1.25086
1.27066
1.29001
1.3092
1.32826
1.34691
1.36563
1.38378
1.4019
1.41941
1.43656
1.45308
1.46899
1.48417
1.4987
1.51242
1.52543
1.53755
1.54865
1.55905
1.56835
1.57678
1.58303
1.58801
1.59045
1.59105
1.59004
1.5883
1.58507
1.58061
1.57467
1.56963
1.56568
1.56397
1.56393
1.56564
1.56851
1.57208
1.5766
1.58231
1.5888
1.5956
1.6027
1.60958
1.61672
1.62315
1.62964
1.63486
1.63961
1.64281
1.64575
1.64702
1.64662
1.6436
1.63796
1.62981
1.61989
1.60878
1.59754
1.58675
1.57773
1.57016
1.56516
1.56155
1.56007
1.55974
1.56061
1.56175
1.56309
1.56502
1.56726
1.56998
1.57187
1.57441
0.391212
0.484214
0.531845
0.564786
0.598617
0.63539
0.67315
0.710185
0.745717
0.779753
0.812066
0.843027
0.872451
0.900737
0.927745
0.953905
0.979103
1.00361
1.02748
1.05065
1.07348
1.09567
1.11772
1.13941
1.16088
1.18217
1.2031
1.22416
1.24475
1.26545
1.28561
1.30568
1.32506
1.34424
1.3625
1.38059
1.39762
1.41461
1.43058
1.44659
1.46162
1.47667
1.49081
1.50452
1.51732
1.52949
1.54018
1.55053
1.55924
1.5662
1.57158
1.57467
1.57597
1.57562
1.5743
1.57242
1.56928
1.5644
1.55984
1.55617
1.55459
1.55449
1.55611
1.55941
1.56322
1.56775
1.57306
1.57913
1.58548
1.59171
1.59772
1.60312
1.60785
1.61186
1.61516
1.61773
1.6184
1.61717
1.61328
1.60664
1.59807
1.58782
1.57658
1.56575
1.55546
1.54733
1.54064
1.53633
1.5336
1.53226
1.5325
1.53341
1.53453
1.53595
1.53772
1.5402
1.54262
1.54564
1.54757
1.55036
0.384152
0.478077
0.519799
0.544203
0.570285
0.600563
0.632947
0.665683
0.697961
0.729368
0.760004
0.789525
0.818189
0.845817
0.872578
0.898476
0.923654
0.948125
0.972079
0.995535
1.01866
1.04157
1.06423
1.08703
1.10946
1.1319
1.15387
1.17571
1.19706
1.21802
1.23854
1.25842
1.27799
1.29693
1.3156
1.3338
1.3519
1.36945
1.38708
1.4041
1.42104
1.43734
1.45321
1.46834
1.48284
1.49607
1.50884
1.52025
1.53124
1.54061
1.54944
1.55583
1.56179
1.56452
1.56648
1.56641
1.56614
1.5644
1.56107
1.55702
1.5535
1.55147
1.55087
1.55174
1.55422
1.55741
1.56117
1.56534
1.56991
1.57483
1.57915
1.58294
1.58617
1.58867
1.58956
1.58932
1.58666
1.58118
1.57337
1.56367
1.55263
1.54116
1.53034
1.52047
1.51271
1.50652
1.5024
1.49988
1.49846
1.49854
1.49919
1.50016
1.50142
1.50303
1.50503
1.50766
1.51024
1.51352
1.51559
1.51871
0.403982
0.496752
0.531835
0.547596
0.565399
0.58845
0.614335
0.641494
0.669037
0.696538
0.723906
0.750749
0.777048
0.802773
0.827882
0.8525
0.876705
0.90055
0.924153
0.947615
0.970871
0.994149
1.01721
1.04028
1.06315
1.08574
1.10812
1.12992
1.15168
1.1727
1.19381
1.21429
1.23478
1.25499
1.27497
1.2949
1.31446
1.33383
1.35291
1.37141
1.38957
1.40707
1.42391
1.4401
1.45557
1.47031
1.48445
1.49769
1.51036
1.52249
1.5332
1.5434
1.55161
1.55846
1.56304
1.56566
1.56627
1.56659
1.56486
1.56147
1.55637
1.55215
1.54814
1.54637
1.54529
1.54602
1.54741
1.5493
1.55154
1.55403
1.5562
1.55752
1.55798
1.55753
1.55552
1.55075
1.54362
1.53476
1.52384
1.51231
1.50038
1.48937
1.47988
1.47211
1.46654
1.46252
1.46023
1.45897
1.4589
1.45979
1.46096
1.46238
1.46409
1.46659
1.46917
1.47268
1.47574
1.47992
1.48243
1.48664
0.395799
0.493696
0.529777
0.544485
0.559908
0.579894
0.602712
0.626677
0.651244
0.675795
0.700378
0.724633
0.748513
0.772076
0.795307
0.818396
0.841436
0.864495
0.887631
0.910827
0.934014
0.957168
0.980235
1.0031
1.02596
1.04851
1.07096
1.0931
1.11514
1.13699
1.15871
1.18036
1.20182
1.22321
1.24425
1.26523
1.28563
1.30585
1.32539
1.34453
1.36304
1.38092
1.39837
1.41513
1.43156
1.44755
1.46299
1.47827
1.4928
1.50706
1.52039
1.53293
1.54388
1.55347
1.5608
1.56572
1.56805
1.56833
1.56775
1.56579
1.56146
1.55483
1.54857
1.54335
1.53939
1.53686
1.53556
1.53478
1.5347
1.53462
1.53433
1.53293
1.53046
1.52695
1.52093
1.5128
1.50226
1.49044
1.47772
1.46523
1.45392
1.44401
1.43642
1.43051
1.42658
1.4241
1.42282
1.42249
1.42336
1.42465
1.42631
1.42835
1.43064
1.43403
1.4371
1.44139
1.44487
1.44976
1.45258
1.45737
0.407836
0.504208
0.53957
0.552688
0.565364
0.582039
0.601657
0.62276
0.644661
0.666753
0.688819
0.710612
0.732263
0.753715
0.775344
0.797031
0.819092
0.841392
0.863946
0.886706
0.909512
0.932376
0.955197
0.977997
1.00079
1.02353
1.04621
1.06884
1.09138
1.11388
1.13621
1.1585
1.18055
1.20237
1.22388
1.24498
1.26568
1.28587
1.30556
1.3248
1.34351
1.36189
1.37983
1.3976
1.41494
1.43216
1.44895
1.46549
1.48143
1.49695
1.51167
1.52536
1.53782
1.54872
1.55775
1.56465
1.56921
1.57086
1.57089
1.57025
1.56815
1.56323
1.55658
1.5493
1.5431
1.53744
1.53319
1.52931
1.52612
1.52248
1.5185
1.51336
1.50708
1.4989
1.48865
1.47653
1.46336
1.44948
1.43643
1.42438
1.41452
1.40656
1.40072
1.39678
1.39411
1.3929
1.39267
1.39314
1.39469
1.39628
1.39874
1.40084
1.40413
1.4072
1.41109
1.41483
1.41881
1.42291
1.42572
1.42965
0.411437
0.507032
0.544202
0.558734
0.570902
0.585743
0.60313
0.62217
0.642
0.662153
0.682364
0.702583
0.722884
0.743327
0.764118
0.785254
0.806811
0.828701
0.850845
0.87318
0.895629
0.918154
0.940801
0.963476
0.98632
1.00918
1.03211
1.05498
1.07781
1.10056
1.12315
1.14559
1.16775
1.18968
1.21124
1.23242
1.25313
1.27339
1.2932
1.31258
1.33161
1.35032
1.36878
1.38711
1.40515
1.42313
1.4406
1.45788
1.47455
1.49071
1.50617
1.52067
1.53426
1.54641
1.55728
1.56623
1.57324
1.57768
1.57949
1.57962
1.57896
1.57653
1.57129
1.56313
1.55475
1.54616
1.53836
1.53099
1.52368
1.5164
1.50784
1.49866
1.48748
1.47481
1.46042
1.44538
1.43028
1.41608
1.40353
1.39307
1.38474
1.37876
1.37435
1.37175
1.37049
1.36997
1.37048
1.37143
1.37355
1.37546
1.37799
1.38026
1.38347
1.38633
1.39001
1.39307
1.39679
1.39979
1.40234
1.405
0.391524
0.486047
0.525958
0.544116
0.558338
0.574048
0.591712
0.610835
0.630698
0.650975
0.671445
0.692163
0.713098
0.734373
0.755882
0.777705
0.799742
0.821985
0.844405
0.866927
0.889616
0.912387
0.935363
0.958382
0.981576
1.00473
1.02789
1.05092
1.07381
1.09651
1.11899
1.14122
1.16311
1.18472
1.20589
1.22669
1.24705
1.26701
1.28666
1.30592
1.3251
1.34393
1.36283
1.38133
1.39998
1.41813
1.43644
1.45395
1.47156
1.48799
1.50441
1.5195
1.53418
1.54743
1.55966
1.57035
1.57925
1.5861
1.5902
1.59156
1.59162
1.59049
1.58705
1.58062
1.57064
1.56035
1.54872
1.53786
1.52592
1.51417
1.50115
1.48736
1.47177
1.4553
1.43826
1.42162
1.40631
1.39279
1.38168
1.37274
1.36603
1.36116
1.35765
1.3556
1.35444
1.35392
1.3543
1.35496
1.35671
1.35815
1.36012
1.36184
1.36438
1.36665
1.36959
1.37219
1.37528
1.37801
1.38021
1.38273
0.38494
0.473195
0.512872
0.532959
0.548141
0.563813
0.58125
0.600198
0.620151
0.640925
0.662188
0.684052
0.706241
0.728871
0.75166
0.774637
0.79764
0.820604
0.84366
0.866709
0.889977
0.913287
0.936742
0.960169
0.983576
1.00688
1.03003
1.05299
1.07572
1.09814
1.12028
1.142
1.16335
1.18421
1.2046
1.2246
1.24415
1.26353
1.28257
1.30171
1.32063
1.33976
1.35873
1.37777
1.39663
1.41536
1.43386
1.452
1.46976
1.48689
1.50345
1.51936
1.53423
1.54859
1.56136
1.57352
1.58353
1.59236
1.59852
1.60187
1.60259
1.60236
1.60053
1.59575
1.58664
1.57491
1.56066
1.54584
1.52964
1.51294
1.49524
1.47675
1.45765
1.4385
1.42028
1.40365
1.38928
1.3773
1.36772
1.36022
1.35453
1.35023
1.34718
1.34491
1.34355
1.34274
1.34248
1.3427
1.3437
1.34452
1.34589
1.34715
1.34926
1.35125
1.35389
1.3566
1.35945
1.3625
1.36458
1.36757
0.380975
0.466496
0.508277
0.529876
0.544742
0.559382
0.575835
0.593995
0.613377
0.63372
0.655323
0.67816
0.701584
0.725305
0.749115
0.772908
0.796629
0.820312
0.843963
0.867663
0.891359
0.915202
0.938918
0.962737
0.986173
1.00955
1.03244
1.05522
1.07757
1.0997
1.12143
1.14273
1.16356
1.18385
1.20365
1.22311
1.24213
1.26122
1.27994
1.29909
1.31789
1.33721
1.35615
1.37552
1.39443
1.41346
1.43197
1.45037
1.46806
1.48569
1.5022
1.51874
1.5339
1.549
1.56244
1.5755
1.5868
1.59683
1.6049
1.61025
1.61228
1.61274
1.61162
1.60819
1.60059
1.58853
1.57262
1.55416
1.53359
1.51178
1.48927
1.46659
1.44454
1.42399
1.40554
1.38986
1.37677
1.36636
1.35811
1.35181
1.34693
1.3433
1.34058
1.33866
1.33732
1.33652
1.33616
1.33626
1.337
1.33762
1.33872
1.33989
1.34185
1.34383
1.34641
1.34927
1.3521
1.35534
1.35742
1.36063
0.411584
0.489985
0.537092
0.559204
0.571633
0.582839
0.59512
0.608839
0.62389
0.640044
0.658138
0.678731
0.700506
0.722633
0.745373
0.768188
0.791339
0.814569
0.837824
0.861298
0.884622
0.908265
0.931628
0.955205
0.978355
1.00158
1.02434
1.04709
1.06943
1.09164
1.11349
1.13499
1.1561
1.17672
1.19698
1.21681
1.2364
1.25583
1.27511
1.29456
1.31385
1.3335
1.35286
1.3726
1.39185
1.41129
1.43013
1.44892
1.46704
1.48508
1.50209
1.5192
1.53501
1.55064
1.56517
1.57872
1.59137
1.6022
1.61176
1.61865
1.62208
1.62297
1.62245
1.61999
1.61363
1.60212
1.58501
1.56424
1.53987
1.51376
1.48697
1.46102
1.43703
1.41586
1.39774
1.38292
1.37091
1.36154
1.35415
1.34855
1.34419
1.34094
1.3385
1.33671
1.33553
1.33472
1.33437
1.33443
1.33508
1.33563
1.33666
1.33774
1.33963
1.34154
1.34409
1.34685
1.34967
1.35281
1.35487
1.35798
0.381719
0.462729
0.508197
0.531905
0.546614
0.560062
0.575077
0.591843
0.610036
0.629233
0.649933
0.672663
0.696492
0.720449
0.744838
0.769054
0.793447
0.817678
0.841798
0.865926
0.889747
0.913786
0.937443
0.961288
0.984611
1.00792
1.03067
1.0533
1.0755
1.09748
1.11906
1.14018
1.16087
1.18093
1.20067
1.21981
1.23895
1.25773
1.27674
1.29573
1.31491
1.33422
1.35355
1.37298
1.39217
1.41133
1.43007
1.44858
1.46661
1.4843
1.50134
1.51807
1.53394
1.54931
1.56395
1.57738
1.5903
1.60117
1.6112
1.61847
1.62258
1.62338
1.62303
1.62087
1.61511
1.60405
1.58677
1.56479
1.53864
1.51028
1.48155
1.4542
1.42978
1.40876
1.39151
1.37753
1.36649
1.35775
1.3509
1.34559
1.3414
1.33829
1.33588
1.33419
1.333
1.33232
1.33205
1.33222
1.33301
1.33371
1.33491
1.33616
1.33825
1.34038
1.34308
1.34612
1.34905
1.3525
1.35464
1.35805
)
;

boundaryField
{
    inlet
    {
        type            calculated;
        value           uniform 3.00001;
    }
    outlet
    {
        type            calculated;
        value           nonuniform List<scalar> 
40
(
0.995646
1.09719
1.19472
1.28336
1.35483
1.41019
1.45864
1.50212
1.53557
1.55861
1.58285
1.59653
1.60903
1.61816
1.62377
1.62432
1.61834
1.61032
1.60189
1.59546
1.59326
1.59541
1.60045
1.60555
1.60936
1.60896
1.60332
1.59169
1.57441
1.55036
1.51871
1.48664
1.45737
1.42965
1.405
1.38273
1.36757
1.36063
1.35798
1.35805
)
;
    }
    bottom
    {
        type            symmetryPlane;
    }
    top
    {
        type            symmetryPlane;
    }
    obstacle
    {
        type            calculated;
        value           uniform 0;
    }
    defaultFaces
    {
        type            empty;
    }
}


// ************************************************************************* //
