/*--------------------------------*- C++ -*----------------------------------*\
| =========                 |                                                 |
| \\      /  F ield         | OpenFOAM: The Open Source CFD Toolbox           |
|  \\    /   O peration     | Version:  2412                                  |
|   \\  /    A nd           | Website:  www.openfoam.com                      |
|    \\/     M anipulation  |                                                 |
\*---------------------------------------------------------------------------*/
FoamFile
{
    version     2.0;
    format      ascii;
    arch        "LSB;label=32;scalar=64";
    class       volScalarField;
    location    "6";
    object      Ma;
}
// * * * * * * * * * * * * * * * * * * * * * * * * * * * * * * * * * * * * * //

dimensions      [0 0 0 0 0 0 0];

internalField   nonuniform List<scalar> 
5250
(
2.99999
2.99996
2.99986
2.99972
2.99915
2.99833
2.99522
2.98994
2.97287
2.93423
2.83923
2.57213
2.07869
1.07159
0.474176
0.293387
0.322147
0.324964
0.290211
0.236139
0.187575
0.14828
0.109232
0.0672421
0.0358356
2.99999
2.99996
2.99986
2.99973
2.99917
2.99836
2.99529
2.9901
2.97329
2.93527
2.84165
2.57848
2.09085
1.0887
0.484349
0.294016
0.324028
0.327861
0.293531
0.240475
0.193211
0.155264
0.118286
0.080889
0.0573542
2.99999
2.99997
2.99987
2.99974
2.99919
2.99841
2.99544
2.99043
2.97414
2.93744
2.84669
2.59217
2.11757
1.1279
0.508202
0.297856
0.330491
0.336672
0.303493
0.252739
0.20812
0.173064
0.140222
0.109674
0.0925502
2.99999
2.99997
2.99988
2.99975
2.99923
2.99849
2.99566
2.99091
2.97541
2.94071
2.85431
2.6132
2.15903
1.19078
0.545134
0.304984
0.341696
0.351626
0.320125
0.272422
0.23085
0.199061
0.170535
0.145254
0.13134
2.99999
2.99997
2.99988
2.99976
2.99928
2.99858
2.9959
2.99152
2.9769
2.94522
2.86432
2.64173
2.21523
1.28026
0.594913
0.317695
0.35864
0.372957
0.343162
0.298909
0.260299
0.231452
0.206593
0.185306
0.173251
2.99999
2.99997
2.99989
2.99978
2.99933
2.99869
2.99617
2.99223
2.9786
2.95075
2.87629
2.67659
2.28488
1.39864
0.6586
0.341429
0.384458
0.402048
0.373659
0.332654
0.296654
0.270666
0.249144
0.231161
0.221195
2.99999
2.99998
2.9999
2.9998
2.99939
2.99881
2.99648
2.993
2.98053
2.95668
2.88944
2.71508
2.36438
1.54169
0.736682
0.382375
0.423075
0.440963
0.414152
0.375909
0.34122
0.317335
0.299102
0.285401
0.27927
3
2.99998
2.99991
2.99982
2.99945
2.99893
2.99681
2.99374
2.98225
2.96208
2.90089
2.75282
2.43683
1.71417
0.816267
0.421873
0.461177
0.477484
0.456496
0.423957
0.392542
0.371867
0.358126
0.350358
0.35355
3
2.99998
2.99992
2.99984
2.9995
2.99904
2.99712
2.99438
2.9838
2.96638
2.90986
2.78259
2.4896
1.81552
0.90187
0.465591
0.487511
0.500731
0.493973
0.469459
0.44562
0.431362
0.425486
0.430732
0.456754
3
2.99998
2.99993
2.99986
2.99957
2.99915
2.9975
2.99504
2.98586
2.97022
2.92009
2.80668
2.54063
1.91207
1.01188
0.529405
0.504359
0.520477
0.525425
0.512099
0.499127
0.493797
0.50231
0.535565
0.627274
3
2.99999
2.99996
2.99987
2.99973
2.99923
2.99833
2.9956
2.98938
2.97359
2.93211
2.84022
2.56462
2.06324
1.09451
0.599029
0.512749
0.534301
0.550732
0.55022
0.548702
0.557164
0.587796
0.661942
0.82667
3
2.99999
2.99995
2.9999
2.99968
2.99937
2.99816
2.99626
2.98976
2.97697
2.94083
2.85039
2.65369
2.11062
1.28985
0.68719
0.528646
0.550721
0.574798
0.585611
0.595164
0.617464
0.666124
0.75999
0.931563
3
2.99999
2.99996
2.99991
2.99971
2.99944
2.99832
2.99675
2.99039
2.98079
2.94681
2.878
2.70218
2.26059
1.48206
0.789156
0.557033
0.577262
0.60311
0.620497
0.639028
0.672113
0.730421
0.822927
0.966752
3
2.99999
2.99997
2.99993
2.99976
2.99953
2.99859
2.99727
2.99198
2.98406
2.95533
2.90273
2.75303
2.41051
1.71018
0.906825
0.608214
0.621511
0.641639
0.66013
0.681223
0.71822
0.778609
0.862188
0.98228
3
3
2.99997
2.99994
2.99981
2.99962
2.99885
2.99777
2.99343
2.98702
2.96339
2.92101
2.79935
2.51218
1.91249
1.0145
0.665294
0.660525
0.679838
0.700299
0.722119
0.757865
0.816213
0.891021
0.992976
3
3
2.99998
2.99995
2.99985
2.9997
2.99911
2.99826
2.99503
2.98976
2.97236
2.935
2.84029
2.58491
2.10561
1.17505
0.756471
0.690804
0.708749
0.730799
0.757356
0.791841
0.844613
0.913492
1.00183
3
3
2.99999
2.99996
2.99988
2.99976
2.99928
2.9986
2.9959
2.99181
2.97738
2.94925
2.87185
2.67008
2.27433
1.41494
0.880934
0.725531
0.735019
0.755971
0.787065
0.822979
0.870933
0.931725
1.0086
3.00001
3
2.99999
2.99997
2.99991
2.99981
2.99944
2.99891
2.99678
2.99367
2.98224
2.96176
2.90113
2.75123
2.44292
1.69923
1.04687
0.788491
0.774441
0.787447
0.815401
0.851211
0.896526
0.95121
1.01631
3.00001
3
2.99999
2.99998
2.99993
2.99986
2.99958
2.99917
2.99756
2.99521
2.98636
2.97167
2.92427
2.81897
2.57625
1.99952
1.20856
0.864936
0.821191
0.828552
0.849411
0.880394
0.919857
0.96916
1.02718
3.00001
3
3
2.99998
2.99996
2.99988
2.99975
2.99928
2.99856
2.99602
2.99141
2.97756
2.94538
2.86816
2.65461
2.2485
1.40877
0.969863
0.859536
0.862659
0.881664
0.910242
0.943385
0.985907
1.03701
3.00001
3
3
2.99999
2.99997
2.99991
2.99981
2.99943
2.99889
2.99676
2.9936
2.98205
2.96165
2.90064
2.75471
2.44295
1.7567
1.12818
0.916362
0.901338
0.913141
0.938838
0.971022
1.00623
1.04907
3.00001
3.00001
3
3
2.99998
2.99995
2.99983
2.99966
2.99902
2.99803
2.99441
2.98853
2.96872
2.93154
2.82281
2.59782
2.02372
1.32439
0.996065
0.939138
0.943927
0.963773
0.994559
1.02849
1.06578
3.00001
3.00001
3
3
2.99999
2.99996
2.99991
2.99972
2.99943
2.99837
2.99673
2.991
2.98058
2.94958
2.87664
2.71259
2.28235
1.56301
1.11733
0.988091
0.97761
0.988554
1.01311
1.04636
1.08195
3.00001
3.00001
3
3
2.99999
2.99998
2.99992
2.99984
2.99952
2.99905
2.9973
2.99455
2.98515
2.96773
2.91788
2.79902
2.53971
1.97032
1.28275
1.04639
1.01734
1.02186
1.03949
1.06695
1.09886
3.00001
3.00001
3.00001
3
3
2.99998
2.99996
2.99986
2.99973
2.9992
2.99842
2.99553
2.99087
2.97544
2.94447
2.862
2.65757
2.24135
1.47761
1.12188
1.04756
1.04838
1.06517
1.09024
1.11785
3.00001
3.00001
3.00001
3
3
2.99999
2.99997
2.99991
2.99981
2.99943
2.99889
2.99678
2.9937
2.98227
2.96283
2.90452
2.77031
2.47425
1.84004
1.27612
1.09648
1.07977
1.08954
1.11252
1.14159
3.00001
3.00001
3.00001
3.00001
3
3
2.99998
2.99995
2.99985
2.99969
2.9991
2.9982
2.99492
2.98962
2.97187
2.93929
2.84234
2.64938
2.13462
1.49702
1.17972
1.11566
1.1159
1.13223
1.15819
3.00001
3.00001
3.00001
3.00001
3
3
2.99999
2.99996
2.99992
2.99975
2.9995
2.99857
2.99716
2.992
2.98366
2.95643
2.90038
2.76171
2.42492
1.78218
1.31651
1.16746
1.14752
1.15511
1.17494
3.00001
3.00001
3.00001
3.00001
3.00001
3
2.99999
2.99998
2.99994
2.99987
2.99961
2.99923
2.9978
2.99565
2.98796
2.97488
2.93459
2.84521
2.64566
2.16652
1.51604
1.24153
1.18658
1.18343
1.19547
3.00001
3.00001
3.00001
3.00001
3.00001
3
3
2.99999
2.99996
2.99992
2.99974
2.99949
2.99853
2.99714
2.99183
2.98373
2.95568
2.90326
2.76347
2.4396
1.81268
1.36985
1.22928
1.21281
1.21916
3.00001
3.00001
3.00001
3.00001
3.00001
3.00001
3
2.99999
2.99998
2.99994
2.99987
2.99962
2.99925
2.99786
2.99577
2.98825
2.97576
2.9367
2.85285
2.65858
2.20592
1.57514
1.30437
1.24812
1.2445
3.00001
3.00001
3.00001
3.00001
3.00001
3.00001
3
3
2.99999
2.99996
2.99992
2.99976
2.99952
2.99861
2.9973
2.99232
2.98473
2.95851
2.91002
2.77944
2.48174
1.88669
1.44207
1.29313
1.27123
3.00001
3.00001
3.00001
3.00001
3.00001
3.00001
3.00001
3
3
2.99998
2.99994
2.99988
2.99966
2.99931
2.99806
2.99615
2.98947
2.97793
2.94294
2.86508
2.69167
2.2644
1.65093
1.37047
1.30731
3.00001
3.00001
3.00001
3.00001
3.00001
3.00001
3.00001
3
3
2.99999
2.99997
2.99991
2.99983
2.99949
2.999
2.99719
2.9944
2.98483
2.96769
2.91831
2.80373
2.56362
2.00489
1.5322
1.35497
3.00001
3.00001
3.00001
3.00001
3.00001
3.00001
3.00001
3.00001
3
3
2.99999
2.99995
2.9999
2.99969
2.99939
2.99824
2.99661
2.99045
2.9808
2.94928
2.88328
2.73255
2.34494
1.76703
1.44531
3.00001
3.00001
3.00001
3.00001
3.00001
3.00001
3.00001
3.00001
3.00001
3
3
2.99997
2.99994
2.99982
2.99963
2.99895
2.99795
2.99423
2.98856
2.96905
2.93439
2.83555
2.63023
2.14091
1.63622
3.00001
3.00001
3.00001
3.00001
3.00001
3.00001
3.00001
3.00001
3.00001
3
3
2.99999
2.99996
2.99991
2.99974
2.99949
2.99856
2.99717
2.99223
2.98396
2.95843
2.90318
2.77638
2.45397
1.90156
3.00001
3.00001
3.00001
3.00001
3.00001
3.00001
3.00001
3.00001
3.00001
3.00001
3
3
2.99998
2.99995
2.99985
2.99969
2.99912
2.99829
2.99517
2.99044
2.9739
2.94596
2.85983
2.6976
2.25805
3.00001
3.00001
3.00001
3.00001
3.00001
3.00001
3.00001
3.00001
3.00001
3.00001
3
3
2.99999
2.99997
2.99993
2.99979
2.99959
2.99884
2.9977
2.99368
2.98717
2.96627
2.92617
2.82216
2.58771
3.00001
3.00001
3.00001
3.00001
3.00001
3.00001
3.00001
3.00001
3.00001
3.00001
3.00001
3
3
2.99999
2.99995
2.9999
2.99971
2.99943
2.99839
2.99682
2.99135
2.98206
2.95409
2.89291
2.75692
3.00001
3.00001
3.00001
3.00001
3.00001
3.00001
3.00001
3.00001
3.00001
3.00001
3.00001
3.00001
3
3
2.99997
2.99994
2.99982
2.99964
2.99898
2.998
2.99439
2.98885
2.96987
2.93665
2.83997
3.00001
3.00001
3.00001
3.00001
3.00001
3.00001
3.00001
3.00001
3.00001
3.00001
3.00001
3.00001
3
3
2.99999
2.99995
2.9999
2.9997
2.99941
2.99832
2.99666
2.99064
2.98093
2.94914
2.88557
3.00001
3.00001
3.00001
3.00001
3.00001
3.00001
3.00001
3.00001
3.00001
3.00001
3.00001
3.00001
3
3
2.99999
2.99997
2.99991
2.99981
2.99943
2.99887
2.99681
2.99339
2.98235
2.95928
2.89871
3.00001
3.00001
3.00001
3.00001
3.00001
3.00001
3.00001
3.00001
3.00001
3.00001
3.00001
3.00001
3.00001
3
2.99999
2.99997
2.99993
2.99978
2.99955
2.99867
2.99738
2.99239
2.98455
2.95727
2.90381
3.00001
3.00001
3.00001
3.00001
3.00001
3.00001
3.00001
3.00001
3.00001
3.00001
3.00001
3.00001
3.00001
3
2.99999
2.99997
2.99993
2.99979
2.99958
2.99874
2.99752
2.9927
2.98521
2.95879
2.90672
3.00001
3.00001
3.00001
3.00001
3.00001
3.00001
3.00001
3.00001
3.00001
3.00001
3.00001
3.00001
3
3
2.99999
2.99998
2.99992
2.99984
2.9995
2.99902
2.99712
2.9942
2.98383
2.96425
2.9069
3.00001
3.00001
3.00001
3.00001
3.00001
3.00001
3.00001
3.00001
3.00001
3.00001
3.00001
3.00001
3
3
2.99999
2.99998
2.99992
2.99984
2.9995
2.99903
2.99708
2.99427
2.98346
2.96513
2.9067
3.00001
3.00001
3.00001
3.00001
3.00001
3.00001
3.00001
3.00001
3.00001
3.00001
3.00001
3.00001
3.00001
3
2.99999
2.99998
2.99992
2.99984
2.99952
2.99905
2.99721
2.99438
2.98421
2.96533
2.90902
3.00001
3.00001
3.00001
3.00001
3.00001
3.00001
3.00001
3.00001
3.00001
3.00001
3.00001
3.00001
3.00001
3
3
2.99997
2.99994
2.99981
2.99962
2.99889
2.99774
2.99365
2.98603
2.96285
2.90753
3.00001
3.00001
3.00001
3.00001
3.00001
3.00001
3.00001
3.00001
3.00001
3.00001
3.00001
3.00001
3.00001
3
2.99999
2.99998
2.99992
2.99985
2.99953
2.99906
2.99723
2.99442
2.98433
2.96554
2.90954
1.01986
1.01179
0.548552
0.207091
0.143391
0.240246
0.336063
0.384122
0.405365
0.427
0.460374
0.497503
0.530477
0.558971
0.586455
0.615793
0.645983
0.675348
0.701579
0.72468
0.746921
0.77101
0.78998
0.800192
0.805012
0.802256
0.78681
0.754441
0.70978
0.656715
0.600792
0.544063
0.488641
0.43464
0.383572
0.335552
0.29015
0.24701
0.205243
0.165398
0.127847
0.092161
0.0583934
0.0297453
0.0215174
0.0464905
0.0740901
0.10084
0.126571
0.151213
0.174967
0.197838
0.219638
0.240187
0.260049
0.279984
0.299808
0.318913
0.337453
0.355349
0.372917
0.389944
0.406809
0.423188
0.43944
0.455319
0.471058
0.486522
0.501877
0.516969
0.531996
0.546803
0.561536
0.576077
0.590573
0.604892
0.619167
0.633284
0.647387
0.661329
0.675267
0.689031
0.702813
0.71639
0.729974
0.743322
0.75668
0.769778
0.782862
0.795632
0.808335
0.820659
0.832799
0.844423
0.855629
0.866003
0.875494
0.883532
0.889638
0.893978
1.04559
1.01533
0.802288
0.529226
0.413609
0.319462
0.210334
0.105645
0.0619427
0.14373
0.215859
0.272376
0.312125
0.339774
0.366743
0.39814
0.431779
0.46458
0.493946
0.519581
0.543622
0.569351
0.591663
0.603692
0.607183
0.602069
0.582059
0.545227
0.495213
0.438165
0.380128
0.322978
0.268746
0.216342
0.168931
0.125398
0.0867783
0.0573444
0.0455454
0.0617861
0.0893154
0.118179
0.14659
0.17369
0.199459
0.225007
0.250038
0.274219
0.297593
0.320015
0.341694
0.362493
0.382495
0.401281
0.41946
0.43743
0.455504
0.472829
0.489654
0.505887
0.521766
0.53723
0.55246
0.567322
0.582027
0.596403
0.610686
0.624663
0.638608
0.652257
0.665919
0.679297
0.692719
0.705872
0.719087
0.732051
0.745095
0.757898
0.770804
0.783466
0.796253
0.808783
0.821435
0.833819
0.846308
0.858524
0.870813
0.882816
0.894844
0.906572
0.918259
0.929607
0.940788
0.95153
0.96188
0.971576
0.980483
0.988105
0.993824
0.997815
1.0551
1.07927
1.01111
0.869437
0.759908
0.670333
0.582936
0.48059
0.381358
0.295105
0.219295
0.148134
0.0844722
0.0515606
0.0984947
0.14797
0.192138
0.231145
0.264314
0.290903
0.314142
0.338036
0.361782
0.375811
0.376289
0.366745
0.343465
0.30491
0.252345
0.19995
0.151659
0.112757
0.0930712
0.0938614
0.113379
0.140778
0.170462
0.200136
0.228011
0.255121
0.282147
0.308185
0.333471
0.357265
0.380177
0.402115
0.423654
0.44436
0.464588
0.483909
0.502728
0.520819
0.538382
0.55488
0.570655
0.586263
0.602091
0.617586
0.632549
0.646988
0.661062
0.674845
0.688347
0.701654
0.714691
0.727593
0.740236
0.752797
0.765108
0.777386
0.789415
0.801453
0.813244
0.825082
0.836675
0.848349
0.859784
0.87133
0.882638
0.894075
0.905287
0.916633
0.927756
0.938998
0.950012
0.961135
0.972011
0.982987
0.993683
1.00445
1.01491
1.02539
1.03549
1.04557
1.05512
1.06433
1.07252
1.07978
1.08505
1.08874
1.07131
1.12235
1.11792
1.06017
0.988088
0.918778
0.845803
0.768787
0.685242
0.609099
0.539869
0.474117
0.408903
0.342198
0.280843
0.226934
0.176835
0.130147
0.0866173
0.0541806
0.0529272
0.0755432
0.102813
0.126041
0.126867
0.0978287
0.0841408
0.0824093
0.114018
0.14918
0.187806
0.226254
0.262609
0.293847
0.324588
0.353384
0.381231
0.407039
0.431687
0.45486
0.477402
0.498724
0.519249
0.538477
0.557036
0.574608
0.591866
0.608433
0.624616
0.640132
0.655315
0.670064
0.684346
0.697818
0.710686
0.723377
0.736275
0.749227
0.761838
0.774107
0.786161
0.798004
0.809746
0.821337
0.832875
0.844268
0.855641
0.86685
0.878079
0.889103
0.900205
0.911062
0.922038
0.93274
0.943591
0.954146
0.964864
0.97529
0.985897
0.996206
1.0067
1.01688
1.02726
1.03729
1.04753
1.0574
1.06749
1.07721
1.08713
1.09673
1.10655
1.11604
1.12562
1.13472
1.1437
1.15195
1.15974
1.16625
1.17139
1.17438
1.08289
1.14364
1.17204
1.15976
1.12221
1.07967
1.02994
0.976447
0.916721
0.858643
0.801203
0.743531
0.684812
0.627406
0.570859
0.520246
0.473308
0.428077
0.382684
0.338516
0.295159
0.256255
0.221955
0.193157
0.183569
0.198019
0.229942
0.280981
0.334197
0.382703
0.42475
0.461098
0.492745
0.520245
0.545125
0.568154
0.589716
0.609552
0.628155
0.645275
0.661719
0.677134
0.692084
0.706141
0.719785
0.732716
0.745567
0.757762
0.76993
0.781548
0.793202
0.804304
0.815532
0.825974
0.836129
0.845719
0.85581
0.865942
0.876206
0.885938
0.895772
0.905181
0.914854
0.924189
0.93383
0.943184
0.95283
0.962242
0.971901
0.981377
0.991047
1.00058
1.01025
1.01983
1.02952
1.03913
1.04885
1.05849
1.06825
1.07791
1.08768
1.09734
1.10708
1.11668
1.12635
1.13589
1.14553
1.15508
1.1647
1.17417
1.18359
1.19276
1.20186
1.21058
1.21913
1.22707
1.23455
1.24092
1.24599
1.24889
1.0874
1.15404
1.19501
1.21037
1.20038
1.18025
1.15203
1.11898
1.08028
1.03983
0.99802
0.95452
0.909629
0.862777
0.817871
0.772433
0.728881
0.686183
0.644347
0.601922
0.561574
0.524205
0.491563
0.465888
0.455213
0.458491
0.481106
0.519987
0.568171
0.615059
0.656712
0.689861
0.715354
0.734701
0.750671
0.76455
0.777572
0.78937
0.800276
0.810213
0.819637
0.828593
0.837389
0.845832
0.854232
0.862504
0.870798
0.879037
0.887412
0.895667
0.904006
0.91233
0.920792
0.929021
0.936955
0.944608
0.952537
0.960848
0.969413
0.977874
0.986297
0.99461
1.00297
1.01126
1.01968
1.02804
1.03656
1.04502
1.05363
1.06219
1.0709
1.07953
1.08832
1.09699
1.10585
1.11455
1.12346
1.13219
1.14114
1.1499
1.15887
1.16765
1.17662
1.18547
1.19454
1.2035
1.21261
1.22154
1.23057
1.23943
1.24834
1.25703
1.2657
1.27406
1.28227
1.28999
1.29728
1.30362
1.30874
1.31168
1.08797
1.15603
1.20554
1.23512
1.246
1.24299
1.23196
1.21401
1.19205
1.16567
1.13874
1.1087
1.07809
1.04441
1.01062
0.975964
0.941669
0.906422
0.869761
0.832011
0.792341
0.754182
0.7178
0.690215
0.669712
0.663129
0.67989
0.720138
0.770209
0.819266
0.86177
0.896506
0.91882
0.93011
0.934278
0.935965
0.937964
0.940154
0.942917
0.945712
0.948857
0.952096
0.955599
0.959271
0.963278
0.967459
0.972093
0.976869
0.982154
0.987435
0.993249
0.998977
1.00524
1.01135
1.01758
1.02329
1.02945
1.03571
1.04274
1.04959
1.05678
1.06373
1.07101
1.07811
1.08556
1.09289
1.10056
1.10813
1.116
1.12382
1.13188
1.13994
1.14816
1.15643
1.16481
1.17326
1.18179
1.1904
1.19903
1.20773
1.21643
1.22524
1.23405
1.2429
1.25167
1.26045
1.26916
1.27785
1.28649
1.29506
1.30359
1.31196
1.32031
1.32836
1.33635
1.34383
1.35105
1.3573
1.36258
1.36548
1.08713
1.15355
1.20744
1.24585
1.26996
1.28029
1.28298
1.27732
1.26769
1.25349
1.23782
1.21945
1.19957
1.17771
1.15399
1.12993
1.1041
1.0784
1.04791
1.01638
0.978366
0.942367
0.905607
0.871729
0.836156
0.820684
0.837778
0.878657
0.92995
0.981092
1.02356
1.05596
1.07855
1.0892
1.08618
1.07735
1.0679
1.05971
1.05421
1.05052
1.04889
1.04806
1.0483
1.0491
1.05036
1.05208
1.05438
1.05708
1.06034
1.06387
1.06792
1.07214
1.07684
1.08173
1.08676
1.09149
1.09629
1.10129
1.10688
1.1127
1.11872
1.12479
1.131
1.1373
1.14375
1.15031
1.15704
1.16386
1.17085
1.1779
1.18514
1.19241
1.19985
1.20733
1.21498
1.22266
1.23052
1.23841
1.2465
1.25465
1.26302
1.27134
1.27985
1.28828
1.2969
1.30536
1.31401
1.32246
1.33106
1.33943
1.34791
1.35613
1.36442
1.37238
1.38033
1.38783
1.3951
1.40152
1.40701
1.41014
1.08916
1.15039
1.20505
1.24822
1.28044
1.30086
1.31302
1.318
1.31788
1.31378
1.30667
1.29817
1.28669
1.27454
1.25911
1.24427
1.22551
1.20713
1.18235
1.15366
1.11941
1.08491
1.04508
0.996625
0.948528
0.931201
0.950637
0.99073
1.03967
1.09044
1.13477
1.16515
1.189
1.20247
1.20655
1.19996
1.1862
1.1708
1.15662
1.14596
1.13823
1.13325
1.13009
1.12812
1.12694
1.12642
1.12639
1.127
1.1281
1.12968
1.13186
1.13433
1.13744
1.14078
1.14463
1.14826
1.152
1.15576
1.16019
1.16491
1.17011
1.17527
1.18081
1.18626
1.19209
1.19786
1.20401
1.21015
1.21664
1.22316
1.22997
1.23682
1.24391
1.25104
1.2584
1.26578
1.27336
1.28098
1.2888
1.29656
1.30447
1.31232
1.32032
1.3283
1.3364
1.34449
1.35267
1.36083
1.36904
1.37721
1.3854
1.3935
1.40158
1.40948
1.41732
1.4248
1.43207
1.43858
1.44424
1.44749
1.09344
1.14937
1.20219
1.24708
1.28361
1.31082
1.3302
1.34263
1.35023
1.35344
1.35426
1.3523
1.3484
1.34319
1.33531
1.32674
1.31464
1.30064
1.27873
1.25228
1.22134
1.18461
1.13551
1.06771
1.01481
1.00464
1.02731
1.06458
1.11278
1.16564
1.2117
1.24596
1.26829
1.28517
1.29444
1.29639
1.29033
1.27621
1.25679
1.23788
1.22126
1.20888
1.19966
1.19356
1.18927
1.18643
1.18447
1.18322
1.18258
1.18244
1.18305
1.18413
1.18577
1.18793
1.19069
1.19364
1.19664
1.19963
1.20305
1.20696
1.21137
1.216
1.22089
1.22595
1.23124
1.23667
1.24232
1.24811
1.25411
1.26024
1.26657
1.27303
1.27967
1.28647
1.29346
1.30063
1.308
1.31549
1.32306
1.33072
1.33844
1.3462
1.35405
1.36187
1.36982
1.37769
1.38572
1.39362
1.40172
1.40961
1.41773
1.42556
1.43363
1.44134
1.44923
1.45664
1.46404
1.47062
1.47652
1.47989
1.09889
1.15001
1.20007
1.24485
1.28375
1.31471
1.3395
1.35743
1.37079
1.3799
1.38588
1.38998
1.3914
1.39175
1.38956
1.38552
1.37792
1.36548
1.34517
1.32008
1.28951
1.24405
1.17643
1.09497
1.05105
1.05142
1.07563
1.11277
1.16212
1.2143
1.26013
1.29557
1.32162
1.33904
1.35085
1.35742
1.35866
1.35447
1.34219
1.32312
1.30159
1.28166
1.26509
1.25282
1.24396
1.2382
1.2342
1.23171
1.22989
1.22894
1.22843
1.22857
1.22929
1.23052
1.23242
1.23466
1.2373
1.2397
1.24245
1.24546
1.24921
1.25315
1.25746
1.26188
1.26662
1.27148
1.27665
1.28197
1.28758
1.2933
1.29931
1.30541
1.3118
1.31824
1.32504
1.33184
1.33895
1.34599
1.35335
1.36062
1.36821
1.37568
1.38345
1.39106
1.39895
1.40664
1.4146
1.42235
1.43035
1.43813
1.44613
1.4539
1.46184
1.4695
1.47727
1.48468
1.49204
1.49871
1.5047
1.50823
1.10807
1.15377
1.19995
1.24315
1.28241
1.31581
1.34348
1.36597
1.38331
1.39709
1.4074
1.41537
1.42143
1.42523
1.42736
1.42638
1.42051
1.40652
1.38833
1.36227
1.32527
1.26508
1.17249
1.09452
1.07082
1.0824
1.10723
1.14611
1.19513
1.24456
1.2873
1.32285
1.35171
1.37367
1.38918
1.39934
1.40621
1.40904
1.40712
1.39842
1.38284
1.36163
1.33968
1.31985
1.30383
1.29207
1.28383
1.27847
1.27481
1.27256
1.27091
1.27018
1.2697
1.27006
1.27091
1.27228
1.27424
1.27621
1.27843
1.28075
1.28378
1.28721
1.29112
1.29513
1.2995
1.30396
1.30876
1.31365
1.31886
1.32418
1.32981
1.33554
1.34161
1.3478
1.3543
1.36083
1.36762
1.37443
1.38147
1.3885
1.39575
1.40298
1.41042
1.41779
1.42538
1.43285
1.44055
1.44809
1.45584
1.46341
1.47119
1.47877
1.48652
1.49405
1.50168
1.50903
1.51631
1.523
1.52903
1.53264
1.1212
1.16164
1.20352
1.24376
1.28182
1.31579
1.34537
1.37007
1.39098
1.40768
1.4217
1.43289
1.4417
1.44889
1.45255
1.4531
1.44521
1.43018
1.41085
1.38054
1.32833
1.24109
1.14137
1.08961
1.08464
1.10065
1.1293
1.17028
1.21781
1.26177
1.30096
1.33535
1.36514
1.39022
1.41066
1.42607
1.43664
1.44334
1.44667
1.44666
1.44141
1.4291
1.41041
1.38793
1.36607
1.34702
1.33232
1.3216
1.31459
1.30993
1.30724
1.30545
1.30463
1.30422
1.30449
1.30523
1.30656
1.30817
1.31011
1.31193
1.3143
1.31706
1.32055
1.32422
1.32832
1.33252
1.33711
1.34176
1.34675
1.35179
1.35716
1.3626
1.3684
1.3743
1.38053
1.3868
1.39341
1.4
1.40695
1.41382
1.42104
1.42812
1.43556
1.44281
1.4504
1.45776
1.46544
1.47287
1.48061
1.48807
1.49581
1.50328
1.51099
1.5184
1.526
1.53326
1.54054
1.54719
1.55329
1.5569
1.13418
1.17145
1.20985
1.24786
1.28365
1.31676
1.34668
1.37284
1.39504
1.41442
1.43013
1.44414
1.45491
1.46368
1.46851
1.46614
1.45555
1.44054
1.41497
1.37127
1.29202
1.18471
1.10825
1.08824
1.09699
1.11566
1.14688
1.18872
1.23088
1.26984
1.30571
1.33834
1.36804
1.39455
1.41814
1.43782
1.45399
1.4654
1.47322
1.47755
1.47971
1.47787
1.47033
1.45626
1.4359
1.41401
1.39305
1.37568
1.3623
1.35319
1.34718
1.34372
1.34161
1.34066
1.34021
1.34044
1.34114
1.34226
1.34386
1.3454
1.34726
1.34932
1.3522
1.35542
1.35914
1.36294
1.36715
1.3714
1.37602
1.38069
1.38572
1.39082
1.39634
1.40191
1.40782
1.41375
1.42004
1.4263
1.43292
1.43947
1.44636
1.45316
1.46028
1.46728
1.47458
1.48173
1.48915
1.4964
1.50389
1.5112
1.51872
1.52606
1.53357
1.54089
1.5483
1.5555
1.56263
1.56928
1.57533
1.57903
1.14862
1.18194
1.21713
1.25247
1.28736
1.31963
1.34917
1.37576
1.39883
1.41916
1.43637
1.45093
1.4631
1.47124
1.47377
1.46735
1.45534
1.43472
1.39734
1.32658
1.21983
1.12684
1.09157
1.09155
1.10455
1.12834
1.16253
1.20074
1.23715
1.27176
1.30424
1.33514
1.36407
1.3914
1.41637
1.43923
1.45936
1.47654
1.49032
1.49934
1.50556
1.50882
1.51033
1.50674
1.49685
1.48045
1.45935
1.43737
1.41742
1.40105
1.38923
1.38116
1.37641
1.37352
1.3723
1.37166
1.3719
1.37254
1.37366
1.37499
1.37655
1.37814
1.38035
1.38312
1.38657
1.39021
1.3942
1.39827
1.40265
1.40709
1.41185
1.4167
1.42191
1.42717
1.43281
1.43847
1.44451
1.45054
1.45695
1.4633
1.47002
1.47664
1.4836
1.49044
1.49758
1.5046
1.51189
1.51905
1.52642
1.53368
1.54106
1.54837
1.55572
1.563
1.57024
1.57737
1.58435
1.59091
1.59688
1.60054
1.16827
1.19595
1.22701
1.25925
1.29161
1.32306
1.35175
1.37885
1.40218
1.42341
1.44118
1.4562
1.46761
1.47327
1.47005
1.46
1.44226
1.41016
1.34804
1.24469
1.14183
1.09347
1.08629
1.09492
1.11261
1.14039
1.17436
1.20729
1.23909
1.26981
1.29981
1.32914
1.35768
1.3851
1.41124
1.43581
1.45845
1.47903
1.4971
1.51239
1.52347
1.53105
1.53633
1.53888
1.53916
1.5338
1.52156
1.50339
1.48159
1.46027
1.4414
1.4269
1.41638
1.40999
1.40609
1.40444
1.4037
1.40396
1.40468
1.40577
1.40715
1.40844
1.41008
1.41215
1.41503
1.4183
1.42196
1.42574
1.42983
1.43399
1.43849
1.4431
1.44805
1.45308
1.45847
1.46393
1.46971
1.47556
1.48168
1.48786
1.49427
1.50072
1.50736
1.51402
1.52085
1.52769
1.53467
1.54166
1.54872
1.55581
1.56292
1.57005
1.57715
1.58426
1.5913
1.59827
1.60509
1.61155
1.61741
1.6211
1.1874
1.21434
1.241
1.26886
1.29778
1.32729
1.3549
1.38119
1.40491
1.42606
1.44429
1.45878
1.46781
1.46728
1.45833
1.4429
1.41461
1.3589
1.26164
1.15267
1.09335
1.08085
1.08661
1.09969
1.12207
1.15202
1.18181
1.21053
1.23871
1.26681
1.29509
1.32326
1.35112
1.37853
1.40497
1.43051
1.45448
1.47726
1.49775
1.51661
1.53235
1.54562
1.55471
1.56121
1.56589
1.56793
1.56657
1.55882
1.54464
1.52495
1.5036
1.48289
1.46569
1.45255
1.44398
1.43863
1.43615
1.43503
1.43522
1.43601
1.43723
1.43847
1.43989
1.44151
1.44384
1.44674
1.4501
1.45363
1.45748
1.46145
1.46571
1.47014
1.47485
1.47969
1.48481
1.49005
1.49555
1.50117
1.50702
1.51297
1.51913
1.52536
1.53179
1.53825
1.54489
1.55156
1.55836
1.56518
1.57208
1.57899
1.58593
1.59287
1.59979
1.60668
1.61351
1.62024
1.62682
1.63301
1.63868
1.64218
1.20324
1.23074
1.25653
1.28271
1.30735
1.33348
1.35921
1.38401
1.40704
1.42762
1.44491
1.45747
1.46008
1.45306
1.43968
1.414
1.36306
1.27151
1.16287
1.09569
1.07689
1.08012
1.0899
1.10857
1.13449
1.1617
1.18743
1.21294
1.23858
1.26476
1.29155
1.31842
1.34566
1.37226
1.39885
1.4242
1.44923
1.47259
1.4952
1.51586
1.53502
1.55199
1.56598
1.57784
1.58566
1.59217
1.59591
1.59731
1.59429
1.58461
1.5683
1.54805
1.52678
1.50758
1.49194
1.48077
1.47368
1.46979
1.46835
1.46816
1.46916
1.47036
1.4717
1.47301
1.47487
1.47719
1.48015
1.48332
1.48686
1.49055
1.49456
1.49872
1.50316
1.50771
1.51255
1.51747
1.52269
1.52797
1.53355
1.53915
1.54504
1.55093
1.55709
1.56325
1.56963
1.576
1.58255
1.58908
1.59574
1.60238
1.6091
1.61578
1.62251
1.62915
1.63578
1.64225
1.64861
1.65457
1.66002
1.66342
1.21727
1.24432
1.26949
1.29454
1.31927
1.34296
1.36635
1.38844
1.40991
1.42841
1.44332
1.44938
1.44431
1.43184
1.40822
1.36117
1.27518
1.16828
1.09556
1.07253
1.07434
1.08296
1.09944
1.12299
1.14684
1.16992
1.19217
1.21522
1.23856
1.26339
1.28837
1.3146
1.34043
1.36684
1.39254
1.41821
1.4431
1.46728
1.49072
1.5128
1.53409
1.55354
1.57175
1.58762
1.60045
1.61089
1.61805
1.62451
1.62712
1.6277
1.62275
1.61088
1.59313
1.57262
1.552
1.53402
1.51998
1.51056
1.50484
1.50234
1.50164
1.50242
1.50371
1.50484
1.50636
1.5082
1.51077
1.51357
1.51682
1.5202
1.52397
1.52785
1.53208
1.53633
1.54092
1.5455
1.55043
1.55535
1.56061
1.56585
1.57141
1.57694
1.58278
1.58859
1.59467
1.60072
1.607
1.61323
1.61964
1.62599
1.63248
1.63888
1.64537
1.65174
1.65811
1.66431
1.67038
1.67605
1.68119
1.68445
1.23551
1.25893
1.28212
1.30525
1.32852
1.3511
1.37361
1.39448
1.41318
1.42863
1.43634
1.43292
1.42085
1.39851
1.35414
1.27282
1.16833
1.09376
1.06821
1.06837
1.07596
1.09151
1.11349
1.13567
1.15629
1.17613
1.19624
1.2173
1.23942
1.26277
1.28685
1.31183
1.3369
1.36264
1.38791
1.4136
1.43833
1.46323
1.48698
1.51044
1.5329
1.55413
1.57456
1.59266
1.61001
1.62404
1.63626
1.64512
1.65259
1.65755
1.65971
1.65861
1.6515
1.63761
1.61874
1.59782
1.57816
1.56142
1.54927
1.54127
1.5372
1.53559
1.53597
1.53701
1.53823
1.53958
1.54165
1.54408
1.54709
1.55016
1.55372
1.55728
1.56131
1.56527
1.56964
1.57395
1.57862
1.58324
1.5882
1.59314
1.59837
1.6036
1.6091
1.61459
1.62032
1.62606
1.63198
1.6379
1.64395
1.64999
1.65612
1.66221
1.66833
1.67438
1.68037
1.68625
1.6919
1.69722
1.70191
1.70496
1.25446
1.27254
1.29704
1.31833
1.33971
1.36056
1.38091
1.39983
1.41589
1.42445
1.42191
1.40926
1.38734
1.34425
1.26604
1.16377
1.0888
1.0618
1.06134
1.06871
1.08467
1.1064
1.12755
1.14647
1.16436
1.18217
1.20087
1.22071
1.24186
1.26419
1.28745
1.31157
1.33608
1.36116
1.38608
1.41139
1.43604
1.46104
1.48492
1.50916
1.53174
1.55465
1.57559
1.59638
1.6152
1.63277
1.64843
1.66136
1.67215
1.68029
1.6873
1.69099
1.69211
1.68919
1.67969
1.66381
1.64424
1.62349
1.60485
1.5897
1.5793
1.57286
1.57014
1.56954
1.57048
1.57147
1.57291
1.57487
1.57756
1.58049
1.58377
1.58715
1.59085
1.59462
1.59872
1.60281
1.6072
1.61157
1.61623
1.62087
1.62578
1.63071
1.63585
1.64106
1.64642
1.65185
1.65739
1.66299
1.66867
1.67437
1.68011
1.68584
1.69154
1.69721
1.70273
1.70815
1.71327
1.71805
1.72216
1.7248
1.27382
1.28763
1.30849
1.33006
1.35023
1.36933
1.3881
1.40322
1.41336
1.41127
1.39829
1.37638
1.33326
1.25606
1.15556
1.08221
1.05594
1.05577
1.06327
1.07963
1.10217
1.12254
1.14051
1.15652
1.17278
1.18932
1.20748
1.22647
1.24718
1.26851
1.29126
1.31428
1.33833
1.36238
1.38705
1.41153
1.43623
1.46067
1.4849
1.50883
1.53213
1.5552
1.57703
1.59874
1.6186
1.63831
1.65569
1.67234
1.68624
1.6982
1.7077
1.71565
1.72141
1.72379
1.72385
1.71906
1.70744
1.68996
1.66994
1.64998
1.63243
1.61916
1.6103
1.60565
1.60397
1.60429
1.60527
1.60648
1.6086
1.61119
1.61442
1.61754
1.62107
1.62457
1.62842
1.63229
1.63641
1.64057
1.64491
1.64933
1.65389
1.65854
1.66334
1.66819
1.6732
1.67824
1.68344
1.68862
1.69392
1.6992
1.70453
1.70981
1.71507
1.72022
1.72525
1.73005
1.73457
1.73864
1.74202
1.74414
1.29985
1.30605
1.32112
1.34168
1.36082
1.37805
1.39286
1.40266
1.40038
1.38706
1.36469
1.3208
1.24307
1.1439
1.07387
1.05013
1.05124
1.05911
1.07698
1.10038
1.12091
1.13767
1.15281
1.1672
1.18257
1.19861
1.21631
1.23475
1.25482
1.27536
1.29738
1.31955
1.34298
1.3662
1.39046
1.41418
1.43869
1.46244
1.4867
1.51009
1.53366
1.55632
1.57884
1.60048
1.62154
1.64186
1.6609
1.67933
1.69564
1.71118
1.7236
1.73486
1.74342
1.75118
1.75542
1.75716
1.75565
1.74868
1.73547
1.71706
1.69691
1.67783
1.66186
1.65039
1.6433
1.6401
1.63947
1.64022
1.64142
1.64311
1.6459
1.64891
1.65242
1.6557
1.65942
1.66289
1.66684
1.67057
1.67477
1.67875
1.68313
1.68733
1.69184
1.69625
1.70088
1.70548
1.71023
1.71498
1.71981
1.72464
1.72946
1.73424
1.73892
1.74346
1.7478
1.75184
1.7555
1.75865
1.76096
1.76235
1.32749
1.32614
1.33658
1.35295
1.37226
1.38639
1.39491
1.39132
1.376
1.35204
1.30544
1.22483
1.12682
1.06226
1.04254
1.04561
1.05597
1.07645
1.10079
1.12118
1.13718
1.15134
1.16463
1.17874
1.19353
1.20978
1.22692
1.24536
1.26459
1.28487
1.30584
1.32757
1.34987
1.37257
1.39575
1.41894
1.44252
1.46579
1.48939
1.51237
1.53565
1.55808
1.58076
1.60235
1.62411
1.6446
1.66501
1.68407
1.70255
1.71971
1.73546
1.74976
1.76147
1.77209
1.78048
1.78762
1.79051
1.7915
1.78816
1.77895
1.76377
1.74481
1.72484
1.70671
1.69235
1.68256
1.6771
1.67515
1.67535
1.67612
1.67766
1.67995
1.68339
1.68666
1.69039
1.69375
1.69759
1.70111
1.70512
1.70885
1.713
1.71688
1.72112
1.72513
1.72944
1.73358
1.73796
1.74216
1.7466
1.75077
1.75516
1.75918
1.76332
1.76698
1.77057
1.77356
1.77619
1.77806
1.77894
1.77929
1.35933
1.34854
1.35157
1.36395
1.38045
1.39058
1.38578
1.36763
1.3407
1.28935
1.20312
1.10616
1.0482
1.03302
1.038
1.05252
1.07566
1.10042
1.121
1.1372
1.15073
1.16337
1.17643
1.19032
1.20533
1.22137
1.23842
1.25638
1.27514
1.29472
1.31496
1.3359
1.35735
1.37934
1.40164
1.42428
1.44706
1.46999
1.49293
1.51582
1.53863
1.56121
1.58363
1.60559
1.62737
1.64844
1.66932
1.68921
1.70891
1.72733
1.74536
1.76168
1.77695
1.78985
1.80121
1.81061
1.81873
1.82349
1.82493
1.82402
1.81894
1.80747
1.79006
1.77035
1.75065
1.73369
1.72091
1.71285
1.70895
1.70806
1.70858
1.70966
1.71188
1.71508
1.71873
1.72246
1.72624
1.73004
1.73382
1.73769
1.74158
1.74548
1.7495
1.75335
1.75747
1.76126
1.76537
1.76917
1.77313
1.77693
1.7806
1.78421
1.78741
1.79043
1.79289
1.79487
1.7961
1.79639
1.79567
1.79548
1.41803
1.37637
1.37079
1.37422
1.38227
1.3812
1.36263
1.33104
1.27288
1.17894
1.08349
1.03357
1.0235
1.03034
1.04933
1.07606
1.10097
1.12131
1.13725
1.15038
1.16257
1.17492
1.18812
1.20224
1.21745
1.23348
1.25049
1.26815
1.28671
1.30578
1.32569
1.34598
1.36701
1.38828
1.41016
1.4321
1.45453
1.47685
1.49952
1.52193
1.54455
1.56678
1.58909
1.6109
1.63271
1.65398
1.67507
1.69547
1.71554
1.73459
1.7531
1.77031
1.7867
1.80158
1.81496
1.82644
1.83651
1.84503
1.85141
1.8543
1.85423
1.85138
1.84359
1.82984
1.81145
1.79131
1.77251
1.75692
1.74605
1.73956
1.73718
1.73734
1.73814
1.73989
1.74298
1.74677
1.75086
1.75479
1.75879
1.76262
1.76662
1.77043
1.77447
1.77828
1.78223
1.78602
1.78976
1.79348
1.79696
1.80042
1.80358
1.80647
1.80903
1.81104
1.81251
1.8132
1.8129
1.81155
1.80939
1.80895
1.52402
1.40805
1.38693
1.3817
1.37515
1.35611
1.31798
1.25135
1.15113
1.06118
1.02053
1.01616
1.02504
1.04794
1.07807
1.1035
1.12374
1.13935
1.15217
1.16386
1.17574
1.18823
1.20176
1.21618
1.23156
1.24769
1.26463
1.28218
1.30045
1.31923
1.33867
1.35854
1.37899
1.39976
1.42099
1.4424
1.46417
1.48595
1.50804
1.52999
1.55213
1.57399
1.59588
1.61741
1.63877
1.65959
1.68017
1.70016
1.7198
1.73875
1.75726
1.77486
1.79203
1.8079
1.82313
1.83666
1.84885
1.85925
1.86871
1.87621
1.88079
1.88182
1.88045
1.87589
1.86598
1.85034
1.83111
1.81111
1.79343
1.77968
1.77082
1.76633
1.76526
1.7658
1.76709
1.76975
1.77353
1.77754
1.78163
1.78558
1.78946
1.79327
1.79699
1.80077
1.80433
1.80798
1.81135
1.81466
1.81774
1.82049
1.823
1.82492
1.82644
1.82721
1.82712
1.82604
1.8241
1.82133
1.81628
1.81416
1.74964
1.48828
1.41356
1.38562
1.35482
1.30176
1.21732
1.11477
1.03607
1.00601
1.00776
1.02145
1.04786
1.07865
1.10509
1.12558
1.14093
1.15331
1.16494
1.17675
1.1893
1.20257
1.21671
1.23158
1.24722
1.26346
1.28035
1.29775
1.31572
1.33416
1.35315
1.37255
1.39247
1.41266
1.4333
1.45407
1.47517
1.49628
1.51756
1.53871
1.55992
1.5809
1.60188
1.62254
1.64309
1.66325
1.68322
1.70283
1.72211
1.74103
1.75947
1.77751
1.79495
1.81179
1.82788
1.84297
1.85703
1.8695
1.88054
1.89034
1.89879
1.9046
1.90726
1.90636
1.9035
1.89696
1.88454
1.86685
1.84699
1.82799
1.8118
1.80039
1.79363
1.79125
1.79137
1.7924
1.7945
1.79794
1.80208
1.80646
1.81048
1.81457
1.81819
1.82197
1.82533
1.82875
1.83183
1.83468
1.83721
1.83912
1.84068
1.84132
1.84135
1.84057
1.83869
1.83593
1.83101
1.8253
1.8159
1.81134
2.08833
1.64157
1.45242
1.38176
1.29734
1.18172
1.06871
1.00204
0.984673
0.992341
1.01585
1.04875
1.07916
1.10527
1.12607
1.14147
1.15377
1.16524
1.17714
1.18972
1.2031
1.21711
1.23173
1.24685
1.26254
1.2787
1.29541
1.31257
1.33026
1.34836
1.36692
1.38582
1.4051
1.42462
1.44445
1.4644
1.4846
1.5048
1.52513
1.54534
1.56561
1.58573
1.6059
1.62583
1.64577
1.66547
1.68504
1.70431
1.72326
1.74189
1.76011
1.77803
1.79537
1.81236
1.82861
1.84432
1.85906
1.87297
1.88542
1.89676
1.90655
1.91561
1.92223
1.92571
1.92572
1.92321
1.91845
1.90952
1.89494
1.87623
1.85659
1.83885
1.82492
1.81612
1.81198
1.81128
1.81233
1.81427
1.81734
1.82161
1.82615
1.83059
1.83478
1.83862
1.84227
1.84552
1.84857
1.85101
1.853
1.85419
1.85454
1.85435
1.85335
1.85065
1.84629
1.84023
1.83226
1.82224
1.80804
1.80005
2.40699
1.86168
1.50834
1.33972
1.15812
1.01712
0.95616
0.9507
0.966644
1.00076
1.04148
1.0745
1.101
1.12206
1.13758
1.14963
1.1609
1.17275
1.18557
1.19933
1.21377
1.22876
1.24405
1.25968
1.27562
1.29199
1.30869
1.32581
1.34327
1.3611
1.3792
1.39761
1.41621
1.43505
1.45403
1.47321
1.49247
1.51182
1.53125
1.55064
1.57015
1.58944
1.60884
1.62793
1.64713
1.66591
1.68477
1.70308
1.72148
1.73926
1.75709
1.77427
1.79136
1.80787
1.82399
1.83959
1.85447
1.86874
1.88195
1.89428
1.90504
1.91508
1.92366
1.93122
1.93561
1.93735
1.9351
1.93174
1.92535
1.91419
1.89747
1.87829
1.85949
1.84369
1.83282
1.8269
1.82509
1.82583
1.82775
1.83052
1.83453
1.83924
1.84392
1.84823
1.85219
1.8556
1.85849
1.86053
1.86175
1.86219
1.86216
1.86098
1.85749
1.85213
1.84494
1.83551
1.82272
1.80843
1.79109
1.78192
2.64575
2.17788
1.63143
1.22291
0.955234
0.884193
0.896831
0.926281
0.971817
1.02038
1.05913
1.08775
1.10933
1.12578
1.13929
1.15223
1.16509
1.17866
1.19267
1.20755
1.22272
1.2385
1.25435
1.27066
1.28691
1.30362
1.3203
1.33744
1.35454
1.37205
1.38949
1.4073
1.42503
1.44311
1.46111
1.47936
1.49752
1.51586
1.53411
1.55245
1.57068
1.58891
1.60706
1.62507
1.64306
1.66076
1.67851
1.69582
1.71326
1.73007
1.74713
1.76333
1.77997
1.79541
1.81148
1.82603
1.8413
1.85476
1.86894
1.88095
1.89359
1.90356
1.91425
1.92251
1.93089
1.93574
1.93888
1.9382
1.93532
1.93083
1.92247
1.90907
1.8905
1.87181
1.85454
1.84221
1.83441
1.83135
1.83125
1.83341
1.83614
1.83979
1.84432
1.84915
1.85351
1.85731
1.85988
1.86156
1.86248
1.86262
1.861
1.85656
1.85032
1.84219
1.8315
1.81755
1.80092
1.78415
1.76588
1.75731
2.72469
2.35152
1.68658
1.00083
0.704786
0.730034
0.79505
0.868621
0.937275
0.992236
1.03289
1.06302
1.08515
1.10378
1.12124
1.13861
1.15542
1.17226
1.18874
1.2055
1.22207
1.23906
1.25583
1.27303
1.28985
1.30694
1.32367
1.34078
1.35751
1.37463
1.39136
1.40848
1.42519
1.44232
1.45904
1.47621
1.49296
1.51016
1.52692
1.5441
1.56083
1.57794
1.59458
1.61158
1.62805
1.64487
1.66112
1.67773
1.69369
1.71004
1.72567
1.74167
1.75689
1.77244
1.7872
1.80215
1.81636
1.83052
1.84405
1.85717
1.8698
1.88147
1.89273
1.90252
1.91254
1.92016
1.92716
1.93042
1.93194
1.9292
1.92582
1.91963
1.90926
1.89294
1.87445
1.85635
1.8426
1.8331
1.82887
1.82758
1.82922
1.83224
1.83554
1.83946
1.84374
1.84727
1.84958
1.85118
1.85164
1.84987
1.84559
1.83881
1.83021
1.81803
1.80285
1.78534
1.76708
1.75059
1.73454
1.72812
2.74109
2.42142
1.72496
0.840665
0.467454
0.54333
0.642804
0.748001
0.831599
0.894731
0.943292
0.981112
1.01249
1.04062
1.06639
1.09053
1.11303
1.13429
1.15458
1.17422
1.19338
1.21212
1.23066
1.24893
1.26717
1.28508
1.30273
1.32008
1.33725
1.35423
1.37101
1.38769
1.40418
1.42067
1.43697
1.45334
1.46951
1.48581
1.50189
1.51812
1.53412
1.5503
1.56619
1.58228
1.59805
1.61405
1.62966
1.64555
1.66096
1.67673
1.69188
1.70746
1.72226
1.73759
1.75193
1.76696
1.78072
1.79541
1.80848
1.82271
1.83493
1.84845
1.85954
1.87187
1.88155
1.89262
1.90048
1.90873
1.91302
1.91616
1.91491
1.91236
1.90799
1.90002
1.8865
1.86889
1.85078
1.83601
1.82525
1.81968
1.81722
1.81788
1.81983
1.82283
1.82568
1.82845
1.82979
1.82983
1.82751
1.82284
1.81647
1.80645
1.79321
1.77644
1.75844
1.74039
1.72375
1.71037
1.69846
1.69485
2.75958
2.41005
1.70817
0.752078
0.32032
0.401336
0.50858
0.608459
0.689145
0.75503
0.810141
0.858115
0.90106
0.939919
0.975521
1.00791
1.03797
1.06566
1.09157
1.11553
1.13841
1.15998
1.181
1.20109
1.22088
1.24005
1.259
1.2771
1.29504
1.3123
1.32958
1.34624
1.36304
1.37923
1.39566
1.41148
1.42763
1.44319
1.45917
1.47457
1.49048
1.5058
1.52166
1.53694
1.55276
1.56799
1.58374
1.59891
1.61454
1.62955
1.64502
1.6598
1.67509
1.68958
1.70468
1.7189
1.73377
1.74776
1.76233
1.77612
1.79027
1.80379
1.81729
1.83029
1.84272
1.8549
1.86605
1.87669
1.88522
1.89269
1.89646
1.89835
1.89662
1.89373
1.88786
1.87722
1.86029
1.84322
1.82683
1.81539
1.80722
1.80386
1.80207
1.80268
1.80345
1.80385
1.80306
1.79972
1.79495
1.78705
1.77618
1.76099
1.74357
1.72467
1.70694
1.69085
1.67789
1.66824
1.6603
1.65862
2.7653
2.41953
1.71047
0.733619
0.281592
0.353678
0.433991
0.504991
0.570074
0.629342
0.684355
0.735585
0.783402
0.827484
0.86826
0.905662
0.940166
0.972045
1.00186
1.0299
1.05635
1.08137
1.10503
1.12755
1.14893
1.16944
1.18928
1.20859
1.22712
1.24526
1.26282
1.28016
1.297
1.31374
1.33008
1.3464
1.36245
1.37857
1.39449
1.41057
1.42645
1.44254
1.45839
1.47449
1.49025
1.50628
1.52188
1.53778
1.55319
1.56895
1.58423
1.59987
1.6151
1.63068
1.64597
1.66154
1.67697
1.69258
1.70817
1.72381
1.73946
1.75501
1.77046
1.78557
1.80041
1.81449
1.82836
1.84084
1.85288
1.86252
1.8712
1.87606
1.87882
1.87753
1.87523
1.87043
1.86087
1.84554
1.82755
1.81055
1.79674
1.78692
1.78067
1.77663
1.77401
1.77081
1.76657
1.7603
1.7515
1.73893
1.72309
1.70527
1.68692
1.66983
1.65491
1.64319
1.63409
1.62827
1.62283
1.62265
2.76309
2.45668
1.73984
0.795006
0.318358
0.375536
0.435392
0.480912
0.519223
0.557563
0.59853
0.641325
0.684458
0.726536
0.766756
0.804964
0.84084
0.874795
0.906624
0.936831
0.965184
0.992135
1.01751
1.04174
1.06473
1.08685
1.10795
1.12859
1.14847
1.16783
1.18659
1.20498
1.22293
1.24063
1.25803
1.27528
1.29234
1.3093
1.32616
1.34294
1.35965
1.3763
1.39287
1.40939
1.42584
1.44224
1.45863
1.47498
1.49139
1.5078
1.52434
1.54094
1.55772
1.5746
1.59166
1.60884
1.62616
1.64352
1.66098
1.67828
1.69562
1.71254
1.72937
1.74556
1.7614
1.77642
1.79083
1.80431
1.81694
1.82806
1.83795
1.84542
1.85097
1.85217
1.85107
1.84882
1.84404
1.83461
1.81922
1.8004
1.78136
1.76486
1.75112
1.74068
1.73133
1.72283
1.71265
1.70134
1.68624
1.66946
1.65054
1.63281
1.61595
1.60264
1.59147
1.5841
1.57806
1.57516
1.57123
1.57248
2.77014
2.46286
1.75272
0.80435
0.319293
0.377191
0.437778
0.479533
0.505512
0.527979
0.55386
0.584425
0.61776
0.652906
0.688197
0.723338
0.757527
0.790704
0.822635
0.853223
0.882626
0.910632
0.93759
0.963244
0.988004
1.01161
1.03443
1.05624
1.07751
1.09804
1.11803
1.13748
1.15652
1.1752
1.19359
1.21172
1.22969
1.24745
1.26515
1.28266
1.3002
1.31752
1.33498
1.35221
1.36967
1.38692
1.40448
1.42186
1.43962
1.45723
1.47527
1.49316
1.5115
1.52962
1.54812
1.56633
1.58477
1.60291
1.62105
1.63892
1.65653
1.67393
1.69082
1.70753
1.72353
1.73932
1.75418
1.76883
1.78225
1.79528
1.80664
1.81711
1.82517
1.83118
1.83297
1.83246
1.83059
1.82608
1.81615
1.80032
1.7793
1.75763
1.736
1.71664
1.69801
1.68061
1.66201
1.64261
1.62162
1.60133
1.58185
1.56553
1.55187
1.542
1.53446
1.52972
1.52597
1.52416
1.52124
1.52295
2.76996
2.46831
1.75978
0.816206
0.329012
0.381109
0.439621
0.481703
0.504863
0.521333
0.539279
0.561732
0.587163
0.614976
0.643959
0.674052
0.704388
0.734959
0.765262
0.795111
0.824385
0.852807
0.880445
0.907085
0.932798
0.957563
0.981367
1.00434
1.02642
1.04797
1.06873
1.08911
1.10886
1.12841
1.14746
1.16642
1.18498
1.20351
1.22171
1.23996
1.25792
1.27604
1.2939
1.31203
1.32993
1.34823
1.36627
1.38487
1.40308
1.42199
1.44031
1.45943
1.47774
1.49697
1.51524
1.53441
1.55257
1.57151
1.58949
1.60802
1.62575
1.6437
1.6611
1.67831
1.69524
1.71152
1.72771
1.74284
1.75791
1.77159
1.78492
1.79644
1.80699
1.81491
1.82041
1.82147
1.82082
1.81839
1.81268
1.8008
1.78152
1.75756
1.73001
1.70184
1.67299
1.64503
1.61708
1.59054
1.56551
1.54398
1.52592
1.51227
1.50198
1.49504
1.49005
1.48698
1.4845
1.48319
1.4808
1.48281
2.77707
2.42801
1.74317
0.761875
0.303918
0.362787
0.426054
0.471103
0.499142
0.519898
0.540283
0.563403
0.58868
0.614687
0.641158
0.66813
0.695426
0.723261
0.751259
0.779399
0.807431
0.83506
0.862303
0.888788
0.914683
0.939716
0.96406
0.987601
1.0104
1.03246
1.05385
1.07461
1.09482
1.11451
1.13378
1.15264
1.17122
1.1895
1.20762
1.22556
1.24342
1.26122
1.27903
1.29684
1.3147
1.33262
1.35061
1.36869
1.38685
1.40511
1.42342
1.44183
1.46025
1.47874
1.49718
1.51565
1.53401
1.55238
1.57057
1.58872
1.60665
1.62448
1.64204
1.65938
1.67644
1.6931
1.70942
1.72513
1.74044
1.75484
1.7687
1.78117
1.79275
1.8021
1.80973
1.81281
1.81276
1.8115
1.80777
1.79941
1.78342
1.75957
1.72882
1.69379
1.65576
1.61794
1.58178
1.54986
1.52276
1.50164
1.48559
1.47437
1.46644
1.46131
1.45768
1.45543
1.45353
1.45242
1.45026
1.45236
2.77112
2.4705
1.76565
0.824034
0.337121
0.384417
0.441957
0.485647
0.508037
0.522151
0.537196
0.556744
0.579323
0.603347
0.628503
0.654532
0.681321
0.708905
0.736876
0.76513
0.793346
0.821204
0.848693
0.875433
0.901591
0.926886
0.95149
0.975273
0.998339
1.02066
1.0423
1.06327
1.08373
1.10362
1.12318
1.14229
1.16121
1.17979
1.19828
1.21654
1.23477
1.25286
1.27098
1.28903
1.30717
1.32528
1.34353
1.36177
1.38021
1.39857
1.4172
1.43565
1.45443
1.47291
1.49175
1.51017
1.52897
1.54726
1.56589
1.58397
1.6023
1.6201
1.63797
1.6554
1.67264
1.68954
1.70596
1.72206
1.7374
1.7523
1.76623
1.77933
1.79114
1.80139
1.80962
1.81426
1.81478
1.81389
1.81084
1.804
1.78955
1.76656
1.73448
1.69542
1.6513
1.60687
1.56537
1.53042
1.50258
1.48214
1.46742
1.45754
1.45073
1.44638
1.44329
1.44135
1.43962
1.43855
1.43644
1.43852
)
;

boundaryField
{
    inlet
    {
        type            calculated;
        value           uniform 3.00001;
    }
    outlet
    {
        type            calculated;
        value           nonuniform List<scalar> 
40
(
0.893978
0.997815
1.08874
1.17438
1.24889
1.31168
1.36548
1.41014
1.44749
1.47989
1.50823
1.53264
1.5569
1.57903
1.60054
1.6211
1.64218
1.66342
1.68445
1.70496
1.7248
1.74414
1.76235
1.77929
1.79548
1.80895
1.81416
1.81134
1.80005
1.78192
1.75731
1.72812
1.69485
1.65862
1.62265
1.57248
1.52295
1.48281
1.45236
1.43852
)
;
    }
    bottom
    {
        type            symmetryPlane;
    }
    top
    {
        type            symmetryPlane;
    }
    obstacle
    {
        type            calculated;
        value           uniform 0;
    }
    defaultFaces
    {
        type            empty;
    }
}


// ************************************************************************* //
