/*--------------------------------*- C++ -*----------------------------------*\
| =========                 |                                                 |
| \\      /  F ield         | OpenFOAM: The Open Source CFD Toolbox           |
|  \\    /   O peration     | Version:  2412                                  |
|   \\  /    A nd           | Website:  www.openfoam.com                      |
|    \\/     M anipulation  |                                                 |
\*---------------------------------------------------------------------------*/
FoamFile
{
    version     2.0;
    format      ascii;
    arch        "LSB;label=32;scalar=64";
    class       faceList;
    location    "constant/polyMesh";
    object      faces;
}
// * * * * * * * * * * * * * * * * * * * * * * * * * * * * * * * * * * * * * //


215
(
4(1 5 29 25)
4(4 28 29 5)
4(2 6 30 26)
4(5 29 30 6)
4(6 30 31 7)
4(3 7 31 27)
4(5 9 33 29)
4(8 32 33 9)
4(6 10 34 30)
4(9 33 34 10)
4(10 34 35 11)
4(7 11 35 31)
4(9 13 37 33)
4(12 36 37 13)
4(10 14 38 34)
4(13 37 38 14)
4(14 38 39 15)
4(11 15 39 35)
4(13 17 41 37)
4(16 40 41 17)
4(14 18 42 38)
4(17 41 42 18)
4(18 42 43 19)
4(15 19 43 39)
4(17 21 45 41)
4(18 22 46 42)
4(19 23 47 43)
4(48 55 97 90)
4(7 31 97 55)
4(49 56 98 91)
4(55 97 98 56)
4(50 57 99 92)
4(56 98 99 57)
4(51 58 100 93)
4(57 99 100 58)
4(52 59 101 94)
4(58 100 101 59)
4(53 60 102 95)
4(59 101 102 60)
4(60 102 103 61)
4(55 62 104 97)
4(11 35 104 62)
4(56 63 105 98)
4(62 104 105 63)
4(57 64 106 99)
4(63 105 106 64)
4(58 65 107 100)
4(64 106 107 65)
4(59 66 108 101)
4(65 107 108 66)
4(60 67 109 102)
4(66 108 109 67)
4(67 109 110 68)
4(62 69 111 104)
4(15 39 111 69)
4(63 70 112 105)
4(69 111 112 70)
4(64 71 113 106)
4(70 112 113 71)
4(65 72 114 107)
4(71 113 114 72)
4(66 73 115 108)
4(72 114 115 73)
4(67 74 116 109)
4(73 115 116 74)
4(74 116 117 75)
4(69 76 118 111)
4(19 43 118 76)
4(70 77 119 112)
4(76 118 119 77)
4(71 78 120 113)
4(77 119 120 78)
4(72 79 121 114)
4(78 120 121 79)
4(73 80 122 115)
4(79 121 122 80)
4(74 81 123 116)
4(80 122 123 81)
4(81 123 124 82)
4(76 83 125 118)
4(77 84 126 119)
4(78 85 127 120)
4(79 86 128 121)
4(80 87 129 122)
4(81 88 130 123)
4(0 24 28 4)
4(4 28 32 8)
4(8 32 36 12)
4(12 36 40 16)
4(16 40 44 20)
4(0 1 25 24)
4(1 2 26 25)
4(2 3 27 26)
4(3 48 90 27)
4(48 49 91 90)
4(49 50 92 91)
4(50 51 93 92)
4(51 52 94 93)
4(52 53 95 94)
4(53 54 96 95)
4(20 44 45 21)
4(21 45 46 22)
4(22 46 47 23)
4(23 47 125 83)
4(83 125 126 84)
4(84 126 127 85)
4(85 127 128 86)
4(86 128 129 87)
4(87 129 130 88)
4(88 130 131 89)
4(0 4 5 1)
4(4 8 9 5)
4(8 12 13 9)
4(12 16 17 13)
4(16 20 21 17)
4(1 5 6 2)
4(5 9 10 6)
4(9 13 14 10)
4(13 17 18 14)
4(17 21 22 18)
4(2 6 7 3)
4(6 10 11 7)
4(10 14 15 11)
4(14 18 19 15)
4(18 22 23 19)
4(3 7 55 48)
4(7 11 62 55)
4(11 15 69 62)
4(15 19 76 69)
4(19 23 83 76)
4(48 55 56 49)
4(55 62 63 56)
4(62 69 70 63)
4(69 76 77 70)
4(76 83 84 77)
4(49 56 57 50)
4(56 63 64 57)
4(63 70 71 64)
4(70 77 78 71)
4(77 84 85 78)
4(50 57 58 51)
4(57 64 65 58)
4(64 71 72 65)
4(71 78 79 72)
4(78 85 86 79)
4(51 58 59 52)
4(58 65 66 59)
4(65 72 73 66)
4(72 79 80 73)
4(79 86 87 80)
4(52 59 60 53)
4(59 66 67 60)
4(66 73 74 67)
4(73 80 81 74)
4(80 87 88 81)
4(53 60 61 54)
4(60 67 68 61)
4(67 74 75 68)
4(74 81 82 75)
4(81 88 89 82)
4(24 25 29 28)
4(28 29 33 32)
4(32 33 37 36)
4(36 37 41 40)
4(40 41 45 44)
4(25 26 30 29)
4(29 30 34 33)
4(33 34 38 37)
4(37 38 42 41)
4(41 42 46 45)
4(26 27 31 30)
4(30 31 35 34)
4(34 35 39 38)
4(38 39 43 42)
4(42 43 47 46)
4(27 90 97 31)
4(31 97 104 35)
4(35 104 111 39)
4(39 111 118 43)
4(43 118 125 47)
4(90 91 98 97)
4(97 98 105 104)
4(104 105 112 111)
4(111 112 119 118)
4(118 119 126 125)
4(91 92 99 98)
4(98 99 106 105)
4(105 106 113 112)
4(112 113 120 119)
4(119 120 127 126)
4(92 93 100 99)
4(99 100 107 106)
4(106 107 114 113)
4(113 114 121 120)
4(120 121 128 127)
4(93 94 101 100)
4(100 101 108 107)
4(107 108 115 114)
4(114 115 122 121)
4(121 122 129 128)
4(94 95 102 101)
4(101 102 109 108)
4(108 109 116 115)
4(115 116 123 122)
4(122 123 130 129)
4(95 96 103 102)
4(102 103 110 109)
4(109 110 117 116)
4(116 117 124 123)
4(123 124 131 130)
4(54 61 103 96)
4(61 68 110 103)
4(68 75 117 110)
4(75 82 124 117)
4(82 89 131 124)
)


// ************************************************************************* //
